  0.100000000000000E+001  0.178269551024074E+002  0.745267515503455E-002  0.131050560419227E+001  0.100050033358353E-002 -0.891347755120372E+001
  0.100000000000000E+001  0.174874649379357E+002  0.261020449486935E-001  0.131009547682269E+001  0.100050033358353E-002 -0.874373246896785E+001
  0.100000000000000E+001  0.170796335973091E+002  0.138096434712678E-001  0.131041702976458E+001  0.100050033358353E-002 -0.853981679865453E+001
  0.100000000000000E+001  0.169058091093568E+002  0.736353582573064E-001  0.130698418254796E+001  0.100050033358353E-002 -0.845290455467839E+001
  0.100000000000000E+001  0.168865780851961E+002  0.290442655109817E-001  0.130998911683909E+001  0.100050033358353E-002 -0.844328904259804E+001
  0.100000000000000E+001  0.168786404270181E+002  0.399456440231615E-001  0.130949599646394E+001  0.100050033358353E-002 -0.843932021350906E+001
  0.100000000000000E+001  0.168762432211414E+002  0.346579874503054E-001  0.130975466763739E+001  0.100050033358353E-002 -0.843812161057071E+001
  0.100000000000000E+001  0.168747822299196E+002  0.374099766159606E-001  0.130962462299315E+001  0.100050033358353E-002 -0.843739111495981E+001
  0.100000000000000E+001  0.168723941162982E+002  0.392390263187646E-001  0.130953268980517E+001  0.100050033358353E-002 -0.843619705814910E+001
  0.100000000000000E+001  0.168711769296535E+002  0.415795737049109E-001  0.130940863748832E+001  0.100050033358353E-002 -0.843558846482674E+001
  0.100000000000000E+001  0.168698166861570E+002  0.457350028107268E-001  0.130917065840518E+001  0.100050033358353E-002 -0.843490834307850E+001
  0.100000000000000E+001  0.168686388006234E+002  0.490029171755781E-001  0.130896756125497E+001  0.100050033358353E-002 -0.843431940031172E+001
  0.100000000000000E+001  0.168669251416128E+002  0.542471884006396E-001  0.130861227565974E+001  0.100050033358353E-002 -0.843346257080642E+001
  0.100000000000000E+001  0.168664773211289E+002  0.546770427356388E-001  0.130858154925023E+001  0.100050033358353E-002 -0.843323866056443E+001
  0.100000000000000E+001  0.168638632865654E+002  0.622043026187335E-001  0.130800405315451E+001  0.100050033358353E-002 -0.843193164328268E+001
  0.100000000000000E+001  0.168609716268070E+002  0.690170953255103E-001  0.130741698285454E+001  0.100050033358353E-002 -0.843048581340351E+001
  0.100000000000000E+001  0.168583938840420E+002  0.741091546074582E-001  0.130693818737321E+001  0.100050033358353E-002 -0.842919694202102E+001
  0.100000000000000E+001  0.168575735563807E+002  0.811961929214937E-001  0.130621477114607E+001  0.100050033358353E-002 -0.842878677819037E+001
  0.100000000000000E+001  0.168570278087325E+002  0.778883658143245E-001  0.130656068712892E+001  0.100050033358353E-002 -0.842851390436626E+001
  0.100000000000000E+001  0.168552059150959E+002  0.858305944143146E-001  0.130570576654245E+001  0.100050033358353E-002 -0.842760295754795E+001
  0.100000000000000E+001  0.168539479115874E+002  0.691088474920092E-001  0.130740865849680E+001  0.100050033358353E-002 -0.842697395579371E+001
  0.100000000000000E+001  0.168534276514718E+002  0.849809439595367E-001  0.130580121484174E+001  0.100050033358353E-002 -0.842671382573588E+001
  0.100000000000000E+001  0.168533678931126E+002  0.343356827820863E-001  0.130976924756488E+001  0.100050033358353E-002 -0.842668394655629E+001
  0.100000000000000E+001  0.168531289044154E+002  0.854911454049283E-001  0.130574401441033E+001  0.100050033358353E-002 -0.842656445220769E+001
  0.100000000000000E+001  0.168529731800778E+002  0.858022323186082E-001  0.130570896812504E+001  0.100050033358353E-002 -0.842648659003891E+001
  0.100000000000000E+001  0.168519754654087E+002  0.828562977119016E-001  0.130603570833389E+001  0.100050033358353E-002 -0.842598773270436E+001
  0.100000000000000E+001  0.168499799029079E+002  0.912258930692079E-001  0.130507733434384E+001  0.100050033358353E-002 -0.842498995145397E+001
  0.100000000000000E+001  0.168489301492555E+002  0.931428521784766E-001  0.130484475320450E+001  0.100050033358353E-002 -0.842446507462773E+001
  0.100000000000000E+001  0.168477359822731E+002  0.951968001855301E-001  0.130459013665243E+001  0.100050033358353E-002 -0.842386799113655E+001
  0.100000000000000E+001  0.168441074316135E+002  0.101168931831414E+000  0.130381795154306E+001  0.100050033358353E-002 -0.842205371580674E+001
  0.100000000000000E+001  0.168421574600906E+002  0.104232866803840E+000  0.130340337209025E+001  0.100050033358353E-002 -0.842107873004528E+001
  0.100000000000000E+001  0.168418876765149E+002  0.104653142042398E+000  0.130334552975164E+001  0.100050033358353E-002 -0.842094383825747E+001
  0.100000000000000E+001  0.168415243300368E+002  0.105210004729447E+000  0.130326852643101E+001  0.100050033358353E-002 -0.842076216501842E+001
  0.100000000000000E+001  0.168406417630020E+002  0.106568010359678E+000  0.130307900775805E+001  0.100050033358353E-002 -0.842032088150098E+001
  0.100000000000000E+001  0.168307088419803E+002  0.115070281089261E+000  0.130183653188502E+001  0.100050033358353E-002 -0.841535442099017E+001
  0.100000000000000E+001  0.168250752696350E+002  0.128658869420124E+000  0.129964996821774E+001  0.100050033358353E-002 -0.841253763481752E+001
  0.100000000000000E+001  0.168249956082843E+002  0.128151063759935E+000  0.129973613511398E+001  0.100050033358353E-002 -0.841249780414217E+001
  0.100000000000000E+001  0.168244541110639E+002  0.129044244448032E+000  0.129958434467216E+001  0.100050033358353E-002 -0.841222705553197E+001
  0.100000000000000E+001  0.168244091584048E+002  0.128400262408962E+000  0.129969389318877E+001  0.100050033358353E-002 -0.841220457920241E+001
  0.100000000000000E+001  0.168224902658320E+002  0.131457695658126E+000  0.129916883002246E+001  0.100050033358353E-002 -0.841124513291599E+001
  0.100000000000000E+001  0.168213174000799E+002  0.132716965057930E+000  0.129894891602824E+001  0.100050033358353E-002 -0.841065870003997E+001
  0.100000000000000E+001  0.168172502961097E+002  0.137545173875509E+000  0.129808594669621E+001  0.100050033358353E-002 -0.840862514805483E+001
  0.100000000000000E+001  0.168159249604790E+002  0.139136095287652E+000  0.129779471029810E+001  0.100050033358353E-002 -0.840796248023948E+001
  0.100000000000000E+001  0.168112022650995E+002  0.142488503439725E+000  0.129716982841441E+001  0.100050033358353E-002 -0.840560113254974E+001
  0.100000000000000E+001  0.168081476796863E+002  0.147899867739030E+000  0.129612910506403E+001  0.100050033358353E-002 -0.840407383984315E+001
  0.100000000000000E+001  0.168048739210869E+002  0.151422095134297E+000  0.129543039551583E+001  0.100050033358353E-002 -0.840243696054347E+001
  0.100000000000000E+001  0.168045973915876E+002  0.668728955175889E-001  0.130760835499230E+001  0.100050033358353E-002 -0.840229869579380E+001
  0.100000000000000E+001  0.168040736486527E+002  0.152509335098276E+000  0.129521131913669E+001  0.100050033358353E-002 -0.840203682432637E+001
  0.100000000000000E+001  0.167986478838054E+002  0.157955590933682E+000  0.129408974000360E+001  0.100050033358353E-002 -0.839932394190269E+001
  0.100000000000000E+001  0.167977847792267E+002  0.158952114506484E+000  0.129388015363016E+001  0.100050033358353E-002 -0.839889238961333E+001
  0.100000000000000E+001  0.167970853574204E+002  0.159526825480550E+000  0.129375866701316E+001  0.100050033358353E-002 -0.839854267871021E+001
  0.100000000000000E+001  0.167926958976379E+002  0.163573460533342E+000  0.129289051507712E+001  0.100050033358353E-002 -0.839634794881893E+001
  0.100000000000000E+001  0.167894430079447E+002  0.167078699165789E+000  0.129212044818610E+001  0.100050033358353E-002 -0.839472150397235E+001
  0.100000000000000E+001  0.167864664655686E+002  0.169949908543258E+000  0.129147715545462E+001  0.100050033358353E-002 -0.839323323278430E+001
  0.100000000000000E+001  0.167838059716275E+002  0.172438262090810E+000  0.129091051016151E+001  0.100050033358353E-002 -0.839190298581374E+001
  0.100000000000000E+001  0.167816247103441E+002  0.174486052284409E+000  0.129043782118744E+001  0.100050033358353E-002 -0.839081235517207E+001
  0.100000000000000E+001  0.167787978610999E+002  0.177207000981484E+000  0.128980084066534E+001  0.100050033358353E-002 -0.838939893054996E+001
  0.100000000000000E+001  0.167779843921524E+002  0.177802368770467E+000  0.128966010697363E+001  0.100050033358353E-002 -0.838899219607619E+001
  0.100000000000000E+001  0.167777591764720E+002  0.178011740684732E+000  0.128961049956195E+001  0.100050033358353E-002 -0.838887958823600E+001
  0.100000000000000E+001  0.167766281089984E+002  0.179024853068185E+000  0.128936960652340E+001  0.100050033358353E-002 -0.838831405449922E+001
  0.100000000000000E+001  0.167722334477382E+002  0.182944995173271E+000  0.128842417969729E+001  0.100050033358353E-002 -0.838611672386908E+001
  0.100000000000000E+001  0.167629875432222E+002  0.190914902986828E+000  0.128643666519787E+001  0.100050033358353E-002 -0.838149377161112E+001
  0.100000000000000E+001  0.167607106704143E+002  0.192827547989102E+000  0.128594661516314E+001  0.100050033358353E-002 -0.838035533520713E+001
  0.100000000000000E+001  0.167562026629434E+002  0.196556407161372E+000  0.128497662615954E+001  0.100050033358353E-002 -0.837810133147169E+001
  0.100000000000000E+001  0.167531655399760E+002  0.199029568087682E+000  0.128432262207589E+001  0.100050033358353E-002 -0.837658276998800E+001
  0.100000000000000E+001  0.167501609733415E+002  0.201451965024050E+000  0.128367378556696E+001  0.100050033358353E-002 -0.837508048667075E+001
  0.100000000000000E+001  0.167429238202194E+002  0.101977248446268E-001  0.131047385424325E+001  0.100050033358353E-002 -0.837146191010971E+001
  0.100000000000000E+001  0.167425482800191E+002  0.207432394839839E+000  0.128203686687902E+001  0.100050033358353E-002 -0.837127414000954E+001
  0.100000000000000E+001  0.167388309106789E+002  0.210291076045844E+000  0.128123673508690E+001  0.100050033358353E-002 -0.836941545533943E+001
  0.100000000000000E+001  0.167356912967985E+002  0.212701549003955E+000  0.128055314864535E+001  0.100050033358353E-002 -0.836784564839926E+001
  0.100000000000000E+001  0.167280527127534E+002  0.218383800868942E+000  0.127890939453068E+001  0.100050033358353E-002 -0.836402635637672E+001
  0.100000000000000E+001  0.167269169761500E+002  0.219219565310042E+000  0.127866378887614E+001  0.100050033358353E-002 -0.836345848807500E+001
  0.100000000000000E+001  0.167189548971390E+002  0.224988788261313E+000  0.127694147556825E+001  0.100050033358353E-002 -0.835947744856951E+001
  0.100000000000000E+001  0.167161902385774E+002  0.226942530407930E+000  0.127634753690777E+001  0.100050033358353E-002 -0.835809511928871E+001
  0.100000000000000E+001  0.167157315409625E+002  0.227264164070737E+000  0.127624924116740E+001  0.100050033358353E-002 -0.835786577048126E+001
  0.100000000000000E+001  0.167156479400456E+002  0.227325666426737E+000  0.127623042847024E+001  0.100050033358353E-002 -0.835782397002278E+001
  0.100000000000000E+001  0.167146525238079E+002  0.228026458456424E+000  0.127601568703211E+001  0.100050033358353E-002 -0.835732626190394E+001
  0.100000000000000E+001  0.167133128823697E+002  0.228968310137313E+000  0.127572598007281E+001  0.100050033358353E-002 -0.835665644118487E+001
  0.100000000000000E+001  0.167132455448158E+002  0.229017139534893E+000  0.127571092613557E+001  0.100050033358353E-002 -0.835662277240792E+001
  0.100000000000000E+001  0.167077924112809E+002  0.232788687281156E+000  0.127453792523610E+001  0.100050033358353E-002 -0.835389620564047E+001
  0.100000000000000E+001  0.167077175399142E+002  0.231471995673068E+000  0.127494973339513E+001  0.100050033358353E-002 -0.835385876995709E+001
  0.100000000000000E+001  0.167059533478057E+002  0.234070388763172E+000  0.127413468809426E+001  0.100050033358353E-002 -0.835297667390287E+001
  0.100000000000000E+001  0.167024391445919E+002  0.236449341796511E+000  0.127338003233134E+001  0.100050033358353E-002 -0.835121957229597E+001
  0.100000000000000E+001  0.167022555196377E+002  0.236481726483450E+000  0.127336970345291E+001  0.100050033358353E-002 -0.835112775981883E+001
  0.100000000000000E+001  0.166941658399166E+002  0.242127988059331E+000  0.127154592953191E+001  0.100050033358353E-002 -0.834708291995831E+001
  0.100000000000000E+001  0.166827190647358E+002  0.249478795074324E+000  0.126910300462982E+001  0.100050033358353E-002 -0.834135953236790E+001
  0.100000000000000E+001  0.166797414920898E+002  0.251459766059178E+000  0.126843133991004E+001  0.100050033358353E-002 -0.833987074604492E+001
  0.100000000000000E+001  0.166611365416871E+002  0.262963864120979E+000  0.126441836955788E+001  0.100050033358353E-002 -0.833056827084354E+001
  0.100000000000000E+001  0.166599138967164E+002  0.263707589614468E+000  0.126415230977158E+001  0.100050033358353E-002 -0.832995694835821E+001
  0.100000000000000E+001  0.166574164173317E+002  0.265217534133351E+000  0.126360965840836E+001  0.100050033358353E-002 -0.832870820866587E+001
  0.100000000000000E+001  0.166559095308723E+002  0.266126815030759E+000  0.126328126870993E+001  0.100050033358353E-002 -0.832795476543614E+001
  0.100000000000000E+001  0.166505129926346E+002  0.269347771097195E+000  0.126210827097069E+001  0.100050033358353E-002 -0.832525649631730E+001
  0.100000000000000E+001  0.166479042390655E+002  0.270929450228804E+000  0.126152668972351E+001  0.100050033358353E-002 -0.832395211953273E+001
  0.100000000000000E+001  0.166367013550625E+002  0.277420367291441E+000  0.125910143771760E+001  0.100050033358353E-002 -0.831835067753125E+001
  0.100000000000000E+001  0.166336189821097E+002  0.279201656008521E+000  0.125842500820336E+001  0.100050033358353E-002 -0.831680949105486E+001
  0.100000000000000E+001  0.166275854115435E+002  0.282459634447509E+000  0.125717566175947E+001  0.100050033358353E-002 -0.831379270577173E+001
  0.100000000000000E+001  0.166197371813755E+002  0.287017649677004E+000  0.125540133057335E+001  0.100050033358353E-002 -0.830986859068775E+001
  0.100000000000000E+001  0.166172369779193E+002  0.288404840196167E+000  0.125485518712536E+001  0.100050033358353E-002 -0.830861848895963E+001
  0.100000000000000E+001  0.166167352553619E+002  0.288682164899331E+000  0.125474565863871E+001  0.100050033358353E-002 -0.830836762768095E+001
  0.100000000000000E+001  0.166107933851835E+002  0.291946305791073E+000  0.125344785774171E+001  0.100050033358353E-002 -0.830539669259175E+001
  0.100000000000000E+001  0.166092207031195E+002  0.292811897392985E+000  0.125310102901206E+001  0.100050033358353E-002 -0.830461035155975E+001
  0.100000000000000E+001  0.166025157629901E+002  0.296432316390447E+000  0.125163820011357E+001  0.100050033358353E-002 -0.830125788149505E+001
  0.100000000000000E+001  0.165898290700755E+002  0.303175489901964E+000  0.124886100252096E+001  0.100050033358353E-002 -0.829491453503777E+001
  0.100000000000000E+001  0.165892192927645E+002  0.303495628659918E+000  0.124872744369689E+001  0.100050033358353E-002 -0.829460964638224E+001
  0.100000000000000E+001  0.165852574351709E+002  0.305567527189725E+000  0.124785931115514E+001  0.100050033358353E-002 -0.829262871758546E+001
  0.100000000000000E+001  0.165820178433710E+002  0.307251261039229E+000  0.124714902164369E+001  0.100050033358353E-002 -0.829100892168552E+001
  0.100000000000000E+001  0.165709455771328E+002  0.312930534779551E+000  0.124472135944597E+001  0.100050033358353E-002 -0.828547278856641E+001
  0.100000000000000E+001  0.165668741720935E+002  0.314996813065353E+000  0.124382588291634E+001  0.100050033358353E-002 -0.828343708604677E+001
  0.100000000000000E+001  0.165665892876207E+002  0.315150838146319E+000  0.124375887011568E+001  0.100050033358353E-002 -0.828329464381036E+001
  0.100000000000000E+001  0.165640945057241E+002  0.316276319386409E+000  0.124326809457443E+001  0.100050033358353E-002 -0.828204725286204E+001
  0.100000000000000E+001  0.165630429068972E+002  0.316931851175570E+000  0.124298134851674E+001  0.100050033358353E-002 -0.828152145344860E+001
  0.100000000000000E+001  0.165626438281437E+002  0.317125025772483E+000  0.124289672320220E+001  0.100050033358353E-002 -0.828132191407183E+001
  0.100000000000000E+001  0.165622226370036E+002  0.317647040914551E+000  0.124266775363568E+001  0.100050033358353E-002 -0.828111131850182E+001
  0.100000000000000E+001  0.165598222543863E+002  0.318538542763033E+000  0.124227574878608E+001  0.100050033358353E-002 -0.827991112719314E+001
  0.100000000000000E+001  0.165479071469193E+002  0.324428892359437E+000  0.123965489800892E+001  0.100050033358353E-002 -0.827395357345965E+001
  0.100000000000000E+001  0.165401969578144E+002  0.328182913889475E+000  0.123795657470347E+001  0.100050033358353E-002 -0.827009847890718E+001
  0.100000000000000E+001  0.165390836188319E+002  0.328735387436633E+000  0.123770478759035E+001  0.100050033358353E-002 -0.826954180941594E+001
  0.100000000000000E+001  0.165326811284703E+002  0.331799923596577E+000  0.123629950965582E+001  0.100050033358353E-002 -0.826634056423514E+001
  0.100000000000000E+001  0.165199102256195E+002  0.337868678467094E+000  0.123347329974292E+001  0.100050033358353E-002 -0.825995511280973E+001
  0.100000000000000E+001  0.165169660232141E+002  0.339233682073701E+000  0.123282965890701E+001  0.100050033358353E-002 -0.825848301160707E+001
  0.100000000000000E+001  0.165118094572201E+002  0.341634792018333E+000  0.123169034129045E+001  0.100050033358353E-002 -0.825590472861006E+001
  0.100000000000000E+001  0.165093200158159E+002  0.342581445096941E+000  0.123123865779371E+001  0.100050033358353E-002 -0.825466000790795E+001
  0.100000000000000E+001  0.164986181148112E+002  0.347704476839526E+000  0.122876965616991E+001  0.100050033358353E-002 -0.824930905740561E+001
  0.100000000000000E+001  0.164973341308003E+002  0.348288990514475E+000  0.122848530730049E+001  0.100050033358353E-002 -0.824866706540015E+001
  0.100000000000000E+001  0.164931114100674E+002  0.350204232927348E+000  0.122754978689029E+001  0.100050033358353E-002 -0.824655570503371E+001
  0.100000000000000E+001  0.164921627634397E+002  0.350639338005099E+000  0.122733644027196E+001  0.100050033358353E-002 -0.824608138171985E+001
  0.100000000000000E+001  0.164887193751336E+002  0.352186631771393E+000  0.122657530206122E+001  0.100050033358353E-002 -0.824435968756682E+001
  0.100000000000000E+001  0.164873296830645E+002  0.352811564035385E+000  0.122626680342586E+001  0.100050033358353E-002 -0.824366484153226E+001
  0.100000000000000E+001  0.164850562171345E+002  0.353830480718472E+000  0.122576247391312E+001  0.100050033358353E-002 -0.824252810856726E+001
  0.100000000000000E+001  0.164850268176903E+002  0.995806687255060E+000  0.119891614190519E+000  0.100050033358353E-002 -0.824251340884514E+001
  0.100000000000000E+001  0.164692990641528E+002  0.360804731806479E+000  0.122226570070511E+001  0.100050033358353E-002 -0.823464953207641E+001
  0.100000000000000E+001  0.164674535435952E+002  0.361620602100380E+000  0.122185151610709E+001  0.100050033358353E-002 -0.823372677179759E+001
  0.100000000000000E+001  0.164661255920736E+002  0.362201994367807E+000  0.122155570980542E+001  0.100050033358353E-002 -0.823306279603682E+001
  0.100000000000000E+001  0.164616807024802E+002  0.364141587369115E+000  0.122056490640338E+001  0.100050033358353E-002 -0.823084035124010E+001
  0.100000000000000E+001  0.164593168276411E+002  0.365164170960531E+000  0.122004008340897E+001  0.100050033358353E-002 -0.822965841382057E+001
  0.100000000000000E+001  0.164501953742670E+002  0.369093993346448E+000  0.121800734523133E+001  0.100050033358353E-002 -0.822509768713349E+001
  0.100000000000000E+001  0.164501183175520E+002  0.369164312321817E+000  0.121797074284628E+001  0.100050033358353E-002 -0.822505915877598E+001
  0.100000000000000E+001  0.164488133792371E+002  0.369686226056743E+000  0.121769882429497E+001  0.100050033358353E-002 -0.822440668961855E+001
  0.100000000000000E+001  0.164432209217203E+002  0.372081034395620E+000  0.121644541185408E+001  0.100050033358353E-002 -0.822161046086014E+001
  0.100000000000000E+001  0.164378806557619E+002  0.374330197652901E+000  0.121525967005058E+001  0.100050033358353E-002 -0.821894032788096E+001
  0.100000000000000E+001  0.164250442002301E+002  0.379586897726429E+000  0.121245590981663E+001  0.100050033358353E-002 -0.821252210011504E+001
  0.100000000000000E+001  0.164235451488404E+002  0.994712968565206E+000  0.134585135345586E+000  0.100050033358353E-002 -0.821177257442022E+001
  0.100000000000000E+001  0.164227037290672E+002  0.380684152008138E+000  0.121186490974457E+001  0.100050033358353E-002 -0.821135186453361E+001
  0.100000000000000E+001  0.164142983996683E+002  0.994543846181328E+000  0.136714960180685E+000  0.100050033358353E-002 -0.820714919983413E+001
  0.100000000000000E+001  0.164095831513107E+002  0.385608123565092E+000  0.120918816128639E+001  0.100050033358353E-002 -0.820479157565537E+001
  0.100000000000000E+001  0.163946516605083E+002  0.392139823157404E+000  0.120557495773227E+001  0.100050033358353E-002 -0.819732583025413E+001
  0.100000000000000E+001  0.163899084606061E+002  0.394038544548079E+000  0.120451117813684E+001  0.100050033358353E-002 -0.819495423030306E+001
  0.100000000000000E+001  0.163886916919578E+002  0.994069181057043E+000  0.142520844605867E+000  0.100050033358353E-002 -0.819434584597889E+001
  0.100000000000000E+001  0.163843578421918E+002  0.396267441796191E+000  0.120325464785056E+001  0.100050033358353E-002 -0.819217892109592E+001
  0.100000000000000E+001  0.163756695422759E+002  0.399705244792434E+000  0.120130009972217E+001  0.100050033358353E-002 -0.818783477113796E+001
  0.100000000000000E+001  0.163722315900723E+002  0.993758865028147E+000  0.146190464771667E+000  0.100050033358353E-002 -0.818611579503616E+001
  0.100000000000000E+001  0.163574810155957E+002  0.406804980184369E+000  0.119719981305561E+001  0.100050033358353E-002 -0.817874050779785E+001
  0.100000000000000E+001  0.163372592242594E+002  0.415553969449970E+000  0.119202775158787E+001  0.100050033358353E-002 -0.816862961212969E+001
  0.100000000000000E+001  0.163299287317170E+002  0.417344297898562E+000  0.119095300512754E+001  0.100050033358353E-002 -0.816496436585849E+001
  0.100000000000000E+001  0.163294440894134E+002  0.417522636077653E+000  0.119084564118972E+001  0.100050033358353E-002 -0.816472204470669E+001
  0.100000000000000E+001  0.163269326178701E+002  0.418473279673258E+000  0.119027239279722E+001  0.100050033358353E-002 -0.816346630893506E+001
  0.100000000000000E+001  0.163257873973286E+002  0.418902062379559E+000  0.119001331498101E+001  0.100050033358353E-002 -0.816289369866431E+001
  0.100000000000000E+001  0.163232159035363E+002  0.419868831745322E+000  0.118942799530671E+001  0.100050033358353E-002 -0.816160795176814E+001
  0.100000000000000E+001  0.163019482617138E+002  0.427764572911900E+000  0.118458605345614E+001  0.100050033358353E-002 -0.815097413085689E+001
  0.100000000000000E+001  0.162941367047583E+002  0.430626792313903E+000  0.118280359094113E+001  0.100050033358353E-002 -0.814706835237913E+001
  0.100000000000000E+001  0.162830723995447E+002  0.434645509641684E+000  0.118027625046205E+001  0.100050033358353E-002 -0.814153619977237E+001
  0.100000000000000E+001  0.162735087527814E+002  0.438094137693602E+000  0.117808434034746E+001  0.100050033358353E-002 -0.813675437639068E+001
  0.100000000000000E+001  0.162698872144379E+002  0.991733870003663E+000  0.168158069733714E+000  0.100050033358353E-002 -0.813494360721895E+001
  0.100000000000000E+001  0.162667308846393E+002  0.440518517680153E+000  0.117653059393871E+001  0.100050033358353E-002 -0.813336544231966E+001
  0.100000000000000E+001  0.162515933581560E+002  0.445885075936749E+000  0.117305332498884E+001  0.100050033358353E-002 -0.812579667907799E+001
  0.100000000000000E+001  0.162482158272683E+002  0.447074160400195E+000  0.117227574972154E+001  0.100050033358353E-002 -0.812410791363413E+001
  0.100000000000000E+001  0.162414832383729E+002  0.449434207355840E+000  0.117072477581020E+001  0.100050033358353E-002 -0.812074161918644E+001
  0.100000000000000E+001  0.162358058082918E+002  0.451413272236409E+000  0.116941628357253E+001  0.100050033358353E-002 -0.811790290414590E+001
  0.100000000000000E+001  0.162323619369055E+002  0.452610416066218E+000  0.116862126633055E+001  0.100050033358353E-002 -0.811618096845274E+001
  0.100000000000000E+001  0.162261715444460E+002  0.454759428463945E+000  0.116718746865491E+001  0.100050033358353E-002 -0.811308577222299E+001
  0.100000000000000E+001  0.162249773369283E+002  0.455165312995119E+000  0.116691570597779E+001  0.100050033358353E-002 -0.811248866846417E+001
  0.100000000000000E+001  0.162246508918251E+002  0.455278139773137E+000  0.116684010774596E+001  0.100050033358353E-002 -0.811232544591257E+001
  0.100000000000000E+001  0.162235365921835E+002  0.455662235733779E+000  0.116658257161648E+001  0.100050033358353E-002 -0.811176829609173E+001
  0.100000000000000E+001  0.162175627408344E+002  0.457783509214676E+000  0.116515531660188E+001  0.100050033358353E-002 -0.810878137041719E+001
  0.100000000000000E+001  0.162056546243254E+002  0.461784071920296E+000  0.116244075935352E+001  0.100050033358353E-002 -0.810282731216268E+001
  0.100000000000000E+001  0.161962463517355E+002  0.464970931623428E+000  0.116025683746553E+001  0.100050033358353E-002 -0.809812317586776E+001
  0.100000000000000E+001  0.161949714442543E+002  0.465399141477262E+000  0.115996193028908E+001  0.100050033358353E-002 -0.809748572212717E+001
  0.100000000000000E+001  0.161868642920963E+002  0.468216030664361E+000  0.115801329411164E+001  0.100050033358353E-002 -0.809343214604813E+001
  0.100000000000000E+001  0.161773919657599E+002  0.471288330050165E+000  0.115587078526570E+001  0.100050033358353E-002 -0.808869598287994E+001
  0.100000000000000E+001  0.161719444233955E+002  0.473089210140158E+000  0.115460654207623E+001  0.100050033358353E-002 -0.808597221169775E+001
  0.100000000000000E+001  0.161697413437140E+002  0.473834089218289E+000  0.115408181055415E+001  0.100050033358353E-002 -0.808487067185701E+001
  0.100000000000000E+001  0.161648642633779E+002  0.475446227338891E+000  0.115294248866378E+001  0.100050033358353E-002 -0.808243213168896E+001
  0.100000000000000E+001  0.161592023492798E+002  0.477310646216436E+000  0.115161863726757E+001  0.100050033358353E-002 -0.807960117463991E+001
  0.100000000000000E+001  0.161568650777539E+002  0.478084224153203E+000  0.115106738023435E+001  0.100050033358353E-002 -0.807843253887695E+001
  0.100000000000000E+001  0.161523505031049E+002  0.989186710093554E+000  0.192206310168379E+000  0.100050033358353E-002 -0.807617525155247E+001
  0.100000000000000E+001  0.161498114510548E+002  0.989128838628858E+000  0.192717153279562E+000  0.100050033358353E-002 -0.807490572552739E+001
  0.100000000000000E+001  0.161422239507282E+002  0.482863682682899E+000  0.114763577328561E+001  0.100050033358353E-002 -0.807111197536412E+001
  0.100000000000000E+001  0.161422229840130E+002  0.482860966382936E+000  0.114763773618702E+001  0.100050033358353E-002 -0.807111149200651E+001
  0.100000000000000E+001  0.161412869170803E+002  0.483165025057253E+000  0.114741792242745E+001  0.100050033358353E-002 -0.807064345854016E+001
  0.100000000000000E+001  0.161275989086380E+002  0.487591573872466E+000  0.114419732981329E+001  0.100050033358353E-002 -0.806379945431899E+001
  0.100000000000000E+001  0.161260580803704E+002  0.488086373690286E+000  0.114383494018280E+001  0.100050033358353E-002 -0.806302904018519E+001
  0.100000000000000E+001  0.161215775869477E+002  0.489525210796116E+000  0.114277839731301E+001  0.100050033358353E-002 -0.806078879347385E+001
  0.100000000000000E+001  0.161202413611159E+002  0.988445080999381E+000  0.198651201781572E+000  0.100050033358353E-002 -0.806012068055793E+001
  0.100000000000000E+001  0.161060490343952E+002  0.494477668626244E+000  0.113911043757843E+001  0.100050033358353E-002 -0.805302451719760E+001
  0.100000000000000E+001  0.161060211735870E+002  0.494486248940290E+000  0.113910404036397E+001  0.100050033358353E-002 -0.805301058679352E+001
  0.100000000000000E+001  0.160976141665722E+002  0.497147363341868E+000  0.113711289474915E+001  0.100050033358353E-002 -0.804880708328611E+001
  0.100000000000000E+001  0.160912623281264E+002  0.499190457888539E+000  0.113557453730217E+001  0.100050033358353E-002 -0.804563116406322E+001
  0.100000000000000E+001  0.160909201363578E+002  0.499256928249301E+000  0.113552434708629E+001  0.100050033358353E-002 -0.804546006817892E+001
  0.100000000000000E+001  0.160877811444484E+002  0.108852645198263E-001  0.131046435530511E+001  0.100050033358353E-002 -0.804389057222419E+001
  0.100000000000000E+001  0.160859750514938E+002  0.500806992130503E+000  0.113435140340993E+001  0.100050033358353E-002 -0.804298752574692E+001
  0.100000000000000E+001  0.160827125631106E+002  0.110112502914692E-001  0.131046254753386E+001  0.100050033358353E-002 -0.804135628155530E+001
  0.100000000000000E+001  0.160793886668290E+002  0.502869567687887E+000  0.113278310663973E+001  0.100050033358353E-002 -0.803969433341449E+001
  0.100000000000000E+001  0.160782023249846E+002  0.503237798194275E+000  0.113250221224640E+001  0.100050033358353E-002 -0.803910116249229E+001
  0.100000000000000E+001  0.160780021174861E+002  0.503294520839657E+000  0.113245891848342E+001  0.100050033358353E-002 -0.803900105874304E+001
  0.100000000000000E+001  0.160762905845393E+002  0.503833929352410E+000  0.113204688632853E+001  0.100050033358353E-002 -0.803814529226966E+001
  0.100000000000000E+001  0.160698569806980E+002  0.505848647895794E+000  0.113050268817226E+001  0.100050033358353E-002 -0.803492849034899E+001
  0.100000000000000E+001  0.160682695480079E+002  0.506326786999782E+000  0.113013499888204E+001  0.100050033358353E-002 -0.803413477400397E+001
  0.100000000000000E+001  0.160566259628802E+002  0.509923902366084E+000  0.112735380348157E+001  0.100050033358353E-002 -0.802831298144011E+001
  0.100000000000000E+001  0.160528456017812E+002  0.511084547758176E+000  0.112645074781151E+001  0.100050033358353E-002 -0.802642280089058E+001
  0.100000000000000E+001  0.160407110381388E+002  0.514800511510516E+000  0.112354075991694E+001  0.100050033358353E-002 -0.802035551906939E+001
  0.100000000000000E+001  0.160310993656120E+002  0.517725046121321E+000  0.112123035874002E+001  0.100050033358353E-002 -0.801554968280600E+001
  0.100000000000000E+001  0.160213551784603E+002  0.520654268085226E+000  0.111889831209596E+001  0.100050033358353E-002 -0.801067758923014E+001
  0.100000000000000E+001  0.160132092695001E+002  0.523109367375536E+000  0.111692981537923E+001  0.100050033358353E-002 -0.800660463475003E+001
  0.100000000000000E+001  0.160053748160032E+002  0.525473153670751E+000  0.111502247675033E+001  0.100050033358353E-002 -0.800268740800161E+001
  0.100000000000000E+001  0.160050008852150E+002  0.525585008223083E+000  0.111493192719595E+001  0.100050033358353E-002 -0.800250044260750E+001
  0.100000000000000E+001  0.159975259998231E+002  0.527815471406369E+000  0.111312073304515E+001  0.100050033358353E-002 -0.799876299991157E+001
  0.100000000000000E+001  0.159956918587136E+002  0.528361386240626E+000  0.111267581710533E+001  0.100050033358353E-002 -0.799784592935680E+001
  0.100000000000000E+001  0.159831870755343E+002  0.532069609449492E+000  0.110963671680977E+001  0.100050033358353E-002 -0.799159353776713E+001
  0.100000000000000E+001  0.159793453669565E+002  0.533203438452032E+000  0.110870156393196E+001  0.100050033358353E-002 -0.798967268347827E+001
  0.100000000000000E+001  0.159733275314208E+002  0.534973160077267E+000  0.110723637944935E+001  0.100050033358353E-002 -0.798666376571041E+001
  0.100000000000000E+001  0.159689394808322E+002  0.537694821783647E+000  0.110496977492378E+001  0.100050033358353E-002 -0.798446974041610E+001
  0.100000000000000E+001  0.159546937307020E+002  0.540428048535464E+000  0.110267723886740E+001  0.100050033358353E-002 -0.797734686535102E+001
  0.100000000000000E+001  0.159441670929962E+002  0.543485726075704E+000  0.110009308071121E+001  0.100050033358353E-002 -0.797208354649809E+001
  0.100000000000000E+001  0.159416814813369E+002  0.544205416088295E+000  0.109948183729221E+001  0.100050033358353E-002 -0.797084074066844E+001
  0.100000000000000E+001  0.159314421155058E+002  0.547160739131172E+000  0.109695976420315E+001  0.100050033358353E-002 -0.796572105775288E+001
  0.100000000000000E+001  0.159312334025945E+002  0.547220856986071E+000  0.109690825751256E+001  0.100050033358353E-002 -0.796561670129727E+001
  0.100000000000000E+001  0.159270952398254E+002  0.548410941453370E+000  0.109588697422662E+001  0.100050033358353E-002 -0.796354761991269E+001
  0.100000000000000E+001  0.159231194215732E+002  0.549543194985769E+000  0.109491237251872E+001  0.100050033358353E-002 -0.796155971078661E+001
  0.100000000000000E+001  0.159229050682383E+002  0.549613598336038E+000  0.109485167687236E+001  0.100050033358353E-002 -0.796145253411914E+001
  0.100000000000000E+001  0.159225973798339E+002  0.549701845002522E+000  0.109477558253592E+001  0.100050033358353E-002 -0.796129868991693E+001
  0.100000000000000E+001  0.159194992308087E+002  0.550589400811765E+000  0.109400927668757E+001  0.100050033358353E-002 -0.795974961540433E+001
  0.100000000000000E+001  0.159179440321647E+002  0.551034483435310E+000  0.109362432938242E+001  0.100050033358353E-002 -0.795897201608236E+001
  0.100000000000000E+001  0.159104550510784E+002  0.553172129024946E+000  0.109176926807250E+001  0.100050033358353E-002 -0.795522752553921E+001
  0.100000000000000E+001  0.159089660787662E+002  0.553597469873375E+000  0.109139892092232E+001  0.100050033358353E-002 -0.795448303938310E+001
  0.100000000000000E+001  0.159058748447364E+002  0.554477257680788E+000  0.109063158053120E+001  0.100050033358353E-002 -0.795293742236821E+001
  0.100000000000000E+001  0.159013063895518E+002  0.555775243136719E+000  0.108949627825376E+001  0.100050033358353E-002 -0.795065319477591E+001
  0.100000000000000E+001  0.158892865716740E+002  0.559177494791237E+000  0.108650217897564E+001  0.100050033358353E-002 -0.794464328583698E+001
  0.100000000000000E+001  0.158890666237989E+002  0.559239275323705E+000  0.108644756453085E+001  0.100050033358353E-002 -0.794453331189944E+001
  0.100000000000000E+001  0.158813929029409E+002  0.982199387608317E+000  0.246173944367054E+000  0.100050033358353E-002 -0.794069645147043E+001
  0.100000000000000E+001  0.158749634985364E+002  0.563207826776550E+000  0.108292088118542E+001  0.100050033358353E-002 -0.793748174926822E+001
  0.100000000000000E+001  0.158576468969337E+002  0.568045322031576E+000  0.107857249275119E+001  0.100050033358353E-002 -0.792882344846686E+001
  0.100000000000000E+001  0.158477091003629E+002  0.570807101849960E+000  0.107606532084822E+001  0.100050033358353E-002 -0.792385455018143E+001
  0.100000000000000E+001  0.158425730708556E+002  0.572229548498655E+000  0.107476697174804E+001  0.100050033358353E-002 -0.792128653542778E+001
  0.100000000000000E+001  0.158392258033047E+002  0.573204466604936E+000  0.107387433208632E+001  0.100050033358353E-002 -0.791961290165233E+001
  0.100000000000000E+001  0.158337866537020E+002  0.574655436052654E+000  0.107254162363313E+001  0.100050033358353E-002 -0.791689332685100E+001
  0.100000000000000E+001  0.158304167819628E+002  0.575583352313824E+000  0.107168669934892E+001  0.100050033358353E-002 -0.791520839098139E+001
  0.100000000000000E+001  0.158265363271953E+002  0.980553137012944E+000  0.257198819110987E+000  0.100050033358353E-002 -0.791326816359764E+001
  0.100000000000000E+001  0.158203439100383E+002  0.578351647034987E+000  0.106912388400937E+001  0.100050033358353E-002 -0.791017195501916E+001
  0.100000000000000E+001  0.158199931311280E+002  0.578448567105521E+000  0.106903382353416E+001  0.100050033358353E-002 -0.790999656556401E+001
  0.100000000000000E+001  0.158179920954594E+002  0.578994895880597E+000  0.106852573718769E+001  0.100050033358353E-002 -0.790899604772971E+001
  0.100000000000000E+001  0.158116886329169E+002  0.580719904014656E+000  0.106691673602570E+001  0.100050033358353E-002 -0.790584431645845E+001
  0.100000000000000E+001  0.158108027391409E+002  0.580973217414333E+000  0.106667985015314E+001  0.100050033358353E-002 -0.790540136957044E+001
  0.100000000000000E+001  0.158044192031294E+002  0.582703976248636E+000  0.106505715348894E+001  0.100050033358353E-002 -0.790220960156472E+001
  0.100000000000000E+001  0.157983794513031E+002  0.584344858408148E+000  0.106351196824497E+001  0.100050033358353E-002 -0.789918972565156E+001
  0.100000000000000E+001  0.157969305416539E+002  0.584738536650019E+000  0.106314026845576E+001  0.100050033358353E-002 -0.789846527082697E+001
  0.100000000000000E+001  0.157845968813286E+002  0.588080144587599E+000  0.105996985622403E+001  0.100050033358353E-002 -0.789229844066429E+001
  0.100000000000000E+001  0.157811644599440E+002  0.979120772135300E+000  0.266406188562061E+000  0.100050033358353E-002 -0.789058222997198E+001
  0.100000000000000E+001  0.157711822910748E+002  0.978796471036498E+000  0.268445161877278E+000  0.100050033358353E-002 -0.788559114553742E+001
  0.100000000000000E+001  0.157687333756042E+002  0.592357986874932E+000  0.105587077112452E+001  0.100050033358353E-002 -0.788436668780212E+001
  0.100000000000000E+001  0.157643412971640E+002  0.593537285825483E+000  0.105473271026525E+001  0.100050033358353E-002 -0.788217064858200E+001
  0.100000000000000E+001  0.157633749717114E+002  0.593796018953608E+000  0.105448255729136E+001  0.100050033358353E-002 -0.788168748585569E+001
  0.100000000000000E+001  0.157624581780921E+002  0.594044735153659E+000  0.105424193029971E+001  0.100050033358353E-002 -0.788122908904606E+001
  0.100000000000000E+001  0.157473626422147E+002  0.598079781525200E+000  0.105031628466472E+001  0.100050033358353E-002 -0.787368132110736E+001
  0.100000000000000E+001  0.157432358172887E+002  0.599178100771541E+000  0.104924058621323E+001  0.100050033358353E-002 -0.787161790864433E+001
  0.100000000000000E+001  0.157421338780747E+002  0.599473061168099E+000  0.104895117641605E+001  0.100050033358353E-002 -0.787106693903735E+001
  0.100000000000000E+001  0.157413237578332E+002  0.599697103013183E+000  0.104873120203082E+001  0.100050033358353E-002 -0.787066187891661E+001
  0.100000000000000E+001  0.157300781444006E+002  0.602662897572837E+000  0.104580712263698E+001  0.100050033358353E-002 -0.786503907220029E+001
  0.100000000000000E+001  0.157300498059851E+002  0.977423547869799E+000  0.276903625155070E+000  0.100050033358353E-002 -0.786502490299257E+001
  0.100000000000000E+001  0.157061711720071E+002  0.609084515170257E+000  0.103939783622240E+001  0.100050033358353E-002 -0.785308558600354E+001
  0.100000000000000E+001  0.157044411375176E+002  0.609446599829813E+000  0.103903323929108E+001  0.100050033358353E-002 -0.785222056875880E+001
  0.100000000000000E+001  0.156949373888289E+002  0.611942208794586E+000  0.103651091813095E+001  0.100050033358353E-002 -0.784746869441447E+001
  0.100000000000000E+001  0.156861359463905E+002  0.614246918795151E+000  0.103416688845360E+001  0.100050033358353E-002 -0.784306797319524E+001
  0.100000000000000E+001  0.156807678606015E+002  0.615649546370601E+000  0.103273340301078E+001  0.100050033358353E-002 -0.784038393030077E+001
  0.100000000000000E+001  0.156794490343062E+002  0.975648282766705E+000  0.287455455558584E+000  0.100050033358353E-002 -0.783972451715308E+001
  0.100000000000000E+001  0.156750486394984E+002  0.975489124841239E+000  0.288381684485276E+000  0.100050033358353E-002 -0.783752431974921E+001
  0.100000000000000E+001  0.156691987905321E+002  0.618666156949368E+000  0.102963254656063E+001  0.100050033358353E-002 -0.783459939526607E+001
  0.100000000000000E+001  0.156680050004467E+002  0.975232759972147E+000  0.289867076361396E+000  0.100050033358353E-002 -0.783400250022337E+001
  0.100000000000000E+001  0.156677856278914E+002  0.975224707281624E+000  0.289913604495926E+000  0.100050033358353E-002 -0.783389281394572E+001
  0.100000000000000E+001  0.156632685927546E+002  0.620206647332586E+000  0.102803956251063E+001  0.100050033358353E-002 -0.783163429637729E+001
  0.100000000000000E+001  0.156584528574256E+002  0.621456848370992E+000  0.102674202479452E+001  0.100050033358353E-002 -0.782922642871280E+001
  0.100000000000000E+001  0.156455178089423E+002  0.624806156710663E+000  0.102324486370076E+001  0.100050033358353E-002 -0.782275890447116E+001
  0.100000000000000E+001  0.156436108749193E+002  0.625299249848108E+000  0.102272740256577E+001  0.100050033358353E-002 -0.782180543745964E+001
  0.100000000000000E+001  0.156405536285777E+002  0.626088464992774E+000  0.102189778970196E+001  0.100050033358353E-002 -0.782027681428883E+001
  0.100000000000000E+001  0.156319679973715E+002  0.628308118488257E+000  0.101955527387532E+001  0.100050033358353E-002 -0.781598399868575E+001
  0.100000000000000E+001  0.156177733914946E+002  0.632143062083179E+000  0.101547568991286E+001  0.100050033358353E-002 -0.780888669574730E+001
  0.100000000000000E+001  0.156071872721888E+002  0.634667670755457E+000  0.101276744661983E+001  0.100050033358353E-002 -0.780359363609439E+001
  0.100000000000000E+001  0.156041287143684E+002  0.635447271565544E+000  0.101192748856726E+001  0.100050033358353E-002 -0.780206435718420E+001
  0.100000000000000E+001  0.156021449131051E+002  0.635954518556003E+000  0.101138004130633E+001  0.100050033358353E-002 -0.780107245655257E+001
  0.100000000000000E+001  0.155924989957647E+002  0.638417733027665E+000  0.100871115886461E+001  0.100050033358353E-002 -0.779624949788234E+001
  0.100000000000000E+001  0.155832283357089E+002  0.640779978662601E+000  0.100613529645845E+001  0.100050033358353E-002 -0.779161416785445E+001
  0.100000000000000E+001  0.155757043790090E+002  0.642693760541177E+000  0.100403660732460E+001  0.100050033358353E-002 -0.778785218950450E+001
  0.100000000000000E+001  0.155732276261516E+002  0.643323037359485E+000  0.100334420184836E+001  0.100050033358353E-002 -0.778661381307580E+001
  0.100000000000000E+001  0.155707556923691E+002  0.643950615909358E+000  0.100265251321035E+001  0.100050033358353E-002 -0.778537784618453E+001
  0.100000000000000E+001  0.155657222700510E+002  0.645227896698812E+000  0.100124118947475E+001  0.100050033358353E-002 -0.778286113502550E+001
  0.100000000000000E+001  0.155617491489018E+002  0.646235150593863E+000  0.100012484995139E+001  0.100050033358353E-002 -0.778087457445091E+001
  0.100000000000000E+001  0.155593059581107E+002  0.970996505298542E+000  0.313342306510725E+000  0.100050033358353E-002 -0.777965297905535E+001
  0.100000000000000E+001  0.155586668443765E+002  0.970969827360008E+000  0.313484260779244E+000  0.100050033358353E-002 -0.777933342218824E+001
  0.100000000000000E+001  0.155568025184812E+002  0.647487291169351E+000  0.998732930213654E+000  0.100050033358353E-002 -0.777840125924061E+001
  0.100000000000000E+001  0.155551765341791E+002  0.647899486638537E+000  0.998273705710494E+000  0.100050033358353E-002 -0.777758826708953E+001
  0.100000000000000E+001  0.155547286336763E+002  0.648012831437820E+000  0.998147340663403E+000  0.100050033358353E-002 -0.777736431683815E+001
  0.100000000000000E+001  0.155518942396148E+002  0.648730399303700E+000  0.997346458767968E+000  0.100050033358353E-002 -0.777594711980741E+001
  0.100000000000000E+001  0.155410909796727E+002  0.651459210474490E+000  0.994286802125706E+000  0.100050033358353E-002 -0.777054548983634E+001
  0.100000000000000E+001  0.155386542372370E+002  0.652074057820275E+000  0.993594332230533E+000  0.100050033358353E-002 -0.776932711861848E+001
  0.100000000000000E+001  0.155379815471313E+002  0.652243751975172E+000  0.993403014637715E+000  0.100050033358353E-002 -0.776899077356563E+001
  0.100000000000000E+001  0.155337188879429E+002  0.653318563048606E+000  0.992189230221330E+000  0.100050033358353E-002 -0.776685944397143E+001
  0.100000000000000E+001  0.155266982112131E+002  0.655087025947282E+000  0.990184505731464E+000  0.100050033358353E-002 -0.776334910560653E+001
  0.100000000000000E+001  0.155257493157636E+002  0.655325861021794E+000  0.989913035905585E+000  0.100050033358353E-002 -0.776287465788181E+001
  0.100000000000000E+001  0.155229336791412E+002  0.656034377675864E+000  0.989106685442333E+000  0.100050033358353E-002 -0.776146683957059E+001
  0.100000000000000E+001  0.155199315678347E+002  0.656788848544785E+000  0.988246352803593E+000  0.100050033358353E-002 -0.775996578391735E+001
  0.100000000000000E+001  0.155149270740934E+002  0.658043246486871E+000  0.986812093865764E+000  0.100050033358353E-002 -0.775746353704668E+001
  0.100000000000000E+001  0.155127454048362E+002  0.658595373394082E+000  0.986179270938821E+000  0.100050033358353E-002 -0.775637270241812E+001
  0.100000000000000E+001  0.155096244302521E+002  0.659376500859415E+000  0.985282375933438E+000  0.100050033358353E-002 -0.775481221512606E+001
  0.100000000000000E+001  0.155020261568716E+002  0.661285673389011E+000  0.983082322464564E+000  0.100050033358353E-002 -0.775101307843578E+001
  0.100000000000000E+001  0.154990475694456E+002  0.662032475097142E+000  0.982218663298371E+000  0.100050033358353E-002 -0.774952378472279E+001
  0.100000000000000E+001  0.154965993801962E+002  0.662645485516687E+000  0.981508433447383E+000  0.100050033358353E-002 -0.774829969009809E+001
  0.100000000000000E+001  0.154895043175249E+002  0.664422217321269E+000  0.979443291341826E+000  0.100050033358353E-002 -0.774475215876244E+001
  0.100000000000000E+001  0.154838326163537E+002  0.665841221137359E+000  0.977786830343582E+000  0.100050033358353E-002 -0.774191630817687E+001
  0.100000000000000E+001  0.154756093633261E+002  0.967321815610675E+000  0.332290256612783E+000  0.100050033358353E-002 -0.773780468166303E+001
  0.100000000000000E+001  0.154708657318292E+002  0.967101090688725E+000  0.333391891738327E+000  0.100050033358353E-002 -0.773543286591461E+001
  0.100000000000000E+001  0.154647655236496E+002  0.670603921989056E+000  0.972180496000287E+000  0.100050033358353E-002 -0.773238276182481E+001
  0.100000000000000E+001  0.154575453707813E+002  0.672405134169623E+000  0.970041318233606E+000  0.100050033358353E-002 -0.772877268539063E+001
  0.100000000000000E+001  0.154550085308832E+002  0.966352752278003E+000  0.337098198567861E+000  0.100050033358353E-002 -0.772750426544161E+001
  0.100000000000000E+001  0.154505567488327E+002  0.674149347526726E+000  0.967959842307662E+000  0.100050033358353E-002 -0.772527837441637E+001
  0.100000000000000E+001  0.154495901169289E+002  0.966093241470092E+000  0.338373337922178E+000  0.100050033358353E-002 -0.772479505846445E+001
  0.100000000000000E+001  0.154430462018173E+002  0.965777215312353E+000  0.339919253757215E+000  0.100050033358353E-002 -0.772152310090866E+001
  0.100000000000000E+001  0.154417553220474E+002  0.676338936224381E+000  0.965332857023939E+000  0.100050033358353E-002 -0.772087766102368E+001
  0.100000000000000E+001  0.154375092746030E+002  0.677395822948540E+000  0.964059226619878E+000  0.100050033358353E-002 -0.771875463730149E+001
  0.100000000000000E+001  0.154372128218885E+002  0.677469778033483E+000  0.963969967512706E+000  0.100050033358353E-002 -0.771860641094426E+001
  0.100000000000000E+001  0.154291477914836E+002  0.679475888574421E+000  0.961541831436720E+000  0.100050033358353E-002 -0.771457389574181E+001
  0.100000000000000E+001  0.154165584169920E+002  0.682604928290881E+000  0.957727838897330E+000  0.100050033358353E-002 -0.770827920849598E+001
  0.100000000000000E+001  0.154161324036626E+002  0.682710814288958E+000  0.957598201349780E+000  0.100050033358353E-002 -0.770806620183128E+001
  0.100000000000000E+001  0.154152895022257E+002  0.964403337124822E+000  0.346554001713544E+000  0.100050033358353E-002 -0.770764475111284E+001
  0.100000000000000E+001  0.154134381572847E+002  0.964309734907831E+000  0.347001070855008E+000  0.100050033358353E-002 -0.770671907864235E+001
  0.100000000000000E+001  0.154100524187111E+002  0.684221669647916E+000  0.955744332039334E+000  0.100050033358353E-002 -0.770502620935554E+001
  0.100000000000000E+001  0.154028765747901E+002  0.686003690699818E+000  0.953547816235600E+000  0.100050033358353E-002 -0.770143828739505E+001
  0.100000000000000E+001  0.154014533515229E+002  0.685674488263371E+000  0.953954401941506E+000  0.100050033358353E-002 -0.770072667576146E+001
  0.100000000000000E+001  0.153963097744135E+002  0.687634020562020E+000  0.951528812479440E+000  0.100050033358353E-002 -0.769815488720673E+001
  0.100000000000000E+001  0.153956512324787E+002  0.687797561656744E+000  0.951325781562000E+000  0.100050033358353E-002 -0.769782561623935E+001
  0.100000000000000E+001  0.153911626427713E+002  0.688912109910520E+000  0.949939663024838E+000  0.100050033358353E-002 -0.769558132138567E+001
  0.100000000000000E+001  0.153866172290827E+002  0.690039691424977E+000  0.948532985408778E+000  0.100050033358353E-002 -0.769330861454137E+001
  0.100000000000000E+001  0.153720948904467E+002  0.693641446434299E+000  0.944010196907314E+000  0.100050033358353E-002 -0.768604744522336E+001
  0.100000000000000E+001  0.153716358612845E+002  0.962125731417398E+000  0.357261722322929E+000  0.100050033358353E-002 -0.768581793064227E+001
  0.100000000000000E+001  0.153678269752387E+002  0.694709990717791E+000  0.942659686579091E+000  0.100050033358353E-002 -0.768391348761937E+001
  0.100000000000000E+001  0.153674258934726E+002  0.694801493266949E+000  0.942543851799983E+000  0.100050033358353E-002 -0.768371294673628E+001
  0.100000000000000E+001  0.153647969343696E+002  0.695453815572267E+000  0.941717209537505E+000  0.100050033358353E-002 -0.768239846718481E+001
  0.100000000000000E+001  0.153644607205691E+002  0.695537242143761E+000  0.941611380578968E+000  0.100050033358353E-002 -0.768223036028453E+001
  0.100000000000000E+001  0.153604983845107E+002  0.696351677842644E+000  0.940576952764585E+000  0.100050033358353E-002 -0.768024919225533E+001
  0.100000000000000E+001  0.153592838001142E+002  0.696821471656142E+000  0.939979191219496E+000  0.100050033358353E-002 -0.767964190005709E+001
  0.100000000000000E+001  0.153566196343041E+002  0.697482719668391E+000  0.939136496482557E+000  0.100050033358353E-002 -0.767830981715204E+001
  0.100000000000000E+001  0.153546442996718E+002  0.961197225564495E+000  0.361528857214470E+000  0.100050033358353E-002 -0.767732214983589E+001
  0.100000000000000E+001  0.153509584367784E+002  0.698887506844084E+000  0.937341061732101E+000  0.100050033358353E-002 -0.767547921838920E+001
  0.100000000000000E+001  0.153447747741245E+002  0.700422079915847E+000  0.935371670015602E+000  0.100050033358353E-002 -0.767238738706225E+001
  0.100000000000000E+001  0.153322905825953E+002  0.703521521438030E+000  0.931368065004190E+000  0.100050033358353E-002 -0.766614529129765E+001
  0.100000000000000E+001  0.153301057608629E+002  0.704063981292060E+000  0.930663765837522E+000  0.100050033358353E-002 -0.766505288043147E+001
  0.100000000000000E+001  0.153208359553295E+002  0.959272896238504E+000  0.370203203523813E+000  0.100050033358353E-002 -0.766041797766476E+001
  0.100000000000000E+001  0.153205312094255E+002  0.706442288721737E+000  0.927563162918416E+000  0.100050033358353E-002 -0.766026560471275E+001
  0.100000000000000E+001  0.153173861213935E+002  0.707224223710463E+000  0.926539196302069E+000  0.100050033358353E-002 -0.765869306069675E+001
  0.100000000000000E+001  0.153144011719255E+002  0.707966329099679E+000  0.925565290597349E+000  0.100050033358353E-002 -0.765720058596277E+001
  0.100000000000000E+001  0.153133555460326E+002  0.958832422012056E+000  0.372157901345321E+000  0.100050033358353E-002 -0.765667777301630E+001
  0.100000000000000E+001  0.153114787687516E+002  0.708692750697881E+000  0.924609983261980E+000  0.100050033358353E-002 -0.765573938437578E+001
  0.100000000000000E+001  0.153083908251760E+002  0.709460746754994E+000  0.923597860226951E+000  0.100050033358353E-002 -0.765419541258800E+001
  0.100000000000000E+001  0.153067844927691E+002  0.709860483462015E+000  0.923070183690994E+000  0.100050033358353E-002 -0.765339224638457E+001
  0.100000000000000E+001  0.153017268639595E+002  0.711118914687791E+000  0.921405060674023E+000  0.100050033358353E-002 -0.765086343197976E+001
  0.100000000000000E+001  0.152984746205006E+002  0.711928420124637E+000  0.920330790145429E+000  0.100050033358353E-002 -0.764923731025032E+001
  0.100000000000000E+001  0.152923724826154E+002  0.713448191700598E+000  0.918307241755305E+000  0.100050033358353E-002 -0.764618624130771E+001
  0.100000000000000E+001  0.152921739630178E+002  0.957554442226009E+000  0.377766976977367E+000  0.100050033358353E-002 -0.764608698150890E+001
  0.100000000000000E+001  0.152917197225919E+002  0.713610709134610E+000  0.918090333025014E+000  0.100050033358353E-002 -0.764585986129597E+001
  0.100000000000000E+001  0.152841610435753E+002  0.715494950533341E+000  0.915568105117648E+000  0.100050033358353E-002 -0.764208052178767E+001
  0.100000000000000E+001  0.152812951101050E+002  0.716210734019221E+000  0.914606393612992E+000  0.100050033358353E-002 -0.764064755505249E+001
  0.100000000000000E+001  0.152810444066337E+002  0.956863805021612E+000  0.380760738680074E+000  0.100050033358353E-002 -0.764052220331685E+001
  0.100000000000000E+001  0.152733106467923E+002  0.718202983500160E+000  0.911919229006569E+000  0.100050033358353E-002 -0.763665532339613E+001
  0.100000000000000E+001  0.152729054071347E+002  0.718304087589377E+000  0.911782448383034E+000  0.100050033358353E-002 -0.763645270356734E+001
  0.100000000000000E+001  0.152652808533878E+002  0.955861891987680E+000  0.385058657858913E+000  0.100050033358353E-002 -0.763264042669391E+001
  0.100000000000000E+001  0.152617232707769E+002  0.955631787554476E+000  0.386038352472580E+000  0.100050033358353E-002 -0.763086163538845E+001
  0.100000000000000E+001  0.152616250891541E+002  0.955625415605531E+000  0.386065443010120E+000  0.100050033358353E-002 -0.763081254457706E+001
  0.100000000000000E+001  0.152540578481306E+002  0.723018949790037E+000  0.905359367402606E+000  0.100050033358353E-002 -0.762702892406530E+001
  0.100000000000000E+001  0.152460657788346E+002  0.725022992755152E+000  0.902602595919584E+000  0.100050033358353E-002 -0.762303288941730E+001
  0.100000000000000E+001  0.152459116885628E+002  0.954590435961537E+000  0.390438373214903E+000  0.100050033358353E-002 -0.762295584428141E+001
  0.100000000000000E+001  0.152429790420152E+002  0.954393870889697E+000  0.391262833637442E+000  0.100050033358353E-002 -0.762148952100759E+001
  0.100000000000000E+001  0.152401680239054E+002  0.726505028792906E+000  0.900553545048606E+000  0.100050033358353E-002 -0.762008401195270E+001
  0.100000000000000E+001  0.152372827725666E+002  0.727229282076163E+000  0.899548975149469E+000  0.100050033358353E-002 -0.761864138628332E+001
  0.100000000000000E+001  0.152341929215169E+002  0.953798361568987E+000  0.393749035292762E+000  0.100050033358353E-002 -0.761709646075847E+001
  0.100000000000000E+001  0.152316771611414E+002  0.728639675195898E+000  0.897586593318378E+000  0.100050033358353E-002 -0.761583858057072E+001
  0.100000000000000E+001  0.152243356014255E+002  0.730490333435769E+000  0.894999321116824E+000  0.100050033358353E-002 -0.761216780071275E+001
  0.100000000000000E+001  0.152169475215100E+002  0.732354851780598E+000  0.892378420401245E+000  0.100050033358353E-002 -0.760847376075501E+001
  0.100000000000000E+001  0.152158655389768E+002  0.732627900602105E+000  0.891993395027911E+000  0.100050033358353E-002 -0.760793276948840E+001
  0.100000000000000E+001  0.152112527230111E+002  0.952194166403628E+000  0.400362043010747E+000  0.100050033358353E-002 -0.760562636150556E+001
  0.100000000000000E+001  0.152097313756995E+002  0.952085303932736E+000  0.400806456154670E+000  0.100050033358353E-002 -0.760486568784975E+001
  0.100000000000000E+001  0.152044203678578E+002  0.735525811923606E+000  0.887887881645972E+000  0.100050033358353E-002 -0.760221018392892E+001
  0.100000000000000E+001  0.151951046004140E+002  0.737898123349503E+000  0.884500669699264E+000  0.100050033358353E-002 -0.759755230020700E+001
  0.100000000000000E+001  0.151909712448147E+002  0.738946427696655E+000  0.882996262543754E+000  0.100050033358353E-002 -0.759548562240737E+001
  0.100000000000000E+001  0.151894509845231E+002  0.739330687904763E+000  0.882443637939264E+000  0.100050033358353E-002 -0.759472549226153E+001
  0.100000000000000E+001  0.151887624732649E+002  0.739502272917270E+000  0.882196667960062E+000  0.100050033358353E-002 -0.759438123663243E+001
  0.100000000000000E+001  0.151831963721641E+002  0.740927258443110E+000  0.880140725177117E+000  0.100050033358353E-002 -0.759159818608207E+001
  0.100000000000000E+001  0.151829478470056E+002  0.950109037300809E+000  0.408781594421437E+000  0.100050033358353E-002 -0.759147392350281E+001
  0.100000000000000E+001  0.151764181609883E+002  0.742665573883016E+000  0.877620813936138E+000  0.100050033358353E-002 -0.758820908049415E+001
  0.100000000000000E+001  0.151711607147232E+002  0.949201576879529E+000  0.412386496811303E+000  0.100050033358353E-002 -0.758558035736158E+001
  0.100000000000000E+001  0.151709628468122E+002  0.744058336950355E+000  0.875592315201351E+000  0.100050033358353E-002 -0.758548142340608E+001
  0.100000000000000E+001  0.151649392326676E+002  0.745608481525425E+000  0.873324570998722E+000  0.100050033358353E-002 -0.758246961633379E+001
  0.100000000000000E+001  0.151606527321045E+002  0.948374969263319E+000  0.415640038225921E+000  0.100050033358353E-002 -0.758032636605226E+001
  0.100000000000000E+001  0.151522343309897E+002  0.749028303979336E+000  0.868283874007456E+000  0.100050033358353E-002 -0.757611716549483E+001
  0.100000000000000E+001  0.151512684929937E+002  0.749131210392468E+000  0.868131381399372E+000  0.100050033358353E-002 -0.757563424649686E+001
  0.100000000000000E+001  0.151451405605263E+002  0.750717672209427E+000  0.865774414318221E+000  0.100050033358353E-002 -0.757257028026315E+001
  0.100000000000000E+001  0.151435464587290E+002  0.751128367744326E+000  0.865162393677599E+000  0.100050033358353E-002 -0.757177322936452E+001
  0.100000000000000E+001  0.151428413082989E+002  0.946925447705407E+000  0.421277994441307E+000  0.100050033358353E-002 -0.757142065414943E+001
  0.100000000000000E+001  0.151420719372949E+002  0.751508952897650E+000  0.864594557816768E+000  0.100050033358353E-002 -0.757103596864743E+001
  0.100000000000000E+001  0.151405637157293E+002  0.751855060245610E+000  0.864077589148778E+000  0.100050033358353E-002 -0.757028185786463E+001
  0.100000000000000E+001  0.151391887560783E+002  0.752267538152386E+000  0.863460769618812E+000  0.100050033358353E-002 -0.756959437803916E+001
  0.100000000000000E+001  0.151374444203908E+002  0.752719753198417E+000  0.862783631215557E+000  0.100050033358353E-002 -0.756872221019538E+001
  0.100000000000000E+001  0.151367825228329E+002  0.752891251701821E+000  0.862526587016099E+000  0.100050033358353E-002 -0.756839126141646E+001
  0.100000000000000E+001  0.151366977912124E+002  0.752899235933972E+000  0.862514616851570E+000  0.100050033358353E-002 -0.756834889560618E+001
  0.100000000000000E+001  0.151346373975694E+002  0.753452176200048E+000  0.861684921075538E+000  0.100050033358353E-002 -0.756731869878470E+001
  0.100000000000000E+001  0.151337430276380E+002  0.753684721158608E+000  0.861335562765716E+000  0.100050033358353E-002 -0.756687151381902E+001
  0.100000000000000E+001  0.151217715730654E+002  0.945129649746376E+000  0.428148164834901E+000  0.100050033358353E-002 -0.756088578653270E+001
  0.100000000000000E+001  0.151127148433542E+002  0.759205352538994E+000  0.852967781132893E+000  0.100050033358353E-002 -0.755635742167711E+001
  0.100000000000000E+001  0.151120777327274E+002  0.759373226150616E+000  0.852711082046524E+000  0.100050033358353E-002 -0.755603886636371E+001
  0.100000000000000E+001  0.151111852286984E+002  0.759609047149958E+000  0.852350256680102E+000  0.100050033358353E-002 -0.755559261434919E+001
  0.100000000000000E+001  0.151061536020865E+002  0.760942199147126E+000  0.850305433392843E+000  0.100050033358353E-002 -0.755307680104326E+001
  0.100000000000000E+001  0.151012355841220E+002  0.943285681846910E+000  0.435076500500911E+000  0.100050033358353E-002 -0.755061779206099E+001
  0.100000000000000E+001  0.151002056706213E+002  0.762522341181936E+000  0.847870721228786E+000  0.100050033358353E-002 -0.755010283531067E+001
  0.100000000000000E+001  0.150999362017559E+002  0.762593599972495E+000  0.847760640383833E+000  0.100050033358353E-002 -0.754996810087793E+001
  0.100000000000000E+001  0.150968816560073E+002  0.942880123140156E+000  0.436583760719686E+000  0.100050033358353E-002 -0.754844082800365E+001
  0.100000000000000E+001  0.150958238155441E+002  0.763690187988198E+000  0.846063521170021E+000  0.100050033358353E-002 -0.754791190777206E+001
  0.100000000000000E+001  0.150936352706588E+002  0.942577600598495E+000  0.437704286584805E+000  0.100050033358353E-002 -0.754681763532941E+001
  0.100000000000000E+001  0.150895487485679E+002  0.765368212134597E+000  0.843455199449231E+000  0.100050033358353E-002 -0.754477437428396E+001
  0.100000000000000E+001  0.150860972881646E+002  0.766297224253357E+000  0.842005197365042E+000  0.100050033358353E-002 -0.754304864408232E+001
  0.100000000000000E+001  0.150854510086406E+002  0.766487218588140E+000  0.841708129638079E+000  0.100050033358353E-002 -0.754272550432032E+001
  0.100000000000000E+001  0.150753308868648E+002  0.769236879455148E+000  0.837388779034998E+000  0.100050033358353E-002 -0.753766544343238E+001
  0.100000000000000E+001  0.150701501045402E+002  0.770612288033826E+000  0.835213980710618E+000  0.100050033358353E-002 -0.753507505227011E+001
  0.100000000000000E+001  0.150659964942874E+002  0.771745787753838E+000  0.833414493078257E+000  0.100050033358353E-002 -0.753299824714370E+001
  0.100000000000000E+001  0.150629081493294E+002  0.772591052145667E+000  0.832068334156342E+000  0.100050033358353E-002 -0.753145407466468E+001
  0.100000000000000E+001  0.150573540104745E+002  0.774117137189193E+000  0.829628629910438E+000  0.100050033358353E-002 -0.752867700523727E+001
  0.100000000000000E+001  0.150546293603263E+002  0.938695652229820E+000  0.451805381962367E+000  0.100050033358353E-002 -0.752731468016313E+001
  0.100000000000000E+001  0.150545115217304E+002  0.774901177597120E+000  0.828370537397250E+000  0.100050033358353E-002 -0.752725576086518E+001
  0.100000000000000E+001  0.150488894335085E+002  0.776458092314837E+000  0.825862798431393E+000  0.100050033358353E-002 -0.752444471675424E+001
  0.100000000000000E+001  0.150475957177893E+002  0.776817506523195E+000  0.825282086879752E+000  0.100050033358353E-002 -0.752379785889463E+001
  0.100000000000000E+001  0.150452515090764E+002  0.777470155192300E+000  0.824225857284523E+000  0.100050033358353E-002 -0.752262575453819E+001
  0.100000000000000E+001  0.150318290211006E+002  0.781237611307608E+000  0.818084568228187E+000  0.100050033358353E-002 -0.751591451055028E+001
  0.100000000000000E+001  0.150256183076635E+002  0.782999864281186E+000  0.815185791639706E+000  0.100050033358353E-002 -0.751280915383174E+001
  0.100000000000000E+001  0.150225585354751E+002  0.935108514552895E+000  0.464405616596200E+000  0.100050033358353E-002 -0.751127926773753E+001
  0.100000000000000E+001  0.150111963623335E+002  0.787143465426714E+000  0.808302917027223E+000  0.100050033358353E-002 -0.750559818116677E+001
  0.100000000000000E+001  0.150066399189021E+002  0.788468802288551E+000  0.806081292726957E+000  0.100050033358353E-002 -0.750331995945103E+001
  0.100000000000000E+001  0.150060274718215E+002  0.788647575113402E+000  0.805780865539374E+000  0.100050033358353E-002 -0.750301373591074E+001
  0.100000000000000E+001  0.150055272410994E+002  0.788793640289277E+000  0.805535269702229E+000  0.100050033358353E-002 -0.750276362054970E+001
  0.100000000000000E+001  0.150048141514148E+002  0.789002122867900E+000  0.805184515850013E+000  0.100050033358353E-002 -0.750240707570742E+001
  0.100000000000000E+001  0.149972274058010E+002  0.791233403675326E+000  0.801415132821357E+000  0.100050033358353E-002 -0.749861370290051E+001
  0.100000000000000E+001  0.149963948714904E+002  0.931924586339066E+000  0.475270844110376E+000  0.100050033358353E-002 -0.749819743574522E+001
  0.100000000000000E+001  0.149955414295908E+002  0.791732489129619E+000  0.800568119216483E+000  0.100050033358353E-002 -0.749777071479541E+001
  0.100000000000000E+001  0.149942244933711E+002  0.931643507850059E+000  0.476216366481819E+000  0.100050033358353E-002 -0.749711224668557E+001
  0.100000000000000E+001  0.149891260348086E+002  0.793644058193950E+000  0.797310648770246E+000  0.100050033358353E-002 -0.749456301740430E+001
  0.100000000000000E+001  0.149873959645635E+002  0.794163113521639E+000  0.796422475496551E+000  0.100050033358353E-002 -0.749369798228174E+001
  0.100000000000000E+001  0.149821950489214E+002  0.930039832259767E+000  0.481570084945645E+000  0.100050033358353E-002 -0.749109752446069E+001
  0.100000000000000E+001  0.149783957622537E+002  0.796912542247777E+000  0.791691469211769E+000  0.100050033358353E-002 -0.748919788112687E+001
  0.100000000000000E+001  0.149780124584144E+002  0.929462151511139E+000  0.483481855375642E+000  0.100050033358353E-002 -0.748900622920719E+001
  0.100000000000000E+001  0.149768145190951E+002  0.797384520261930E+000  0.790874828570958E+000  0.100050033358353E-002 -0.748840725954754E+001
  0.100000000000000E+001  0.149758502134360E+002  0.797663505724575E+000  0.790391489164082E+000  0.100050033358353E-002 -0.748792510671800E+001
  0.100000000000000E+001  0.149734107782157E+002  0.928816636893951E+000  0.485607814322533E+000  0.100050033358353E-002 -0.748670538910786E+001
  0.100000000000000E+001  0.149713956047475E+002  0.799034373186397E+000  0.788009703352838E+000  0.100050033358353E-002 -0.748569780237376E+001
  0.100000000000000E+001  0.149678950717358E+002  0.800120055313249E+000  0.786115372889535E+000  0.100050033358353E-002 -0.748394753586789E+001
  0.100000000000000E+001  0.149659135835392E+002  0.800739652097572E+000  0.785031077408440E+000  0.100050033358353E-002 -0.748295679176962E+001
  0.100000000000000E+001  0.149598186454195E+002  0.926826407907355E+000  0.492095536874749E+000  0.100050033358353E-002 -0.747990932270976E+001
  0.100000000000000E+001  0.149578177237558E+002  0.803284695903053E+000  0.780552585180537E+000  0.100050033358353E-002 -0.747890886187790E+001
  0.100000000000000E+001  0.149560034044002E+002  0.803861704352384E+000  0.779531665802302E+000  0.100050033358353E-002 -0.747800170220010E+001
  0.100000000000000E+001  0.149485855605613E+002  0.806245441071768E+000  0.775291978613488E+000  0.100050033358353E-002 -0.747429278028067E+001
  0.100000000000000E+001  0.149477994883400E+002  0.924954829680775E+000  0.498106935732743E+000  0.100050033358353E-002 -0.747389974416998E+001
  0.100000000000000E+001  0.149468911231778E+002  0.806795735995923E+000  0.774308141487575E+000  0.100050033358353E-002 -0.747344556158890E+001
  0.100000000000000E+001  0.149361081206924E+002  0.810352675423414E+000  0.767902175458977E+000  0.100050033358353E-002 -0.746805406034620E+001
  0.100000000000000E+001  0.149352093039192E+002  0.922864357665752E+000  0.504722677844789E+000  0.100050033358353E-002 -0.746760465195959E+001
  0.100000000000000E+001  0.149334549431879E+002  0.811241251183849E+000  0.766289084139313E+000  0.100050033358353E-002 -0.746672747159395E+001
  0.100000000000000E+001  0.149333810058245E+002  0.811268398398453E+000  0.766239720655105E+000  0.100050033358353E-002 -0.746669050291227E+001
  0.100000000000000E+001  0.149322804873229E+002  0.922356661518328E+000  0.506314106565444E+000  0.100050033358353E-002 -0.746614024366146E+001
  0.100000000000000E+001  0.149299789346326E+002  0.812420642883696E+000  0.764140054888741E+000  0.100050033358353E-002 -0.746498946731629E+001
  0.100000000000000E+001  0.149297333874927E+002  0.812504157944891E+000  0.763987530131356E+000  0.100050033358353E-002 -0.746486669374636E+001
  0.100000000000000E+001  0.149270822029791E+002  0.813410772830538E+000  0.762328791330483E+000  0.100050033358353E-002 -0.746354110148954E+001
  0.100000000000000E+001  0.149245740568198E+002  0.920978269468427E+000  0.510605440437934E+000  0.100050033358353E-002 -0.746228702840990E+001
  0.100000000000000E+001  0.149122740382375E+002  0.918636254053686E+000  0.517800820759851E+000  0.100050033358353E-002 -0.745613701911876E+001
  0.100000000000000E+001  0.149122268694017E+002  0.818634257194477E+000  0.752664195398371E+000  0.100050033358353E-002 -0.745611343470084E+001
  0.100000000000000E+001  0.149112775013964E+002  0.918436285409551E+000  0.518409715315483E+000  0.100050033358353E-002 -0.745563875069818E+001
  0.100000000000000E+001  0.149102209722730E+002  0.819360372986765E+000  0.751305941279956E+000  0.100050033358353E-002 -0.745511048613652E+001
  0.100000000000000E+001  0.149091529863261E+002  0.819749203723130E+000  0.750577097670601E+000  0.100050033358353E-002 -0.745457649316307E+001
  0.100000000000000E+001  0.149089748939698E+002  0.917972427764851E+000  0.519818883932634E+000  0.100050033358353E-002 -0.745448744698490E+001
  0.100000000000000E+001  0.149088158632905E+002  0.819872270329511E+000  0.750346195927108E+000  0.100050033358353E-002 -0.745440793164524E+001
  0.100000000000000E+001  0.149077326152069E+002  0.820268794263267E+000  0.749601504457339E+000  0.100050033358353E-002 -0.745386630760347E+001
  0.100000000000000E+001  0.149075476739488E+002  0.820403900223261E+000  0.749347517460934E+000  0.100050033358353E-002 -0.745377383697442E+001
  0.100000000000000E+001  0.149060847402757E+002  0.820875248311082E+000  0.748460422810104E+000  0.100050033358353E-002 -0.745304237013783E+001
  0.100000000000000E+001  0.149023299725339E+002  0.916589385148360E+000  0.523993795024879E+000  0.100050033358353E-002 -0.745116498626696E+001
  0.100000000000000E+001  0.149001245442187E+002  0.823102899272595E+000  0.744246656175434E+000  0.100050033358353E-002 -0.745006227210936E+001
  0.100000000000000E+001  0.148993376292793E+002  0.915943921804861E+000  0.525928737647021E+000  0.100050033358353E-002 -0.744966881463965E+001
  0.100000000000000E+001  0.148981916788256E+002  0.915725732735497E+000  0.526580900332519E+000  0.100050033358353E-002 -0.744909583941279E+001
  0.100000000000000E+001  0.148981735757475E+002  0.823844496027965E+000  0.742836022260372E+000  0.100050033358353E-002 -0.744908678787373E+001
  0.100000000000000E+001  0.148967969778385E+002  0.824371418334680E+000  0.741831329167322E+000  0.100050033358353E-002 -0.744839848891924E+001
  0.100000000000000E+001  0.148933699481379E+002  0.914608039464583E+000  0.529906656692966E+000  0.100050033358353E-002 -0.744668497406893E+001
  0.100000000000000E+001  0.148926545764094E+002  0.914443477179236E+000  0.530394217756432E+000  0.100050033358353E-002 -0.744632728820472E+001
  0.100000000000000E+001  0.148916428585298E+002  0.826375921469341E+000  0.737990900647292E+000  0.100050033358353E-002 -0.744582142926491E+001
  0.100000000000000E+001  0.148908062091349E+002  0.826706033560774E+000  0.737355622864922E+000  0.100050033358353E-002 -0.744540310456744E+001
  0.100000000000000E+001  0.148903836726385E+002  0.913914245793377E+000  0.531958589201907E+000  0.100050033358353E-002 -0.744519183631926E+001
  0.100000000000000E+001  0.148890215399808E+002  0.827414932167841E+000  0.735988684202224E+000  0.100050033358353E-002 -0.744451076999041E+001
  0.100000000000000E+001  0.148839298121538E+002  0.829474851913652E+000  0.731995453095713E+000  0.100050033358353E-002 -0.744196490607689E+001
  0.100000000000000E+001  0.148791013154721E+002  0.911114553569760E+000  0.540144094938112E+000  0.100050033358353E-002 -0.743955065773607E+001
  0.100000000000000E+001  0.148766850067775E+002  0.832512862381384E+000  0.726047759778250E+000  0.100050033358353E-002 -0.743834250338875E+001
  0.100000000000000E+001  0.148759763213925E+002  0.832817964191655E+000  0.725446541939749E+000  0.100050033358353E-002 -0.743798816069627E+001
  0.100000000000000E+001  0.148752387692995E+002  0.910081490576339E+000  0.543127060304181E+000  0.100050033358353E-002 -0.743761938464976E+001
  0.100000000000000E+001  0.148739626880176E+002  0.833691348754069E+000  0.723721512975208E+000  0.100050033358353E-002 -0.743698134400878E+001
  0.100000000000000E+001  0.148727964240350E+002  0.834203036154149E+000  0.722708120100760E+000  0.100050033358353E-002 -0.743639821201749E+001
  0.100000000000000E+001  0.148710870512526E+002  0.908922200265649E+000  0.546451123522391E+000  0.100050033358353E-002 -0.743554352562628E+001
  0.100000000000000E+001  0.148703966621997E+002  0.908722037352810E+000  0.547022583788262E+000  0.100050033358353E-002 -0.743519833109983E+001
  0.100000000000000E+001  0.148664803488596E+002  0.907564454313960E+000  0.550313363331082E+000  0.100050033358353E-002 -0.743324017442978E+001
  0.100000000000000E+001  0.148661592005250E+002  0.837154375841795E+000  0.716822809111075E+000  0.100050033358353E-002 -0.743307960026250E+001
  0.100000000000000E+001  0.148618564069742E+002  0.906119600281936E+000  0.554387567384612E+000  0.100050033358353E-002 -0.743092820348710E+001
  0.100000000000000E+001  0.148611025970575E+002  0.905918534988228E+000  0.554951649028485E+000  0.100050033358353E-002 -0.743055129852873E+001
  0.100000000000000E+001  0.148577645784702E+002  0.841245149091113E+000  0.708549594383011E+000  0.100050033358353E-002 -0.742888228923510E+001
  0.100000000000000E+001  0.148557725245294E+002  0.842255024309227E+000  0.706486042511017E+000  0.100050033358353E-002 -0.742788626226471E+001
  0.100000000000000E+001  0.148546243966705E+002  0.842847250595343E+000  0.705271939376995E+000  0.100050033358353E-002 -0.742731219833526E+001
  0.100000000000000E+001  0.148529216430811E+002  0.843740342915340E+000  0.703435458763848E+000  0.100050033358353E-002 -0.742646082154057E+001
  0.100000000000000E+001  0.148528431863415E+002  0.903005966403818E+000  0.563045547916324E+000  0.100050033358353E-002 -0.742642159317074E+001
  0.100000000000000E+001  0.148516416435267E+002  0.844422754638985E+000  0.702027651121849E+000  0.100050033358353E-002 -0.742582082176334E+001
  0.100000000000000E+001  0.148504707084752E+002  0.845059064684755E+000  0.700711374068739E+000  0.100050033358353E-002 -0.742523535423761E+001
  0.100000000000000E+001  0.148504641798678E+002  0.902102400697975E+000  0.565527738590837E+000  0.100050033358353E-002 -0.742523208993391E+001
  0.100000000000000E+001  0.148481879716542E+002  0.846325907562138E+000  0.698080415345299E+000  0.100050033358353E-002 -0.742409398582709E+001
  0.100000000000000E+001  0.148464365004040E+002  0.847327612683555E+000  0.695990245569771E+000  0.100050033358353E-002 -0.742321825020200E+001
  0.100000000000000E+001  0.148461183144088E+002  0.847512680320255E+000  0.695603122728693E+000  0.100050033358353E-002 -0.742305915720441E+001
  0.100000000000000E+001  0.148459920808986E+002  0.900288147982699E+000  0.570471647652856E+000  0.100050033358353E-002 -0.742299604044928E+001
  0.100000000000000E+001  0.148445073924014E+002  0.848460423406717E+000  0.693615926550985E+000  0.100050033358353E-002 -0.742225369620070E+001
  0.100000000000000E+001  0.148443226513549E+002  0.848572983801833E+000  0.693379387475919E+000  0.100050033358353E-002 -0.742216132567744E+001
  0.100000000000000E+001  0.148430940276079E+002  0.849315496324971E+000  0.691816226428767E+000  0.100050033358353E-002 -0.742154701380393E+001
  0.100000000000000E+001  0.148428041663004E+002  0.849497635134360E+000  0.691432033066170E+000  0.100050033358353E-002 -0.742140208315021E+001
  0.100000000000000E+001  0.148423365152599E+002  0.849783253019800E+000  0.690828970454704E+000  0.100050033358353E-002 -0.742116825762996E+001
  0.100000000000000E+001  0.148418825001099E+002  0.898456731102329E+000  0.575409284870538E+000  0.100050033358353E-002 -0.742094125005494E+001
  0.100000000000000E+001  0.148413733970246E+002  0.898216718202104E+000  0.576052499766119E+000  0.100050033358353E-002 -0.742068669851228E+001
  0.100000000000000E+001  0.148394925226411E+002  0.851604020138002E+000  0.686967306645681E+000  0.100050033358353E-002 -0.741974626132055E+001
  0.100000000000000E+001  0.148387372953863E+002  0.896864846237029E+000  0.579658886061681E+000  0.100050033358353E-002 -0.741936864769316E+001
  0.100000000000000E+001  0.148387173776028E+002  0.896910435028130E+000  0.579537722816602E+000  0.100050033358353E-002 -0.741935868880142E+001
  0.100000000000000E+001  0.148382641507069E+002  0.852420009732591E+000  0.685226916416998E+000  0.100050033358353E-002 -0.741913207535345E+001
  0.100000000000000E+001  0.148381208134663E+002  0.896602656233548E+000  0.580355108954771E+000  0.100050033358353E-002 -0.741906040673313E+001
  0.100000000000000E+001  0.148377905943197E+002  0.852741323476546E+000  0.684539927048233E+000  0.100050033358353E-002 -0.741889529715985E+001
  0.100000000000000E+001  0.148363457620378E+002  0.853746055062617E+000  0.682385607277116E+000  0.100050033358353E-002 -0.741817288101890E+001
  0.100000000000000E+001  0.148339559787845E+002  0.855201495780876E+000  0.679248244045942E+000  0.100050033358353E-002 -0.741697798939223E+001
  0.100000000000000E+001  0.148331248217787E+002  0.856134581070762E+000  0.677226403718195E+000  0.100050033358353E-002 -0.741656241088933E+001
  0.100000000000000E+001  0.148326381334502E+002  0.893469803914858E+000  0.588594905356306E+000  0.100050033358353E-002 -0.741631906672508E+001
  0.100000000000000E+001  0.148325598778192E+002  0.856576852500426E+000  0.676265191225961E+000  0.100050033358353E-002 -0.741627993890960E+001
  0.100000000000000E+001  0.148318332476895E+002  0.892865678802213E+000  0.590167314618655E+000  0.100050033358353E-002 -0.741591662384475E+001
  0.100000000000000E+001  0.148314379695739E+002  0.857483912101683E+000  0.674287983777949E+000  0.100050033358353E-002 -0.741571898478697E+001
  0.100000000000000E+001  0.148310405928783E+002  0.857811644397650E+000  0.673571650011501E+000  0.100050033358353E-002 -0.741552029643917E+001
  0.100000000000000E+001  0.148304508849440E+002  0.892015999327191E+000  0.592369995561447E+000  0.100050033358353E-002 -0.741522544247201E+001
  0.100000000000000E+001  0.148298206006473E+002  0.858861853999057E+000  0.671269176250456E+000  0.100050033358353E-002 -0.741491030032365E+001
  0.100000000000000E+001  0.148295581229032E+002  0.891378731273503E+000  0.594015298069447E+000  0.100050033358353E-002 -0.741477906145158E+001
  0.100000000000000E+001  0.148293404016911E+002  0.891211005092049E+000  0.594447382482520E+000  0.100050033358353E-002 -0.741467020084557E+001
  0.100000000000000E+001  0.148290284217554E+002  0.859572568924853E+000  0.669704912789113E+000  0.100050033358353E-002 -0.741451421087772E+001
  0.100000000000000E+001  0.148289936316558E+002  0.859559536762837E+000  0.669733640750853E+000  0.100050033358353E-002 -0.741449681582792E+001
  0.100000000000000E+001  0.148289794892280E+002  0.890944549413516E+000  0.595132994915085E+000  0.100050033358353E-002 -0.741448974461399E+001
  0.100000000000000E+001  0.148280799542830E+002  0.891175602323778E+000  0.594538534085314E+000  0.100050033358353E-002 -0.741403997714152E+001
  0.100000000000000E+001  0.148278557039905E+002  0.890062262701624E+000  0.597396118215968E+000  0.100050033358353E-002 -0.741392785199524E+001
  0.100000000000000E+001  0.148267825365566E+002  0.861750481943656E+000  0.664880344255541E+000  0.100050033358353E-002 -0.741339126827828E+001
  0.100000000000000E+001  0.148255699850018E+002  0.888035945337329E+000  0.602553178429601E+000  0.100050033358353E-002 -0.741278499250089E+001
  0.100000000000000E+001  0.148250238825151E+002  0.887501019290797E+000  0.603905291384690E+000  0.100050033358353E-002 -0.741251194125757E+001
  0.100000000000000E+001  0.148238509814289E+002  0.886219158446366E+000  0.607129856326896E+000  0.100050033358353E-002 -0.741192549071444E+001
  0.100000000000000E+001  0.148232419572597E+002  0.865974177567530E+000  0.655387265933628E+000  0.100050033358353E-002 -0.741162097862986E+001
  0.100000000000000E+001  0.148232322835385E+002  0.865986752822222E+000  0.655358726967933E+000  0.100050033358353E-002 -0.741161614176923E+001
  0.100000000000000E+001  0.148230814956492E+002  0.885287635635883E+000  0.609459525120003E+000  0.100050033358353E-002 -0.741154074782459E+001
  0.100000000000000E+001  0.148230532552829E+002  0.866244918005202E+000  0.654772466316143E+000  0.100050033358353E-002 -0.741152662764147E+001
  0.100000000000000E+001  0.148227109053903E+002  0.884824475111470E+000  0.610613638094427E+000  0.100050033358353E-002 -0.741135545269514E+001
  0.100000000000000E+001  0.148226174201677E+002  0.884658532264915E+000  0.611026460765900E+000  0.100050033358353E-002 -0.741130871008383E+001
  0.100000000000000E+001  0.148223348888088E+002  0.884264767187029E+000  0.612004622326156E+000  0.100050033358353E-002 -0.741116744440442E+001
  0.100000000000000E+001  0.148220356920429E+002  0.883816373419906E+000  0.613116059132723E+000  0.100050033358353E-002 -0.741101784602146E+001
  0.100000000000000E+001  0.148217060038072E+002  0.868427153447699E+000  0.649788714263690E+000  0.100050033358353E-002 -0.741085300190362E+001
  0.100000000000000E+001  0.148212877144577E+002  0.869234593990137E+000  0.647931780055435E+000  0.100050033358353E-002 -0.741064385722884E+001
  0.100000000000000E+001  0.148212161118529E+002  0.882411299366644E+000  0.616582224028542E+000  0.100050033358353E-002 -0.741060805592646E+001
  0.100000000000000E+001  0.148210043513150E+002  0.868489488663924E+000  0.649645607552712E+000  0.100050033358353E-002 -0.741050217565751E+001
  0.100000000000000E+001  0.148209317092517E+002  0.870001100931694E+000  0.646162443211978E+000  0.100050033358353E-002 -0.741046585462585E+001
  0.100000000000000E+001  0.148206237434963E+002  0.870748382365976E+000  0.644431300788452E+000  0.100050033358353E-002 -0.741031187174817E+001
  0.100000000000000E+001  0.148203760046960E+002  0.880480326421712E+000  0.621305273714045E+000  0.100050033358353E-002 -0.741018800234800E+001
  0.100000000000000E+001  0.148203557959117E+002  0.871490438502475E+000  0.642706172485455E+000  0.100050033358353E-002 -0.741017789795586E+001
  0.100000000000000E+001  0.148202540633532E+002  0.880131235865347E+000  0.622154203751928E+000  0.100050033358353E-002 -0.741012703167661E+001
  0.100000000000000E+001  0.148202522738232E+002  0.871659120577755E+000  0.642313169537074E+000  0.100050033358353E-002 -0.741012613691159E+001
  0.100000000000000E+001  0.148202419205521E+002  0.880089175936796E+000  0.622256385604613E+000  0.100050033358353E-002 -0.741012096027603E+001
  0.100000000000000E+001  0.148199950464654E+002  0.879235152414260E+000  0.624326510101803E+000  0.100050033358353E-002 -0.740999752323271E+001
  0.100000000000000E+001  0.148198451699350E+002  0.873420406991249E+000  0.638190616714225E+000  0.100050033358353E-002 -0.740992258496752E+001
  0.100000000000000E+001  0.148198052312798E+002  0.878368464643725E+000  0.626418293858100E+000  0.100050033358353E-002 -0.740990261563988E+001
  0.100000000000000E+001  0.148197014901578E+002  0.877677830273101E+000  0.628078707943025E+000  0.100050033358353E-002 -0.740985074507891E+001
  0.100000000000000E+001  0.148196215650548E+002  0.876924214581629E+000  0.629884063148773E+000  0.100050033358353E-002 -0.740981078252738E+001
  0.100000000000000E+001  0.148195922404953E+002  0.876268710772269E+000  0.631448928812125E+000  0.100050033358353E-002 -0.740979612024764E+001
  0.100000000000000E+001  0.148195918331921E+002  0.875780080501263E+000  0.632612144884845E+000  0.100050033358353E-002 -0.740979591659605E+001
  0.100000000000000E+001  0.148195913243625E+002  0.875767035034765E+000  0.632643162268196E+000  0.100050033358353E-002 -0.740979566218126E+001
  0.100000000000000E+001  0.134211908839942E+002  0.654904734256167E+000  0.990391589372480E+000  0.100050033358353E-002 -0.671059544199712E+001
