  0.100000000000000E+001  0.225779919895425E+002  0.922075686441213E+000  0.507192331786066E+000  0.100050033358353E-002 -0.112889959947713E+002
  0.100000000000000E+001  0.215062166694613E+002  0.227287544090435E-001  0.131020344571136E+001  0.100050033358353E-002 -0.107531083347306E+002
  0.100000000000000E+001  0.214815212764896E+002  0.268002826502288E-001  0.131007126368714E+001  0.100050033358353E-002 -0.107407606382448E+002
  0.100000000000000E+001  0.213655215672304E+002  0.912830294660606E+000  0.535145593043604E+000  0.100050033358353E-002 -0.106827607836152E+002
  0.100000000000000E+001  0.213584386232509E+002  0.438240123455880E-001  0.130928291835355E+001  0.100050033358353E-002 -0.106792193116254E+002
  0.100000000000000E+001  0.213314051716282E+002  0.632671064497125E-001  0.130791649930939E+001  0.100050033358353E-002 -0.106657025858141E+002
  0.100000000000000E+001  0.213250930289560E+002  0.604674826475573E-001  0.130814392782338E+001  0.100050033358353E-002 -0.106625465144780E+002
  0.100000000000000E+001  0.213228258768417E+002  0.203697055577833E-001  0.131027008353374E+001  0.100050033358353E-002 -0.106614129384208E+002
  0.100000000000000E+001  0.213212947566679E+002  0.646129889842145E-001  0.130780348830223E+001  0.100050033358353E-002 -0.106606473783339E+002
  0.100000000000000E+001  0.212662625458737E+002  0.820431268353142E-001  0.130612387473999E+001  0.100050033358353E-002 -0.106331312729368E+002
  0.100000000000000E+001  0.212608663127749E+002  0.841081557867541E-001  0.130589826654215E+001  0.100050033358353E-002 -0.106304331563875E+002
  0.100000000000000E+001  0.212496501850335E+002  0.895631254936323E-001  0.130527512525458E+001  0.100050033358353E-002 -0.106248250925167E+002
  0.100000000000000E+001  0.212366716467123E+002  0.911767292505776E+000  0.538249035597316E+000  0.100050033358353E-002 -0.106183358233561E+002
  0.100000000000000E+001  0.212295306278227E+002  0.939711856593542E-001  0.130474274347147E+001  0.100050033358353E-002 -0.106147653139114E+002
  0.100000000000000E+001  0.212155053360253E+002  0.994483781384511E-001  0.130404527995026E+001  0.100050033358353E-002 -0.106077526680127E+002
  0.100000000000000E+001  0.212060620279067E+002  0.101566557776852E+000  0.130376485475217E+001  0.100050033358353E-002 -0.106030310139534E+002
  0.100000000000000E+001  0.211544076632390E+002  0.114428569051001E+000  0.130193367676906E+001  0.100050033358353E-002 -0.105772038316195E+002
  0.100000000000000E+001  0.210520546948652E+002  0.136487761550640E+000  0.129827762965764E+001  0.100050033358353E-002 -0.105260273474326E+002
  0.100000000000000E+001  0.209658898973561E+002  0.152432322395968E+000  0.129522688982349E+001  0.100050033358353E-002 -0.104829449486780E+002
  0.100000000000000E+001  0.208018515947600E+002  0.179202875630578E+000  0.128932713128121E+001  0.100050033358353E-002 -0.104009257973800E+002
  0.100000000000000E+001  0.207165268746986E+002  0.191449063635134E+000  0.128630031513361E+001  0.100050033358353E-002 -0.103582634373493E+002
  0.100000000000000E+001  0.204233235502347E+002  0.229051046130167E+000  0.127570047085460E+001  0.100050033358353E-002 -0.102116617751173E+002
  0.100000000000000E+001  0.204025613449815E+002  0.231408254975733E+000  0.127496960627954E+001  0.100050033358353E-002 -0.102012806724908E+002
  0.100000000000000E+001  0.203195223876262E+002  0.240950241087815E+000  0.127193011744471E+001  0.100050033358353E-002 -0.101597611938131E+002
  0.100000000000000E+001  0.201684259132536E+002  0.257282410603542E+000  0.126642425065091E+001  0.100050033358353E-002 -0.100842129566268E+002
  0.100000000000000E+001  0.200430707264520E+002  0.270035721164437E+000  0.126185576404550E+001  0.100050033358353E-002 -0.100215353632260E+002
  0.100000000000000E+001  0.200388172923829E+002  0.270525503905574E+000  0.126167556953620E+001  0.100050033358353E-002 -0.100194086461914E+002
  0.100000000000000E+001  0.200332173032073E+002  0.271135181577958E+000  0.126145077254443E+001  0.100050033358353E-002 -0.100166086516036E+002
  0.100000000000000E+001  0.196622002308273E+002  0.305944197316155E+000  0.124770078540364E+001  0.100050033358353E-002 -0.983110011541364E+001
  0.100000000000000E+001  0.195370437898322E+002  0.316977251513578E+000  0.124296146483387E+001  0.100050033358353E-002 -0.976852189491612E+001
  0.100000000000000E+001  0.194471045368379E+002  0.895222734532561E+000  0.584002360230308E+000  0.100050033358353E-002 -0.972355226841895E+001
  0.100000000000000E+001  0.193153252290884E+002  0.893833331679558E+000  0.587646178168491E+000  0.100050033358353E-002 -0.965766261454418E+001
  0.100000000000000E+001  0.189724071831545E+002  0.362604725799051E+000  0.122135048359128E+001  0.100050033358353E-002 -0.948620359157723E+001
  0.100000000000000E+001  0.189315251714588E+002  0.365691906785042E+000  0.121976856795105E+001  0.100050033358353E-002 -0.946576258572940E+001
  0.100000000000000E+001  0.188904895363927E+002  0.368823738569292E+000  0.121814794294070E+001  0.100050033358353E-002 -0.944524476819634E+001
  0.100000000000000E+001  0.188539738208484E+002  0.371538698740747E+000  0.121673008566562E+001  0.100050033358353E-002 -0.942698691042421E+001
  0.100000000000000E+001  0.187725388909272E+002  0.377581957006722E+000  0.121353066060597E+001  0.100050033358353E-002 -0.938626944546361E+001
  0.100000000000000E+001  0.187651142537887E+002  0.378115055230944E+000  0.121324554098758E+001  0.100050033358353E-002 -0.938255712689434E+001
  0.100000000000000E+001  0.186360822911419E+002  0.387539546663973E+000  0.120812717822112E+001  0.100050033358353E-002 -0.931804114557096E+001
  0.100000000000000E+001  0.185405971216353E+002  0.394378731470765E+000  0.120431994229993E+001  0.100050033358353E-002 -0.927029856081765E+001
  0.100000000000000E+001  0.185278734778924E+002  0.395301483809292E+000  0.120380023341346E+001  0.100050033358353E-002 -0.926393673894618E+001
  0.100000000000000E+001  0.185148370542178E+002  0.396200877752097E+000  0.120329229474523E+001  0.100050033358353E-002 -0.925741852710889E+001
  0.100000000000000E+001  0.184544034350440E+002  0.400481951335183E+000  0.120085572507553E+001  0.100050033358353E-002 -0.922720171752202E+001
  0.100000000000000E+001  0.184147360161673E+002  0.403276226234136E+000  0.119924853843780E+001  0.100050033358353E-002 -0.920736800808363E+001
  0.100000000000000E+001  0.183818422352035E+002  0.405556945371393E+000  0.119792683858981E+001  0.100050033358353E-002 -0.919092111760175E+001
  0.100000000000000E+001  0.182613383310932E+002  0.413871723161910E+000  0.119303252836831E+001  0.100050033358353E-002 -0.913066916554660E+001
  0.100000000000000E+001  0.182089405354715E+002  0.417469723992210E+000  0.119087750135258E+001  0.100050033358353E-002 -0.910447026773573E+001
  0.100000000000000E+001  0.181973137726603E+002  0.880886088559481E+000  0.620316643797827E+000  0.100050033358353E-002 -0.909865688633015E+001
  0.100000000000000E+001  0.181752439088823E+002  0.419748839529311E+000  0.118950073225917E+001  0.100050033358353E-002 -0.908762195444115E+001
  0.100000000000000E+001  0.181149823726416E+002  0.879824650811951E+000  0.622898536110747E+000  0.100050033358353E-002 -0.905749118632078E+001
  0.100000000000000E+001  0.181123899561976E+002  0.423995416415378E+000  0.118691114831742E+001  0.100050033358353E-002 -0.905619497809878E+001
  0.100000000000000E+001  0.180971242556512E+002  0.425053050812969E+000  0.118626125713167E+001  0.100050033358353E-002 -0.904856212782559E+001
  0.100000000000000E+001  0.180029032901834E+002  0.878365328536385E+000  0.626425846549080E+000  0.100050033358353E-002 -0.900145164509171E+001
  0.100000000000000E+001  0.179964816644811E+002  0.431760424179459E+000  0.118209358173387E+001  0.100050033358353E-002 -0.899824083224055E+001
  0.100000000000000E+001  0.179699229880441E+002  0.433533964923328E+000  0.118097818329082E+001  0.100050033358353E-002 -0.898496149402204E+001
  0.100000000000000E+001  0.179559691560008E+002  0.434459064992394E+000  0.118039414359094E+001  0.100050033358353E-002 -0.897798457800042E+001
  0.100000000000000E+001  0.179299284908394E+002  0.877400622560277E+000  0.628743567417597E+000  0.100050033358353E-002 -0.896496424541968E+001
  0.100000000000000E+001  0.179011003857143E+002  0.438073305099824E+000  0.117809764561197E+001  0.100050033358353E-002 -0.895055019285716E+001
  0.100000000000000E+001  0.178569487352748E+002  0.441002921166232E+000  0.117621887273643E+001  0.100050033358353E-002 -0.892847436763739E+001
  0.100000000000000E+001  0.178410396924602E+002  0.876198503565053E+000  0.631616233353625E+000  0.100050033358353E-002 -0.892051984623009E+001
  0.100000000000000E+001  0.177406219622645E+002  0.448583961647389E+000  0.117128471750612E+001  0.100050033358353E-002 -0.887031098113223E+001
  0.100000000000000E+001  0.176989724367956E+002  0.451287103546603E+000  0.116949991749034E+001  0.100050033358353E-002 -0.884948621839779E+001
  0.100000000000000E+001  0.176744775914385E+002  0.452873346572074E+000  0.116844630089481E+001  0.100050033358353E-002 -0.883723879571927E+001
  0.100000000000000E+001  0.176507195871988E+002  0.873566331206260E+000  0.637847489458065E+000  0.100050033358353E-002 -0.882535979359938E+001
  0.100000000000000E+001  0.176212680638049E+002  0.456281373951862E+000  0.116616686265002E+001  0.100050033358353E-002 -0.881063403190245E+001
  0.100000000000000E+001  0.176143534189734E+002  0.873056244882708E+000  0.639045856929947E+000  0.100050033358353E-002 -0.880717670948668E+001
  0.100000000000000E+001  0.174233878644400E+002  0.468919238746981E+000  0.115752448853448E+001  0.100050033358353E-002 -0.871169393222000E+001
  0.100000000000000E+001  0.174039394832075E+002  0.869991125510643E+000  0.646185510735476E+000  0.100050033358353E-002 -0.870196974160375E+001
  0.100000000000000E+001  0.173992759352756E+002  0.869921932231792E+000  0.646345485831274E+000  0.100050033358353E-002 -0.869963796763778E+001
  0.100000000000000E+001  0.173885263370239E+002  0.869762858154729E+000  0.646713067355897E+000  0.100050033358353E-002 -0.869426316851194E+001
  0.100000000000000E+001  0.173842542767156E+002  0.471386926715696E+000  0.115580172950502E+001  0.100050033358353E-002 -0.869212713835778E+001
  0.100000000000000E+001  0.173381059491549E+002  0.474286805936623E+000  0.115376237323355E+001  0.100050033358353E-002 -0.866905297457747E+001
  0.100000000000000E+001  0.173152039917663E+002  0.475727286632346E+000  0.115274334822748E+001  0.100050033358353E-002 -0.865760199588317E+001
  0.100000000000000E+001  0.173041108660404E+002  0.476429141052814E+000  0.115224539514898E+001  0.100050033358353E-002 -0.865205543302018E+001
  0.100000000000000E+001  0.172818606101391E+002  0.477819798336884E+000  0.115125594203527E+001  0.100050033358353E-002 -0.864093030506953E+001
  0.100000000000000E+001  0.172748449026435E+002  0.478261755294686E+000  0.115094070706863E+001  0.100050033358353E-002 -0.863742245132176E+001
  0.100000000000000E+001  0.172481251759887E+002  0.479933340922107E+000  0.114974499347548E+001  0.100050033358353E-002 -0.862406258799436E+001
  0.100000000000000E+001  0.172316987569482E+002  0.867389311384697E+000  0.652165233513501E+000  0.100050033358353E-002 -0.861584937847409E+001
  0.100000000000000E+001  0.171877496632594E+002  0.483711518967378E+000  0.114702239056510E+001  0.100050033358353E-002 -0.859387483162970E+001
  0.100000000000000E+001  0.171483291461510E+002  0.486167265797608E+000  0.114523779821339E+001  0.100050033358353E-002 -0.857416457307550E+001
  0.100000000000000E+001  0.171463093877360E+002  0.866053519529450E+000  0.655207175213930E+000  0.100050033358353E-002 -0.857315469386801E+001
  0.100000000000000E+001  0.171421304770511E+002  0.865987684059519E+000  0.655356613501550E+000  0.100050033358353E-002 -0.857106523852556E+001
  0.100000000000000E+001  0.171380543915057E+002  0.486823418057190E+000  0.114475896934182E+001  0.100050033358353E-002 -0.856902719575284E+001
  0.100000000000000E+001  0.171248946062160E+002  0.487630346839181E+000  0.114416895004569E+001  0.100050033358353E-002 -0.856244730310801E+001
  0.100000000000000E+001  0.171021808580100E+002  0.489055885030790E+000  0.114312347392315E+001  0.100050033358353E-002 -0.855109042900498E+001
  0.100000000000000E+001  0.170961629798272E+002  0.489422664955289E+000  0.114285383235819E+001  0.100050033358353E-002 -0.854808148991358E+001
  0.100000000000000E+001  0.170046082845094E+002  0.495105082988069E+000  0.113864226940283E+001  0.100050033358353E-002 -0.850230414225471E+001
  0.100000000000000E+001  0.169173008035509E+002  0.500488760214648E+000  0.113459260724874E+001  0.100050033358353E-002 -0.845865040177546E+001
  0.100000000000000E+001  0.169119073170714E+002  0.500829071829223E+000  0.113433466051391E+001  0.100050033358353E-002 -0.845595365853572E+001
  0.100000000000000E+001  0.168722643911181E+002  0.503269730323513E+000  0.113247784073787E+001  0.100050033358353E-002 -0.843613219555903E+001
  0.100000000000000E+001  0.168650343454681E+002  0.861482247272022E+000  0.665477094208065E+000  0.100050033358353E-002 -0.843251717273404E+001
  0.100000000000000E+001  0.168633598612927E+002  0.503805210197920E+000  0.113206883862425E+001  0.100050033358353E-002 -0.843167993064636E+001
  0.100000000000000E+001  0.168605565837322E+002  0.861407822841452E+000  0.665642540823122E+000  0.100050033358353E-002 -0.843027829186612E+001
  0.100000000000000E+001  0.168480949833720E+002  0.504757662498556E+000  0.113133990982483E+001  0.100050033358353E-002 -0.842404749168600E+001
  0.100000000000000E+001  0.168399652035866E+002  0.505257528925709E+000  0.113095661387156E+001  0.100050033358353E-002 -0.841998260179330E+001
  0.100000000000000E+001  0.167656203469604E+002  0.859784364266109E+000  0.669237799375312E+000  0.100050033358353E-002 -0.838281017348020E+001
  0.100000000000000E+001  0.167493002843732E+002  0.510828074639869E+000  0.112665053921024E+001  0.100050033358353E-002 -0.837465014218660E+001
  0.100000000000000E+001  0.166872301330423E+002  0.858419777393172E+000  0.672239687132339E+000  0.100050033358353E-002 -0.834361506652113E+001
  0.100000000000000E+001  0.166729571400817E+002  0.858165165628661E+000  0.672797786163648E+000  0.100050033358353E-002 -0.833647857004084E+001
  0.100000000000000E+001  0.165935435637435E+002  0.856752631104332E+000  0.675882644394337E+000  0.100050033358353E-002 -0.829677178187176E+001
  0.100000000000000E+001  0.165686188843914E+002  0.856295147640863E+000  0.676877650890067E+000  0.100050033358353E-002 -0.828430944219569E+001
  0.100000000000000E+001  0.165465671610233E+002  0.523241964201670E+000  0.111682313675455E+001  0.100050033358353E-002 -0.827328358051164E+001
  0.100000000000000E+001  0.165402255215879E+002  0.855775920561540E+000  0.678004535576170E+000  0.100050033358353E-002 -0.827011276079395E+001
  0.100000000000000E+001  0.165143014868016E+002  0.525215272434622E+000  0.111523113777084E+001  0.100050033358353E-002 -0.825715074340081E+001
  0.100000000000000E+001  0.164458817328005E+002  0.529394513059720E+000  0.111183208023587E+001  0.100050033358353E-002 -0.822294086640024E+001
  0.100000000000000E+001  0.164345999468064E+002  0.530075054401004E+000  0.111127504265468E+001  0.100050033358353E-002 -0.821729997340322E+001
  0.100000000000000E+001  0.164197842321631E+002  0.530994560713585E+000  0.111052082563950E+001  0.100050033358353E-002 -0.820989211608154E+001
  0.100000000000000E+001  0.164135324363167E+002  0.531372419229676E+000  0.111021036276527E+001  0.100050033358353E-002 -0.820676621815835E+001
  0.100000000000000E+001  0.164036259082442E+002  0.531968388110867E+000  0.110972006649732E+001  0.100050033358353E-002 -0.820181295412210E+001
  0.100000000000000E+001  0.163808164557881E+002  0.533372433156427E+000  0.110856194335489E+001  0.100050033358353E-002 -0.819040822789403E+001
  0.100000000000000E+001  0.163707449811260E+002  0.533978695621295E+000  0.110806055049402E+001  0.100050033358353E-002 -0.818537249056300E+001
  0.100000000000000E+001  0.163546199810947E+002  0.534978296760115E+000  0.110723211680393E+001  0.100050033358353E-002 -0.817730999054734E+001
  0.100000000000000E+001  0.163163579607346E+002  0.537315218814580E+000  0.110528687861832E+001  0.100050033358353E-002 -0.815817898036729E+001
  0.100000000000000E+001  0.163106246795910E+002  0.537658973027247E+000  0.110499973487294E+001  0.100050033358353E-002 -0.815531233979551E+001
  0.100000000000000E+001  0.163070952431338E+002  0.537871999527709E+000  0.110482166056396E+001  0.100050033358353E-002 -0.815354762156690E+001
  0.100000000000000E+001  0.162716292728590E+002  0.540041874948925E+000  0.110300214263816E+001  0.100050033358353E-002 -0.813581463642951E+001
  0.100000000000000E+001  0.162688641907045E+002  0.540212502746029E+000  0.110285862687353E+001  0.100050033358353E-002 -0.813443209535227E+001
  0.100000000000000E+001  0.162667876393883E+002  0.540341607797647E+000  0.110274999351854E+001  0.100050033358353E-002 -0.813339381969415E+001
  0.100000000000000E+001  0.162226128660535E+002  0.849717410957229E+000  0.690968056128668E+000  0.100050033358353E-002 -0.811130643302673E+001
  0.100000000000000E+001  0.162071264741053E+002  0.543992094303741E+000  0.109966313443665E+001  0.100050033358353E-002 -0.810356323705264E+001
  0.100000000000000E+001  0.162031372963827E+002  0.544238324411133E+000  0.109945386029542E+001  0.100050033358353E-002 -0.810156864819134E+001
  0.100000000000000E+001  0.161807599758791E+002  0.848838064717822E+000  0.692821892344287E+000  0.100050033358353E-002 -0.809037998793955E+001
  0.100000000000000E+001  0.161561864131905E+002  0.547127495062368E+000  0.109698824298824E+001  0.100050033358353E-002 -0.807809320659527E+001
  0.100000000000000E+001  0.161484305955708E+002  0.848167334339394E+000  0.694231310846627E+000  0.100050033358353E-002 -0.807421529778539E+001
  0.100000000000000E+001  0.161430497207960E+002  0.547921790021004E+000  0.109630712831343E+001  0.100050033358353E-002 -0.807152486039801E+001
  0.100000000000000E+001  0.161068398080370E+002  0.550145850765615E+000  0.109439245448940E+001  0.100050033358353E-002 -0.805341990401851E+001
  0.100000000000000E+001  0.160865612625193E+002  0.551399391358995E+000  0.109330839105969E+001  0.100050033358353E-002 -0.804328063125963E+001
  0.100000000000000E+001  0.160404276387310E+002  0.845901831538605E+000  0.698962671335101E+000  0.100050033358353E-002 -0.802021381936549E+001
  0.100000000000000E+001  0.159873847802104E+002  0.557505720974816E+000  0.108797671096575E+001  0.100050033358353E-002 -0.799369239010521E+001
  0.100000000000000E+001  0.159806447523075E+002  0.844618594319759E+000  0.701622903915592E+000  0.100050033358353E-002 -0.799032237615375E+001
  0.100000000000000E+001  0.159768012423512E+002  0.558154160733350E+000  0.108740553784841E+001  0.100050033358353E-002 -0.798840062117559E+001
  0.100000000000000E+001  0.159608374872750E+002  0.844179953861101E+000  0.702529000155334E+000  0.100050033358353E-002 -0.798041874363751E+001
  0.100000000000000E+001  0.159188867603235E+002  0.561736156054948E+000  0.108423294118682E+001  0.100050033358353E-002 -0.795944338016175E+001
  0.100000000000000E+001  0.158970716734437E+002  0.563096833079125E+000  0.108302001218520E+001  0.100050033358353E-002 -0.794853583672186E+001
  0.100000000000000E+001  0.158856625143064E+002  0.563794591523247E+000  0.108239635253357E+001  0.100050033358353E-002 -0.794283125715319E+001
  0.100000000000000E+001  0.158844574405007E+002  0.842485291770094E+000  0.706014328411334E+000  0.100050033358353E-002 -0.794222872025037E+001
  0.100000000000000E+001  0.158348907164284E+002  0.566958435305585E+000  0.107955425544203E+001  0.100050033358353E-002 -0.791744535821421E+001
  0.100000000000000E+001  0.158100053947083E+002  0.840788085166200E+000  0.709480762026372E+000  0.100050033358353E-002 -0.790500269735413E+001
  0.100000000000000E+001  0.158099969911199E+002  0.568503268261450E+000  0.107815800805233E+001  0.100050033358353E-002 -0.790499849555994E+001
  0.100000000000000E+001  0.157783529229713E+002  0.570476982342376E+000  0.107636595446594E+001  0.100050033358353E-002 -0.788917646148565E+001
  0.100000000000000E+001  0.157536843198491E+002  0.572014252181471E+000  0.107496379345081E+001  0.100050033358353E-002 -0.787684215992456E+001
  0.100000000000000E+001  0.157472546912224E+002  0.572420489991962E+000  0.107459232282595E+001  0.100050033358353E-002 -0.787362734561121E+001
  0.100000000000000E+001  0.157373350222400E+002  0.573047959433330E+000  0.107401778320338E+001  0.100050033358353E-002 -0.786866751111999E+001
  0.100000000000000E+001  0.157329805653965E+002  0.838978663330301E+000  0.713150190620393E+000  0.100050033358353E-002 -0.786649028269825E+001
  0.100000000000000E+001  0.157210978460800E+002  0.574055717700455E+000  0.107309307127171E+001  0.100050033358353E-002 -0.786054892304001E+001
  0.100000000000000E+001  0.157186096217882E+002  0.838632116543599E+000  0.713849921378413E+000  0.100050033358353E-002 -0.785930481089410E+001
  0.100000000000000E+001  0.157107128163661E+002  0.574715411071750E+000  0.107248642866543E+001  0.100050033358353E-002 -0.785535640818305E+001
  0.100000000000000E+001  0.156820227234203E+002  0.576515608633049E+000  0.107082569833170E+001  0.100050033358353E-002 -0.784101136171015E+001
  0.100000000000000E+001  0.156568086132478E+002  0.578098988629276E+000  0.106935855372658E+001  0.100050033358353E-002 -0.782840430662388E+001
  0.100000000000000E+001  0.156407143835849E+002  0.836735824848823E+000  0.717661653458342E+000  0.100050033358353E-002 -0.782035719179244E+001
  0.100000000000000E+001  0.156202579191844E+002  0.836220536033167E+000  0.718692456507868E+000  0.100050033358353E-002 -0.781012895959221E+001
  0.100000000000000E+001  0.156069848144390E+002  0.581255925649140E+000  0.106641529155479E+001  0.100050033358353E-002 -0.780349240721952E+001
  0.100000000000000E+001  0.155859437161916E+002  0.835363869872326E+000  0.720401498216708E+000  0.100050033358353E-002 -0.779297185809578E+001
  0.100000000000000E+001  0.155795710973024E+002  0.582996302594967E+000  0.106478235783059E+001  0.100050033358353E-002 -0.778978554865118E+001
  0.100000000000000E+001  0.155261378627514E+002  0.833824467858659E+000  0.723458068065924E+000  0.100050033358353E-002 -0.776306893137568E+001
  0.100000000000000E+001  0.154985893273782E+002  0.833113483069620E+000  0.724863522034924E+000  0.100050033358353E-002 -0.774929466368910E+001
  0.100000000000000E+001  0.154827251773411E+002  0.589179409203267E+000  0.105892087479787E+001  0.100050033358353E-002 -0.774136258867055E+001
  0.100000000000000E+001  0.154756767312052E+002  0.589625855632261E+000  0.105849399328263E+001  0.100050033358353E-002 -0.773783836560259E+001
  0.100000000000000E+001  0.154755830554234E+002  0.589634837581551E+000  0.105848539986975E+001  0.100050033358353E-002 -0.773779152771171E+001
  0.100000000000000E+001  0.154726024050799E+002  0.589820588998943E+000  0.105830763859415E+001  0.100050033358353E-002 -0.773630120253995E+001
  0.100000000000000E+001  0.154689082190252E+002  0.832321322264115E+000  0.726424832117468E+000  0.100050033358353E-002 -0.773445410951260E+001
  0.100000000000000E+001  0.154498608137016E+002  0.591292291820934E+000  0.105689620259734E+001  0.100050033358353E-002 -0.772493040685082E+001
  0.100000000000000E+001  0.154428235596126E+002  0.591740800941914E+000  0.105646498514170E+001  0.100050033358353E-002 -0.772141177980631E+001
  0.100000000000000E+001  0.154220230984167E+002  0.593091348621649E+000  0.105516346427921E+001  0.100050033358353E-002 -0.771101154920833E+001
  0.100000000000000E+001  0.154106393550824E+002  0.593820544629999E+000  0.105445883620274E+001  0.100050033358353E-002 -0.770531967754118E+001
  0.100000000000000E+001  0.154074338952342E+002  0.594027687436923E+000  0.105425842852934E+001  0.100050033358353E-002 -0.770371694761709E+001
  0.100000000000000E+001  0.153829620000711E+002  0.595619133549125E+000  0.105271511988053E+001  0.100050033358353E-002 -0.769148100003553E+001
  0.100000000000000E+001  0.153764662047142E+002  0.829805227790599E+000  0.731352051039530E+000  0.100050033358353E-002 -0.768823310235712E+001
  0.100000000000000E+001  0.153624380820775E+002  0.597223177803774E+000  0.105115311375458E+001  0.100050033358353E-002 -0.768121904103876E+001
  0.100000000000000E+001  0.153565490887811E+002  0.597343603383691E+000  0.105103558087646E+001  0.100050033358353E-002 -0.767827454439053E+001
  0.100000000000000E+001  0.153535416643287E+002  0.597535991511572E+000  0.105084773758167E+001  0.100050033358353E-002 -0.767677083216437E+001
  0.100000000000000E+001  0.153512514744945E+002  0.597685281491773E+000  0.105070190948487E+001  0.100050033358353E-002 -0.767562573724723E+001
  0.100000000000000E+001  0.153502824849212E+002  0.829081934206474E+000  0.732759585880638E+000  0.100050033358353E-002 -0.767514124246058E+001
  0.100000000000000E+001  0.153396015860495E+002  0.598448687751895E+000  0.104995531936971E+001  0.100050033358353E-002 -0.766980079302473E+001
  0.100000000000000E+001  0.153393566202166E+002  0.598464739557917E+000  0.104993960521714E+001  0.100050033358353E-002 -0.766967831010828E+001
  0.100000000000000E+001  0.153380228015199E+002  0.828734425615833E+000  0.733434443890378E+000  0.100050033358353E-002 -0.766901140075993E+001
  0.100000000000000E+001  0.153000413391611E+002  0.827643327417732E+000  0.735547488474396E+000  0.100050033358353E-002 -0.765002066958053E+001
  0.100000000000000E+001  0.152826704593259E+002  0.827146789489588E+000  0.736506168310907E+000  0.100050033358353E-002 -0.764133522966297E+001
  0.100000000000000E+001  0.152675257838485E+002  0.603195791476689E+000  0.104527932545255E+001  0.100050033358353E-002 -0.763376289192424E+001
  0.100000000000000E+001  0.152666975037004E+002  0.603250189075254E+000  0.104522540688560E+001  0.100050033358353E-002 -0.763334875185021E+001
  0.100000000000000E+001  0.152631520277731E+002  0.826572570348567E+000  0.737612559986159E+000  0.100050033358353E-002 -0.763157601388655E+001
  0.100000000000000E+001  0.152462572184120E+002  0.826067589474672E+000  0.738583541730939E+000  0.100050033358353E-002 -0.762312860920600E+001
  0.100000000000000E+001  0.152328742855588E+002  0.605493144199519E+000  0.104299553394639E+001  0.100050033358353E-002 -0.761643714277940E+001
  0.100000000000000E+001  0.152295019329786E+002  0.605714643616027E+000  0.104277461819612E+001  0.100050033358353E-002 -0.761475096648929E+001
  0.100000000000000E+001  0.152288470150569E+002  0.825553146728738E+000  0.739570797043511E+000  0.100050033358353E-002 -0.761442350752844E+001
  0.100000000000000E+001  0.152235733217331E+002  0.825397617367123E+000  0.739868889601427E+000  0.100050033358353E-002 -0.761178666086655E+001
  0.100000000000000E+001  0.152193082671639E+002  0.606396262709442E+000  0.104209399412788E+001  0.100050033358353E-002 -0.760965413358193E+001
  0.100000000000000E+001  0.151899860334805E+002  0.608358387654357E+000  0.104012796433535E+001  0.100050033358353E-002 -0.759499301674023E+001
  0.100000000000000E+001  0.151831893032261E+002  0.608819430857315E+000  0.103966454139176E+001  0.100050033358353E-002 -0.759159465161305E+001
  0.100000000000000E+001  0.151753395146009E+002  0.823924857741968E+000  0.742682924335387E+000  0.100050033358353E-002 -0.758766975730045E+001
  0.100000000000000E+001  0.151689614785195E+002  0.823729718972471E+000  0.743054604619964E+000  0.100050033358353E-002 -0.758448073925975E+001
  0.100000000000000E+001  0.151615425578827E+002  0.610271697879285E+000  0.103820112786112E+001  0.100050033358353E-002 -0.758077127894137E+001
  0.100000000000000E+001  0.151611230385846E+002  0.610300259462259E+000  0.103817229139158E+001  0.100050033358353E-002 -0.758056151929232E+001
  0.100000000000000E+001  0.151554398634333E+002  0.610688055535722E+000  0.103778055012884E+001  0.100050033358353E-002 -0.757771993171667E+001
  0.100000000000000E+001  0.151531901646136E+002  0.610841241576563E+000  0.103762569633594E+001  0.100050033358353E-002 -0.757659508230678E+001
  0.100000000000000E+001  0.151486526910981E+002  0.823107032225121E+000  0.744238805574090E+000  0.100050033358353E-002 -0.757432634554905E+001
  0.100000000000000E+001  0.151442565915573E+002  0.611443134724289E+000  0.103701665003650E+001  0.100050033358353E-002 -0.757212829577864E+001
  0.100000000000000E+001  0.151339550614615E+002  0.822643197197340E+000  0.745119104714524E+000  0.100050033358353E-002 -0.756697753073076E+001
  0.100000000000000E+001  0.151148087184894E+002  0.613443234999115E+000  0.103498588734578E+001  0.100050033358353E-002 -0.755740435924470E+001
  0.100000000000000E+001  0.150934610200178E+002  0.614903635781797E+000  0.103349637822650E+001  0.100050033358353E-002 -0.754673051000890E+001
  0.100000000000000E+001  0.150822178681376E+002  0.820991536413000E+000  0.748241324099957E+000  0.100050033358353E-002 -0.754110893406882E+001
  0.100000000000000E+001  0.150662872267924E+002  0.820466026503588E+000  0.749230682724219E+000  0.100050033358353E-002 -0.753314361339620E+001
  0.100000000000000E+001  0.150538072913656E+002  0.617625296351374E+000  0.103070524313718E+001  0.100050033358353E-002 -0.752690364568279E+001
  0.100000000000000E+001  0.150518868560759E+002  0.617756838982381E+000  0.103056983842605E+001  0.100050033358353E-002 -0.752594342803793E+001
  0.100000000000000E+001  0.150504552136749E+002  0.617855210900783E+000  0.103046854784027E+001  0.100050033358353E-002 -0.752522760683746E+001
  0.100000000000000E+001  0.150488520487889E+002  0.617965754940122E+000  0.103035469285992E+001  0.100050033358353E-002 -0.752442602439447E+001
  0.100000000000000E+001  0.150396866152726E+002  0.618604492068346E+000  0.102969617903604E+001  0.100050033358353E-002 -0.751984330763628E+001
  0.100000000000000E+001  0.150335167798883E+002  0.819383781621609E+000  0.751262092755386E+000  0.100050033358353E-002 -0.751675838994413E+001
  0.100000000000000E+001  0.150155653932517E+002  0.620277830443014E+000  0.102796579825910E+001  0.100050033358353E-002 -0.750778269662587E+001
  0.100000000000000E+001  0.150080339407761E+002  0.620807912659222E+000  0.102741606199211E+001  0.100050033358353E-002 -0.750401697038804E+001
  0.100000000000000E+001  0.150023757807214E+002  0.621203325994610E+000  0.102700549014876E+001  0.100050033358353E-002 -0.750118789036071E+001
  0.100000000000000E+001  0.150022437977796E+002  0.818323409617668E+000  0.753244542965950E+000  0.100050033358353E-002 -0.750112189888979E+001
  0.100000000000000E+001  0.149933548542646E+002  0.621829638200594E+000  0.102635429619957E+001  0.100050033358353E-002 -0.749667742713232E+001
  0.100000000000000E+001  0.149749043272075E+002  0.817388036133294E+000  0.754986853880729E+000  0.100050033358353E-002 -0.748745216360376E+001
  0.100000000000000E+001  0.149674837495263E+002  0.817133167853637E+000  0.755460553052966E+000  0.100050033358353E-002 -0.748374187476315E+001
  0.100000000000000E+001  0.149661517003679E+002  0.817086998491993E+000  0.755546316037108E+000  0.100050033358353E-002 -0.748307585018396E+001
  0.100000000000000E+001  0.149655524829549E+002  0.623785967488506E+000  0.102431334506717E+001  0.100050033358353E-002 -0.748277624147744E+001
  0.100000000000000E+001  0.149642402204028E+002  0.623878224811656E+000  0.102421683823046E+001  0.100050033358353E-002 -0.748212011020142E+001
  0.100000000000000E+001  0.149627525778162E+002  0.816968490867631E+000  0.755766385937771E+000  0.100050033358353E-002 -0.748137628890811E+001
  0.100000000000000E+001  0.149558424263459E+002  0.624474749117165E+000  0.102359227277410E+001  0.100050033358353E-002 -0.747792121317293E+001
  0.100000000000000E+001  0.149542985995351E+002  0.624585094776557E+000  0.102347663281577E+001  0.100050033358353E-002 -0.747714929976754E+001
  0.100000000000000E+001  0.149534015815612E+002  0.624649197967472E+000  0.102340943861967E+001  0.100050033358353E-002 -0.747670079078059E+001
  0.100000000000000E+001  0.149312779753808E+002  0.815846160087569E+000  0.757845819400784E+000  0.100050033358353E-002 -0.746563898769041E+001
  0.100000000000000E+001  0.149150031841910E+002  0.815270496341832E+000  0.758909081619734E+000  0.100050033358353E-002 -0.745750159209550E+001
  0.100000000000000E+001  0.149130157084401E+002  0.815199549982232E+000  0.759039965943633E+000  0.100050033358353E-002 -0.745650785422004E+001
  0.100000000000000E+001  0.149005505255623E+002  0.628419928346248E+000  0.101943691311969E+001  0.100050033358353E-002 -0.745027526278117E+001
  0.100000000000000E+001  0.148860926965808E+002  0.629463308176749E+000  0.101833072244345E+001  0.100050033358353E-002 -0.744304634829039E+001
  0.100000000000000E+001  0.148817935062552E+002  0.629771682095991E+000  0.101800320282902E+001  0.100050033358353E-002 -0.744089675312762E+001
  0.100000000000000E+001  0.148756561636694E+002  0.630216188804215E+000  0.101753063054616E+001  0.100050033358353E-002 -0.743782808183469E+001
  0.100000000000000E+001  0.148746357582434E+002  0.630290636238073E+000  0.101745142853006E+001  0.100050033358353E-002 -0.743731787912169E+001
  0.100000000000000E+001  0.148669322521785E+002  0.630854061461604E+000  0.101685151664842E+001  0.100050033358353E-002 -0.743346612608925E+001
  0.100000000000000E+001  0.148631929851399E+002  0.631126155443683E+000  0.101656148340785E+001  0.100050033358353E-002 -0.743159649256996E+001
  0.100000000000000E+001  0.148523188109602E+002  0.631913768416773E+000  0.101572077033225E+001  0.100050033358353E-002 -0.742615940548009E+001
  0.100000000000000E+001  0.148492350464014E+002  0.812842431982251E+000  0.763369263172501E+000  0.100050033358353E-002 -0.742461752320070E+001
  0.100000000000000E+001  0.148481691163082E+002  0.632217633963061E+000  0.101539595188497E+001  0.100050033358353E-002 -0.742408455815412E+001
  0.100000000000000E+001  0.148428232268417E+002  0.632611918761720E+000  0.101497409151605E+001  0.100050033358353E-002 -0.742141161342087E+001
  0.100000000000000E+001  0.148394931464769E+002  0.632857529147498E+000  0.101471108191660E+001  0.100050033358353E-002 -0.741974657323845E+001
  0.100000000000000E+001  0.148338097270086E+002  0.812246720215280E+000  0.764457544384052E+000  0.100050033358353E-002 -0.741690486350431E+001
  0.100000000000000E+001  0.148073786204514E+002  0.635225635624811E+000  0.101216645955498E+001  0.100050033358353E-002 -0.740368931022572E+001
  0.100000000000000E+001  0.148053304806043E+002  0.635376576490479E+000  0.101200372817524E+001  0.100050033358353E-002 -0.740266524030213E+001
  0.100000000000000E+001  0.147864450000012E+002  0.636783955653389E+000  0.101048328854992E+001  0.100050033358353E-002 -0.739322250000058E+001
  0.100000000000000E+001  0.147830339371883E+002  0.810267061009867E+000  0.768057324870476E+000  0.100050033358353E-002 -0.739151696859415E+001
  0.100000000000000E+001  0.147797160083715E+002  0.810133527192453E+000  0.768299217998100E+000  0.100050033358353E-002 -0.738985800418574E+001
  0.100000000000000E+001  0.147788839530600E+002  0.637349010793470E+000  0.100987124844256E+001  0.100050033358353E-002 -0.738944197653001E+001
  0.100000000000000E+001  0.147751349691110E+002  0.809950120303688E+000  0.768631265903477E+000  0.100050033358353E-002 -0.738756748455548E+001
  0.100000000000000E+001  0.147689196724796E+002  0.809703085876192E+000  0.769078162582467E+000  0.100050033358353E-002 -0.738445983623981E+001
  0.100000000000000E+001  0.147673768001932E+002  0.638210159685767E+000  0.100893673461747E+001  0.100050033358353E-002 -0.738368840009660E+001
  0.100000000000000E+001  0.147635111312476E+002  0.638503232932690E+000  0.100861820772327E+001  0.100050033358353E-002 -0.738175556562379E+001
  0.100000000000000E+001  0.147558673467026E+002  0.639082569119858E+000  0.100798782898298E+001  0.100050033358353E-002 -0.737793367335131E+001
  0.100000000000000E+001  0.147459063081036E+002  0.639832664762911E+000  0.100717020959832E+001  0.100050033358353E-002 -0.737295315405181E+001
  0.100000000000000E+001  0.147443044537220E+002  0.639954023647015E+000  0.100703777339024E+001  0.100050033358353E-002 -0.737215222686100E+001
  0.100000000000000E+001  0.147410866100131E+002  0.640199024916290E+000  0.100677027939132E+001  0.100050033358353E-002 -0.737054330500655E+001
  0.100000000000000E+001  0.147375829337256E+002  0.640467273230620E+000  0.100647720511272E+001  0.100050033358353E-002 -0.736879146686282E+001
  0.100000000000000E+001  0.147259952715275E+002  0.641353036752442E+000  0.100550798582752E+001  0.100050033358353E-002 -0.736299763576374E+001
  0.100000000000000E+001  0.147247800231154E+002  0.807893967454135E+000  0.772338924285284E+000  0.100050033358353E-002 -0.736239001155771E+001
  0.100000000000000E+001  0.147245431138781E+002  0.807884141411165E+000  0.772356577320371E+000  0.100050033358353E-002 -0.736227155693905E+001
  0.100000000000000E+001  0.147188752751476E+002  0.641895374927158E+000  0.100491342581529E+001  0.100050033358353E-002 -0.735943763757379E+001
  0.100000000000000E+001  0.147125120894572E+002  0.642385722607913E+000  0.100437512654202E+001  0.100050033358353E-002 -0.735625604472858E+001
  0.100000000000000E+001  0.147120979901934E+002  0.642417797131151E+000  0.100433989103799E+001  0.100050033358353E-002 -0.735604899509672E+001
  0.100000000000000E+001  0.147034084880842E+002  0.643090464264578E+000  0.100360024112927E+001  0.100050033358353E-002 -0.735170424404210E+001
  0.100000000000000E+001  0.147005860620321E+002  0.806886075646135E+000  0.774146445321301E+000  0.100050033358353E-002 -0.735029303101604E+001
  0.100000000000000E+001  0.146967316345009E+002  0.806719981240457E+000  0.774443692621381E+000  0.100050033358353E-002 -0.734836581725044E+001
  0.100000000000000E+001  0.146912736987502E+002  0.644025948211017E+000  0.100256940792572E+001  0.100050033358353E-002 -0.734563684937508E+001
  0.100000000000000E+001  0.146887341294345E+002  0.806371049317095E+000  0.775067580758447E+000  0.100050033358353E-002 -0.734436706471727E+001
  0.100000000000000E+001  0.146770344220804E+002  0.645139287510951E+000  0.100133925220553E+001  0.100050033358353E-002 -0.733851721104019E+001
  0.100000000000000E+001  0.146715992379050E+002  0.645562182149345E+000  0.100087103196554E+001  0.100050033358353E-002 -0.733579961895251E+001
  0.100000000000000E+001  0.146695333465448E+002  0.645723145330021E+000  0.100069267863221E+001  0.100050033358353E-002 -0.733476667327240E+001
  0.100000000000000E+001  0.146642001007522E+002  0.646141429558904E+000  0.100022884705627E+001  0.100050033358353E-002 -0.733210005037609E+001
  0.100000000000000E+001  0.146605815358925E+002  0.646427517619720E+000  0.999911309637383E+000  0.100050033358353E-002 -0.733029076794623E+001
  0.100000000000000E+001  0.146593962322527E+002  0.805100767254556E+000  0.777332335391269E+000  0.100050033358353E-002 -0.732969811612636E+001
  0.100000000000000E+001  0.146518293375020E+002  0.647120497045003E+000  0.999141150290637E+000  0.100050033358353E-002 -0.732591466875101E+001
  0.100000000000000E+001  0.146479041075950E+002  0.647429698804118E+000  0.998797053448648E+000  0.100050033358353E-002 -0.732395205379749E+001
  0.100000000000000E+001  0.146401804919341E+002  0.648040306436408E+000  0.998116703793706E+000  0.100050033358353E-002 -0.732009024596705E+001
  0.100000000000000E+001  0.146358423135650E+002  0.648386925565520E+000  0.997730002720446E+000  0.100050033358353E-002 -0.731792115678251E+001
  0.100000000000000E+001  0.146341097643901E+002  0.648525858334944E+000  0.997574904047881E+000  0.100050033358353E-002 -0.731705488219507E+001
  0.100000000000000E+001  0.146032158393824E+002  0.651010895356549E+000  0.994791000295672E+000  0.100050033358353E-002 -0.730160791969121E+001
  0.100000000000000E+001  0.145994144435115E+002  0.802367688389780E+000  0.782170829869845E+000  0.100050033358353E-002 -0.729970722175577E+001
  0.100000000000000E+001  0.145984578603417E+002  0.651395669570700E+000  0.994358300148879E+000  0.100050033358353E-002 -0.729922893017086E+001
  0.100000000000000E+001  0.145962844291420E+002  0.651571299339246E+000  0.994160647022062E+000  0.100050033358353E-002 -0.729814221457100E+001
  0.100000000000000E+001  0.145799343890821E+002  0.652908998661229E+000  0.992652162121949E+000  0.100050033358353E-002 -0.728996719454106E+001
  0.100000000000000E+001  0.145756702756406E+002  0.801250844400115E+000  0.784134728089562E+000  0.100050033358353E-002 -0.728783513782028E+001
  0.100000000000000E+001  0.145650149237416E+002  0.654135257976754E+000  0.991264604420357E+000  0.100050033358353E-002 -0.728250746187082E+001
  0.100000000000000E+001  0.145603985413597E+002  0.654519371655490E+000  0.990829029827114E+000  0.100050033358353E-002 -0.728019927067986E+001
  0.100000000000000E+001  0.145472926633260E+002  0.799860765746772E+000  0.786568437656004E+000  0.100050033358353E-002 -0.727364633166302E+001
  0.100000000000000E+001  0.145428381461654E+002  0.799643320179637E+000  0.786948072875105E+000  0.100050033358353E-002 -0.727141907308271E+001
  0.100000000000000E+001  0.145421557286567E+002  0.799610069485277E+000  0.787006099565780E+000  0.100050033358353E-002 -0.727107786432837E+001
  0.100000000000000E+001  0.145386721978783E+002  0.656332891740269E+000  0.988766493804443E+000  0.100050033358353E-002 -0.726933609893914E+001
  0.100000000000000E+001  0.145343454541600E+002  0.799227723442600E+000  0.787672861606822E+000  0.100050033358353E-002 -0.726717272708000E+001
  0.100000000000000E+001  0.145315157414571E+002  0.656937999325222E+000  0.988076068469536E+000  0.100050033358353E-002 -0.726575787072857E+001
  0.100000000000000E+001  0.145277316657105E+002  0.657257453874748E+000  0.987711120661049E+000  0.100050033358353E-002 -0.726386583285525E+001
  0.100000000000000E+001  0.145264704757367E+002  0.657363798835812E+000  0.987589561907241E+000  0.100050033358353E-002 -0.726323523786833E+001
  0.100000000000000E+001  0.145263656285439E+002  0.657372639205235E+000  0.987579455268641E+000  0.100050033358353E-002 -0.726318281427193E+001
  0.100000000000000E+001  0.145199534382403E+002  0.657914814858074E+000  0.986959162177355E+000  0.100050033358353E-002 -0.725997671912017E+001
  0.100000000000000E+001  0.145192974010889E+002  0.798462369771847E+000  0.789004890544056E+000  0.100050033358353E-002 -0.725964870054445E+001
  0.100000000000000E+001  0.145161356530692E+002  0.658240311007043E+000  0.986586334900540E+000  0.100050033358353E-002 -0.725806782653459E+001
  0.100000000000000E+001  0.145159572883731E+002  0.798288708880341E+000  0.789306641324551E+000  0.100050033358353E-002 -0.725797864418654E+001
  0.100000000000000E+001  0.145086660078396E+002  0.658880993745908E+000  0.985851537937533E+000  0.100050033358353E-002 -0.725433300391978E+001
  0.100000000000000E+001  0.145020017719127E+002  0.659452099781263E+000  0.985195473029509E+000  0.100050033358353E-002 -0.725100088595635E+001
  0.100000000000000E+001  0.144863474086253E+002  0.660807117763430E+000  0.983634850527144E+000  0.100050033358353E-002 -0.724317370431264E+001
  0.100000000000000E+001  0.144828212918811E+002  0.661114363416291E+000  0.983280194216495E+000  0.100050033358353E-002 -0.724141064594057E+001
  0.100000000000000E+001  0.144805423555663E+002  0.661312720706840E+000  0.983051073106315E+000  0.100050033358353E-002 -0.724027117778316E+001
  0.100000000000000E+001  0.144776525187183E+002  0.661564317673862E+000  0.982760279449852E+000  0.100050033358353E-002 -0.723882625935914E+001
  0.100000000000000E+001  0.144772839409720E+002  0.661596444432478E+000  0.982723133452102E+000  0.100050033358353E-002 -0.723864197048601E+001
  0.100000000000000E+001  0.144719073489344E+002  0.662067153286734E+000  0.982178516615657E+000  0.100050033358353E-002 -0.723595367446721E+001
  0.100000000000000E+001  0.144666221244103E+002  0.795692575869421E+000  0.793796192418841E+000  0.100050033358353E-002 -0.723331106220517E+001
  0.100000000000000E+001  0.144662679841721E+002  0.662565067502014E+000  0.981601671986778E+000  0.100050033358353E-002 -0.723313399208607E+001
  0.100000000000000E+001  0.144641244714832E+002  0.795559501890807E+000  0.794025243503087E+000  0.100050033358353E-002 -0.723206223574162E+001
  0.100000000000000E+001  0.144623807231053E+002  0.662909401207037E+000  0.981202301597844E+000  0.100050033358353E-002 -0.723119036155266E+001
  0.100000000000000E+001  0.144456633167483E+002  0.664396344389206E+000  0.979473435089586E+000  0.100050033358353E-002 -0.722283165837413E+001
  0.100000000000000E+001  0.144304553273302E+002  0.665766667378024E+000  0.977874017849150E+000  0.100050033358353E-002 -0.721522766366512E+001
  0.100000000000000E+001  0.144268859830787E+002  0.793486614315352E+000  0.797579746175162E+000  0.100050033358353E-002 -0.721344299153935E+001
  0.100000000000000E+001  0.144166394014389E+002  0.792903976374500E+000  0.798574317575942E+000  0.100050033358353E-002 -0.720831970071947E+001
  0.100000000000000E+001  0.144086825050461E+002  0.667758895438157E+000  0.975538149312446E+000  0.100050033358353E-002 -0.720434125252304E+001
  0.100000000000000E+001  0.144083964094499E+002  0.792415643474927E+000  0.799406393916243E+000  0.100050033358353E-002 -0.720419820472494E+001
  0.100000000000000E+001  0.144081938780594E+002  0.792403522630993E+000  0.799427029237903E+000  0.100050033358353E-002 -0.720409693902971E+001
  0.100000000000000E+001  0.144022853511744E+002  0.668351515089922E+000  0.974840878853832E+000  0.100050033358353E-002 -0.720114267558720E+001
  0.100000000000000E+001  0.144007776745242E+002  0.668491911409225E+000  0.974675526165379E+000  0.100050033358353E-002 -0.720038883726208E+001
  0.100000000000000E+001  0.143999167004165E+002  0.791911160309923E+000  0.800264542876544E+000  0.100050033358353E-002 -0.719995835020823E+001
  0.100000000000000E+001  0.143965993516493E+002  0.668881824631085E+000  0.974215973829164E+000  0.100050033358353E-002 -0.719829967582463E+001
  0.100000000000000E+001  0.143881727960063E+002  0.669669938963813E+000  0.973285619330301E+000  0.100050033358353E-002 -0.719408639800313E+001
  0.100000000000000E+001  0.143802654539843E+002  0.790741340599614E+000  0.802248830975469E+000  0.100050033358353E-002 -0.719013272699213E+001
  0.100000000000000E+001  0.143790832228060E+002  0.790667861537695E+000  0.802373207094050E+000  0.100050033358353E-002 -0.718954161140299E+001
  0.100000000000000E+001  0.143723793485453E+002  0.671166713185833E+000  0.971513229021430E+000  0.100050033358353E-002 -0.718618967427266E+001
  0.100000000000000E+001  0.143699856295277E+002  0.790097661725127E+000  0.803337322799393E+000  0.100050033358353E-002 -0.718499281476385E+001
  0.100000000000000E+001  0.143681455540844E+002  0.671570734788194E+000  0.971033577216224E+000  0.100050033358353E-002 -0.718407277704222E+001
  0.100000000000000E+001  0.143659166345871E+002  0.789845229801690E+000  0.803763553193179E+000  0.100050033358353E-002 -0.718295831729356E+001
  0.100000000000000E+001  0.143644442394033E+002  0.671925517399706E+000  0.970611947971339E+000  0.100050033358353E-002 -0.718222211970165E+001
  0.100000000000000E+001  0.143624172195034E+002  0.672120679704145E+000  0.970379840926004E+000  0.100050033358353E-002 -0.718120860975170E+001
  0.100000000000000E+001  0.143547417904157E+002  0.672863887148312E+000  0.969494815862038E+000  0.100050033358353E-002 -0.717737089520787E+001
  0.100000000000000E+001  0.143507360584397E+002  0.673253487197444E+000  0.969030158931161E+000  0.100050033358353E-002 -0.717536802921983E+001
  0.100000000000000E+001  0.143505325269246E+002  0.673273303648842E+000  0.969006511673570E+000  0.100050033358353E-002 -0.717526626346232E+001
  0.100000000000000E+001  0.143493136087833E+002  0.673392035645760E+000  0.968864800397649E+000  0.100050033358353E-002 -0.717465680439163E+001
  0.100000000000000E+001  0.143486225390035E+002  0.673459395332016E+000  0.968784383653583E+000  0.100050033358353E-002 -0.717431126950175E+001
  0.100000000000000E+001  0.143472332497125E+002  0.673594976174148E+000  0.968622477070736E+000  0.100050033358353E-002 -0.717361662485623E+001
  0.100000000000000E+001  0.143406859837435E+002  0.788241390513552E+000  0.806463197428455E+000  0.100050033358353E-002 -0.717034299187174E+001
  0.100000000000000E+001  0.143371116721886E+002  0.674590597214851E+000  0.967431706421263E+000  0.100050033358353E-002 -0.716855583609429E+001
  0.100000000000000E+001  0.143207133890766E+002  0.676226215719095E+000  0.965468477547875E+000  0.100050033358353E-002 -0.716035669453832E+001
  0.100000000000000E+001  0.143151698256889E+002  0.676786348118439E+000  0.964794138961762E+000  0.100050033358353E-002 -0.715758491284443E+001
  0.100000000000000E+001  0.143094163139341E+002  0.677371157110727E+000  0.964088992720548E+000  0.100050033358353E-002 -0.715470815696704E+001
  0.100000000000000E+001  0.143033970981190E+002  0.677987018017141E+000  0.963345187799192E+000  0.100050033358353E-002 -0.715169854905951E+001
  0.100000000000000E+001  0.143019057680733E+002  0.678140404336284E+000  0.963159741194413E+000  0.100050033358353E-002 -0.715095288403664E+001
  0.100000000000000E+001  0.142927221198029E+002  0.679090952714850E+000  0.962008778502998E+000  0.100050033358353E-002 -0.714636105990145E+001
  0.100000000000000E+001  0.142924376757718E+002  0.679120683922929E+000  0.961972730517722E+000  0.100050033358353E-002 -0.714621883788588E+001
  0.100000000000000E+001  0.142918830161529E+002  0.784948821837198E+000  0.811960198447003E+000  0.100050033358353E-002 -0.714594150807645E+001
  0.100000000000000E+001  0.142891380482615E+002  0.784752012039909E+000  0.812286871565471E+000  0.100050033358353E-002 -0.714456902413077E+001
  0.100000000000000E+001  0.142845838346953E+002  0.679942315258771E+000  0.960975372905154E+000  0.100050033358353E-002 -0.714229191734763E+001
  0.100000000000000E+001  0.142844378613123E+002  0.784407504710341E+000  0.812858186158340E+000  0.100050033358353E-002 -0.714221893065617E+001
  0.100000000000000E+001  0.142782957622293E+002  0.680606199893111E+000  0.960167861264854E+000  0.100050033358353E-002 -0.713914788111467E+001
  0.100000000000000E+001  0.142755263682589E+002  0.783759664885992E+000  0.813930768570911E+000  0.100050033358353E-002 -0.713776318412944E+001
  0.100000000000000E+001  0.142741358080496E+002  0.783659850113462E+000  0.814095820446873E+000  0.100050033358353E-002 -0.713706790402479E+001
  0.100000000000000E+001  0.142724812647732E+002  0.681225119811276E+000  0.959413719330119E+000  0.100050033358353E-002 -0.713624063238658E+001
  0.100000000000000E+001  0.142680265115364E+002  0.681702748386215E+000  0.958830863587114E+000  0.100050033358353E-002 -0.713401325576818E+001
  0.100000000000000E+001  0.142672529009781E+002  0.783162755464028E+000  0.814916996551542E+000  0.100050033358353E-002 -0.713362645048903E+001
  0.100000000000000E+001  0.142622131228052E+002  0.682330363531789E+000  0.958063816608446E+000  0.100050033358353E-002 -0.713110656140258E+001
  0.100000000000000E+001  0.142549901293450E+002  0.782227349822049E+000  0.816458592276754E+000  0.100050033358353E-002 -0.712749506467252E+001
  0.100000000000000E+001  0.142519040226181E+002  0.781989397957407E+000  0.816849991254311E+000  0.100050033358353E-002 -0.712595201130905E+001
  0.100000000000000E+001  0.142508447594526E+002  0.683572599898430E+000  0.956541704408685E+000  0.100050033358353E-002 -0.712542237972628E+001
  0.100000000000000E+001  0.142491739142536E+002  0.683757104390868E+000  0.956315188034666E+000  0.100050033358353E-002 -0.712458695712682E+001
  0.100000000000000E+001  0.142433089521093E+002  0.781335736558866E+000  0.817923600945129E+000  0.100050033358353E-002 -0.712165447605466E+001
  0.100000000000000E+001  0.142419427568811E+002  0.684831960835876E+000  0.954993300127809E+000  0.100050033358353E-002 -0.712097137844054E+001
  0.100000000000000E+001  0.142390907221740E+002  0.781008626926156E+000  0.818459998596394E+000  0.100050033358353E-002 -0.711954536108701E+001
  0.100000000000000E+001  0.142390582538997E+002  0.781006034858781E+000  0.818464246793884E+000  0.100050033358353E-002 -0.711952912694987E+001
  0.100000000000000E+001  0.142386609980221E+002  0.684926925028163E+000  0.954876322672019E+000  0.100050033358353E-002 -0.711933049901106E+001
  0.100000000000000E+001  0.142379949575081E+002  0.685001730391042E+000  0.954784155468333E+000  0.100050033358353E-002 -0.711899747875403E+001
  0.100000000000000E+001  0.142338510161436E+002  0.685469375071236E+000  0.954207543398112E+000  0.100050033358353E-002 -0.711692550807180E+001
  0.100000000000000E+001  0.142321433967619E+002  0.780446556779264E+000  0.819380342980236E+000  0.100050033358353E-002 -0.711607169838096E+001
  0.100000000000000E+001  0.142297011864059E+002  0.780245629527108E+000  0.819708933764802E+000  0.100050033358353E-002 -0.711485059320294E+001
  0.100000000000000E+001  0.142222671357284E+002  0.686791450181046E+000  0.952573386008489E+000  0.100050033358353E-002 -0.711113356786421E+001
  0.100000000000000E+001  0.142157368111530E+002  0.687549190864916E+000  0.951634089697901E+000  0.100050033358353E-002 -0.710786840557651E+001
  0.100000000000000E+001  0.142143873415492E+002  0.687707022812558E+000  0.951438193893430E+000  0.100050033358353E-002 -0.710719367077459E+001
  0.100000000000000E+001  0.142111901545327E+002  0.778730891591723E+000  0.822179152506866E+000  0.100050033358353E-002 -0.710559507726634E+001
  0.100000000000000E+001  0.142077592125732E+002  0.688485670924570E+000  0.950470511802040E+000  0.100050033358353E-002 -0.710387960628658E+001
  0.100000000000000E+001  0.142065674854599E+002  0.688626310678768E+000  0.950295506750904E+000  0.100050033358353E-002 -0.710328374272996E+001
  0.100000000000000E+001  0.142051785433122E+002  0.778207562631524E+000  0.823029755778520E+000  0.100050033358353E-002 -0.710258927165608E+001
  0.100000000000000E+001  0.142050772128259E+002  0.778198741867779E+000  0.823044080353560E+000  0.100050033358353E-002 -0.710253860641294E+001
  0.100000000000000E+001  0.142044123074222E+002  0.688881691631168E+000  0.949977549663908E+000  0.100050033358353E-002 -0.710220615371108E+001
  0.100000000000000E+001  0.142044072639931E+002  0.688882291091247E+000  0.949976803053888E+000  0.100050033358353E-002 -0.710220363199654E+001
  0.100000000000000E+001  0.142015715467750E+002  0.777895844793168E+000  0.823535723708814E+000  0.100050033358353E-002 -0.710078577338752E+001
  0.100000000000000E+001  0.142009511191295E+002  0.689295147146313E+000  0.949462309064704E+000  0.100050033358353E-002 -0.710047555956473E+001
  0.100000000000000E+001  0.141997723608653E+002  0.689436803915895E+000  0.949285643566434E+000  0.100050033358353E-002 -0.709988618043267E+001
  0.100000000000000E+001  0.141984878727788E+002  0.777632760032706E+000  0.823962352995150E+000  0.100050033358353E-002 -0.709924393638941E+001
  0.100000000000000E+001  0.141976496427128E+002  0.689692752928114E+000  0.948966264412331E+000  0.100050033358353E-002 -0.709882482135639E+001
  0.100000000000000E+001  0.141926113985357E+002  0.777127994704769E+000  0.824779880193467E+000  0.100050033358353E-002 -0.709630569926787E+001
  0.100000000000000E+001  0.141925873852378E+002  0.690305751702493E+000  0.948200430458072E+000  0.100050033358353E-002 -0.709629369261892E+001
  0.100000000000000E+001  0.141915207193256E+002  0.777031967053441E+000  0.824935256556511E+000  0.100050033358353E-002 -0.709576035966282E+001
  0.100000000000000E+001  0.141895312359689E+002  0.776854018592948E+000  0.825223055808541E+000  0.100050033358353E-002 -0.709476561798447E+001
  0.100000000000000E+001  0.141892249994577E+002  0.776826303879425E+000  0.825267864349944E+000  0.100050033358353E-002 -0.709461249972883E+001
  0.100000000000000E+001  0.141876868656320E+002  0.690903082426222E+000  0.947452920185587E+000  0.100050033358353E-002 -0.709384343281600E+001
  0.100000000000000E+001  0.141863479323336E+002  0.776562395179734E+000  0.825694344285049E+000  0.100050033358353E-002 -0.709317396616681E+001
  0.100000000000000E+001  0.141840937354521E+002  0.691335088302592E+000  0.946911529364055E+000  0.100050033358353E-002 -0.709204686772607E+001
  0.100000000000000E+001  0.141823934131513E+002  0.776195144474106E+000  0.826287219065527E+000  0.100050033358353E-002 -0.709119670657563E+001
  0.100000000000000E+001  0.141777145133299E+002  0.775766551693268E+000  0.826978230362425E+000  0.100050033358353E-002 -0.708885725666493E+001
  0.100000000000000E+001  0.141735100369943E+002  0.775385549436832E+000  0.827591707935975E+000  0.100050033358353E-002 -0.708675501849715E+001
  0.100000000000000E+001  0.141714165864248E+002  0.775193432578995E+000  0.827900761705859E+000  0.100050033358353E-002 -0.708570829321241E+001
  0.100000000000000E+001  0.141692962754002E+002  0.774994985499140E+000  0.828219797300183E+000  0.100050033358353E-002 -0.708464813770008E+001
  0.100000000000000E+001  0.141686265529518E+002  0.693292282484858E+000  0.944450629058115E+000  0.100050033358353E-002 -0.708431327647588E+001
  0.100000000000000E+001  0.141675733902456E+002  0.693427716326839E+000  0.944279844784311E+000  0.100050033358353E-002 -0.708378669512279E+001
  0.100000000000000E+001  0.141627582254513E+002  0.774356573217812E+000  0.829244761845743E+000  0.100050033358353E-002 -0.708137911272565E+001
  0.100000000000000E+001  0.141571568484898E+002  0.694778655270961E+000  0.942572765605741E+000  0.100050033358353E-002 -0.707857842424490E+001
  0.100000000000000E+001  0.141566343204543E+002  0.773756215085815E+000  0.830206707035623E+000  0.100050033358353E-002 -0.707831716022713E+001
  0.100000000000000E+001  0.141562046499541E+002  0.694903610240227E+000  0.942414545196428E+000  0.100050033358353E-002 -0.707810232497704E+001
  0.100000000000000E+001  0.141529747543944E+002  0.773402731413092E+000  0.830772219337361E+000  0.100050033358353E-002 -0.707648737719721E+001
  0.100000000000000E+001  0.141506006854599E+002  0.773170274762841E+000  0.831143759036456E+000  0.100050033358353E-002 -0.707530034272996E+001
  0.100000000000000E+001  0.141504091903625E+002  0.695674891186921E+000  0.941436715120473E+000  0.100050033358353E-002 -0.707520459518127E+001
  0.100000000000000E+001  0.141463333605093E+002  0.696222801070570E+000  0.940740797622466E+000  0.100050033358353E-002 -0.707316668025463E+001
  0.100000000000000E+001  0.141450704136520E+002  0.696384192645133E+000  0.940535606432755E+000  0.100050033358353E-002 -0.707253520682601E+001
  0.100000000000000E+001  0.141428520754067E+002  0.696692216105309E+000  0.940143732959020E+000  0.100050033358353E-002 -0.707142603770333E+001
  0.100000000000000E+001  0.141425257007899E+002  0.772334352220046E+000  0.832477537691391E+000  0.100050033358353E-002 -0.707126285039497E+001
  0.100000000000000E+001  0.141412823372515E+002  0.772203749549025E+000  0.832685601135979E+000  0.100050033358353E-002 -0.707064116862573E+001
  0.100000000000000E+001  0.141410240523137E+002  0.772175268949734E+000  0.832730962073722E+000  0.100050033358353E-002 -0.707051202615685E+001
  0.100000000000000E+001  0.141367679015559E+002  0.697529266166241E+000  0.939077118990225E+000  0.100050033358353E-002 -0.706838395077795E+001
  0.100000000000000E+001  0.141356355823260E+002  0.697688421307874E+000  0.938874032870131E+000  0.100050033358353E-002 -0.706781779116299E+001
  0.100000000000000E+001  0.141345006721145E+002  0.697845919683356E+000  0.938672971945470E+000  0.100050033358353E-002 -0.706725033605726E+001
  0.100000000000000E+001  0.141338022762908E+002  0.697943598158964E+000  0.938548232088402E+000  0.100050033358353E-002 -0.706690113814541E+001
  0.100000000000000E+001  0.141323993430068E+002  0.698139799118210E+000  0.938297571657232E+000  0.100050033358353E-002 -0.706619967150339E+001
  0.100000000000000E+001  0.141312488635029E+002  0.698300674270234E+000  0.938091939851807E+000  0.100050033358353E-002 -0.706562443175145E+001
  0.100000000000000E+001  0.141309916466084E+002  0.698336652779173E+000  0.938045939204677E+000  0.100050033358353E-002 -0.706549582330419E+001
  0.100000000000000E+001  0.141308243200757E+002  0.771115150352851E+000  0.834416466873478E+000  0.100050033358353E-002 -0.706541216003784E+001
  0.100000000000000E+001  0.141289983355474E+002  0.770915074051928E+000  0.834733931216009E+000  0.100050033358353E-002 -0.706449916777371E+001
  0.100000000000000E+001  0.141287801910020E+002  0.698648771636127E+000  0.937646682608464E+000  0.100050033358353E-002 -0.706439009550098E+001
  0.100000000000000E+001  0.141287571359296E+002  0.770888618441093E+000  0.834775893564201E+000  0.100050033358353E-002 -0.706437856796478E+001
  0.100000000000000E+001  0.141232636244000E+002  0.770268831544806E+000  0.835757949012045E+000  0.100050033358353E-002 -0.706163181220002E+001
  0.100000000000000E+001  0.141198999498923E+002  0.769889628739364E+000  0.836357840206448E+000  0.100050033358353E-002 -0.705994997494613E+001
  0.100000000000000E+001  0.141159908234908E+002  0.700495374380997E+000  0.935277395720830E+000  0.100050033358353E-002 -0.705799541174542E+001
  0.100000000000000E+001  0.141138894775271E+002  0.700803853875435E+000  0.934880404577791E+000  0.100050033358353E-002 -0.705694473876354E+001
  0.100000000000000E+001  0.141130242367766E+002  0.700932013718092E+000  0.934715370997664E+000  0.100050033358353E-002 -0.705651211838831E+001
  0.100000000000000E+001  0.141037834323199E+002  0.768009414014980E+000  0.839321621937089E+000  0.100050033358353E-002 -0.705189171615994E+001
  0.100000000000000E+001  0.141015998510638E+002  0.767747351468316E+000  0.839733306306122E+000  0.100050033358353E-002 -0.705079992553190E+001
  0.100000000000000E+001  0.140989054544128E+002  0.767426203154880E+000  0.840237344351655E+000  0.100050033358353E-002 -0.704945272720640E+001
  0.100000000000000E+001  0.140987275863568E+002  0.767404888550682E+000  0.840270779182622E+000  0.100050033358353E-002 -0.704936379317840E+001
  0.100000000000000E+001  0.140979153136371E+002  0.703240887356634E+000  0.931732002559066E+000  0.100050033358353E-002 -0.704895765681856E+001
  0.100000000000000E+001  0.140928096614079E+002  0.704056041791946E+000  0.930674081794269E+000  0.100050033358353E-002 -0.704640483070395E+001
  0.100000000000000E+001  0.140927411203246E+002  0.704067004078818E+000  0.930659838207522E+000  0.100050033358353E-002 -0.704637056016229E+001
  0.100000000000000E+001  0.140899236611291E+002  0.704517434008632E+000  0.930074202281035E+000  0.100050033358353E-002 -0.704496183056453E+001
  0.100000000000000E+001  0.140834105765239E+002  0.765434615828579E+000  0.843351697622552E+000  0.100050033358353E-002 -0.704170528826193E+001
  0.100000000000000E+001  0.140821548826300E+002  0.765271126308974E+000  0.843606485757111E+000  0.100050033358353E-002 -0.704107744131502E+001
  0.100000000000000E+001  0.140757945807984E+002  0.706874716522801E+000  0.926997165938798E+000  0.100050033358353E-002 -0.703789729039918E+001
  0.100000000000000E+001  0.140757654374948E+002  0.764382984759964E+000  0.844988307008860E+000  0.100050033358353E-002 -0.703788271874738E+001
  0.100000000000000E+001  0.140720773849546E+002  0.707525945605869E+000  0.926143476822385E+000  0.100050033358353E-002 -0.703603869247730E+001
  0.100000000000000E+001  0.140712828807002E+002  0.707667541835042E+000  0.925957651583293E+000  0.100050033358353E-002 -0.703564144035009E+001
  0.100000000000000E+001  0.140683842898487E+002  0.764063411250262E+000  0.845484573171186E+000  0.100050033358353E-002 -0.703419214492436E+001
  0.100000000000000E+001  0.140671793262852E+002  0.763144275629144E+000  0.846909124777504E+000  0.100050033358353E-002 -0.703358966314258E+001
  0.100000000000000E+001  0.140660530236760E+002  0.763229209949939E+000  0.846777658967902E+000  0.100050033358353E-002 -0.703302651183802E+001
  0.100000000000000E+001  0.140649670055730E+002  0.708794035936416E+000  0.924476628107193E+000  0.100050033358353E-002 -0.703248350278652E+001
  0.100000000000000E+001  0.140647233405612E+002  0.708838142626109E+000  0.924418543958861E+000  0.100050033358353E-002 -0.703236167028059E+001
  0.100000000000000E+001  0.140645410712302E+002  0.708871226052429E+000  0.924374971590264E+000  0.100050033358353E-002 -0.703227053561512E+001
  0.100000000000000E+001  0.140624701067122E+002  0.709252940328986E+000  0.923871940810984E+000  0.100050033358353E-002 -0.703123505335609E+001
  0.100000000000000E+001  0.140619807598701E+002  0.709344601747181E+000  0.923751066419361E+000  0.100050033358353E-002 -0.703099037993504E+001
  0.100000000000000E+001  0.140572906708071E+002  0.761641786029126E+000  0.849228980971189E+000  0.100050033358353E-002 -0.702864533540357E+001
  0.100000000000000E+001  0.140561579033941E+002  0.710445522567255E+000  0.922296816120059E+000  0.100050033358353E-002 -0.702807895169705E+001
  0.100000000000000E+001  0.140525650641534E+002  0.760889489487474E+000  0.850386442358182E+000  0.100050033358353E-002 -0.702628253207669E+001
  0.100000000000000E+001  0.140492640804105E+002  0.711801369449152E+000  0.920499559143487E+000  0.100050033358353E-002 -0.702463204020525E+001
  0.100000000000000E+001  0.140483849258735E+002  0.711979443550769E+000  0.920262995492487E+000  0.100050033358353E-002 -0.702419246293674E+001
  0.100000000000000E+001  0.140478385790212E+002  0.760087325354011E+000  0.851617638154832E+000  0.100050033358353E-002 -0.702391928951061E+001
  0.100000000000000E+001  0.140427350206648E+002  0.713132127109043E+000  0.918728798734476E+000  0.100050033358353E-002 -0.702136751033241E+001
  0.100000000000000E+001  0.140418269043591E+002  0.713326263089000E+000  0.918469911345363E+000  0.100050033358353E-002 -0.702091345217955E+001
  0.100000000000000E+001  0.140406591135439E+002  0.758853289388240E+000  0.853505693420706E+000  0.100050033358353E-002 -0.702032955677197E+001
  0.100000000000000E+001  0.140397680857234E+002  0.713773807384492E+000  0.917872547870085E+000  0.100050033358353E-002 -0.701988404286170E+001
  0.100000000000000E+001  0.140393997042075E+002  0.713854161382672E+000  0.917765213838380E+000  0.100050033358353E-002 -0.701969985210377E+001
  0.100000000000000E+001  0.140363232438867E+002  0.758024969436364E+000  0.854768954281882E+000  0.100050033358353E-002 -0.701816162194333E+001
  0.100000000000000E+001  0.140347669687532E+002  0.714862034890500E+000  0.916416836495974E+000  0.100050033358353E-002 -0.701738348437660E+001
  0.100000000000000E+001  0.140344487500230E+002  0.714933122397110E+000  0.916321585723566E+000  0.100050033358353E-002 -0.701722437501150E+001
  0.100000000000000E+001  0.140321667349208E+002  0.757246985435198E+000  0.855952496727062E+000  0.100050033358353E-002 -0.701608336746041E+001
  0.100000000000000E+001  0.140321005433326E+002  0.715473972417296E+000  0.915596261136311E+000  0.100050033358353E-002 -0.701605027166632E+001
  0.100000000000000E+001  0.140319655696543E+002  0.715505754182418E+000  0.915553604216482E+000  0.100050033358353E-002 -0.701598278482716E+001
  0.100000000000000E+001  0.140318539728797E+002  0.715532063300819E+000  0.915518289648541E+000  0.100050033358353E-002 -0.701592698643986E+001
  0.100000000000000E+001  0.140297603318042E+002  0.716026525376084E+000  0.914854080963524E+000  0.100050033358353E-002 -0.701488016590208E+001
  0.100000000000000E+001  0.140291862515562E+002  0.716161205218943E+000  0.914673003003109E+000  0.100050033358353E-002 -0.701459312577809E+001
  0.100000000000000E+001  0.140285370689852E+002  0.756506007121016E+000  0.857077095317073E+000  0.100050033358353E-002 -0.701426853449259E+001
  0.100000000000000E+001  0.140281004207900E+002  0.756411519647488E+000  0.857220315824759E+000  0.100050033358353E-002 -0.701405021039500E+001
  0.100000000000000E+001  0.140278807081412E+002  0.716466402437018E+000  0.914262404457897E+000  0.100050033358353E-002 -0.701394035407059E+001
  0.100000000000000E+001  0.140236696155539E+002  0.717498780721173E+000  0.912870821377849E+000  0.100050033358353E-002 -0.701183480777694E+001
  0.100000000000000E+001  0.140233431338708E+002  0.755407233305540E+000  0.858739995073757E+000  0.100050033358353E-002 -0.701167156693539E+001
  0.100000000000000E+001  0.140219978848379E+002  0.755119792725921E+000  0.859174082322618E+000  0.100050033358353E-002 -0.701099894241896E+001
  0.100000000000000E+001  0.140213068834758E+002  0.754965945441966E+000  0.859406261616778E+000  0.100050033358353E-002 -0.701065344173788E+001
  0.100000000000000E+001  0.140210265650271E+002  0.718180148588012E+000  0.911950116154275E+000  0.100050033358353E-002 -0.701051328251357E+001
  0.100000000000000E+001  0.140209250062884E+002  0.754878597300029E+000  0.859538034481908E+000  0.100050033358353E-002 -0.701046250314422E+001
  0.100000000000000E+001  0.140204346580245E+002  0.754764039711258E+000  0.859710801630470E+000  0.100050033358353E-002 -0.701021732901224E+001
  0.100000000000000E+001  0.140199400450958E+002  0.754641140332955E+000  0.859896081499321E+000  0.100050033358353E-002 -0.700997002254792E+001
  0.100000000000000E+001  0.140199125951139E+002  0.754639330813290E+000  0.859898808959967E+000  0.100050033358353E-002 -0.700995629755696E+001
  0.100000000000000E+001  0.140186760032378E+002  0.754337226577141E+000  0.860353953074762E+000  0.100050033358353E-002 -0.700933800161889E+001
  0.100000000000000E+001  0.140181260917162E+002  0.718928890309905E+000  0.910936288726735E+000  0.100050033358353E-002 -0.700906304585809E+001
  0.100000000000000E+001  0.140165102214272E+002  0.719364285447523E+000  0.910345740078688E+000  0.100050033358353E-002 -0.700825511071361E+001
  0.100000000000000E+001  0.140154142984939E+002  0.719686112232592E+000  0.909908753633199E+000  0.100050033358353E-002 -0.700770714924693E+001
  0.100000000000000E+001  0.140141439368974E+002  0.720048677853125E+000  0.909415964880404E+000  0.100050033358353E-002 -0.700707196844869E+001
  0.100000000000000E+001  0.140138411751624E+002  0.720134292470717E+000  0.909299524741674E+000  0.100050033358353E-002 -0.700692058758122E+001
  0.100000000000000E+001  0.140137716386747E+002  0.720153915362506E+000  0.909272832581895E+000  0.100050033358353E-002 -0.700688581933734E+001
  0.100000000000000E+001  0.140117726098573E+002  0.752643051402078E+000  0.862898549144104E+000  0.100050033358353E-002 -0.700588630492867E+001
  0.100000000000000E+001  0.140115105268380E+002  0.720794500632672E+000  0.908400641985699E+000  0.100050033358353E-002 -0.700575526341900E+001
  0.100000000000000E+001  0.140099739187068E+002  0.721257268307814E+000  0.907769555021173E+000  0.100050033358353E-002 -0.700498695935341E+001
  0.100000000000000E+001  0.140089273670953E+002  0.751850217542735E+000  0.864084826303865E+000  0.100050033358353E-002 -0.700446368354764E+001
  0.100000000000000E+001  0.140086117675746E+002  0.721691017756286E+000  0.907177274181813E+000  0.100050033358353E-002 -0.700430588378731E+001
  0.100000000000000E+001  0.140079795075488E+002  0.751595588740449E+000  0.864465204170633E+000  0.100050033358353E-002 -0.700398975377442E+001
  0.100000000000000E+001  0.140073131232612E+002  0.722105949675127E+000  0.906609992828640E+000  0.100050033358353E-002 -0.700365656163062E+001
  0.100000000000000E+001  0.140039620700101E+002  0.750707587362291E+000  0.865789433159074E+000  0.100050033358353E-002 -0.700198103500506E+001
  0.100000000000000E+001  0.140033872980462E+002  0.723398095111104E+000  0.904839042106274E+000  0.100050033358353E-002 -0.700169364902311E+001
  0.100000000000000E+001  0.140032396612411E+002  0.750167915476766E+000  0.866592464903009E+000  0.100050033358353E-002 -0.700161983062056E+001
  0.100000000000000E+001  0.140007696271237E+002  0.749384410659508E+000  0.867755971446656E+000  0.100050033358353E-002 -0.700038481356185E+001
  0.100000000000000E+001  0.140007139460497E+002  0.749366675139856E+000  0.867782276617504E+000  0.100050033358353E-002 -0.700035697302484E+001
  0.100000000000000E+001  0.140004178655240E+002  0.749271422643809E+000  0.867923530015778E+000  0.100050033358353E-002 -0.700020893276198E+001
  0.100000000000000E+001  0.140004096829623E+002  0.724477365284099E+000  0.903354753700695E+000  0.100050033358353E-002 -0.700020484148115E+001
  0.100000000000000E+001  0.140003168965253E+002  0.724510615352400E+000  0.903308951969657E+000  0.100050033358353E-002 -0.700015844826263E+001
  0.100000000000000E+001  0.139985782505870E+002  0.725168434420892E+000  0.902401900355900E+000  0.100050033358353E-002 -0.699928912529351E+001
  0.100000000000000E+001  0.139979198757285E+002  0.748355993516612E+000  0.869278968931832E+000  0.100050033358353E-002 -0.699895993786426E+001
  0.100000000000000E+001  0.139978835643589E+002  0.748342226470331E+000  0.869299324472810E+000  0.100050033358353E-002 -0.699894178217945E+001
  0.100000000000000E+001  0.139978616105485E+002  0.748334941045097E+000  0.869310096139287E+000  0.100050033358353E-002 -0.699893080527423E+001
  0.100000000000000E+001  0.139945759917628E+002  0.726860045074272E+000  0.900061387636771E+000  0.100050033358353E-002 -0.699728799588138E+001
  0.100000000000000E+001  0.139940816708364E+002  0.727086854692052E+000  0.899746695637270E+000  0.100050033358353E-002 -0.699704083541819E+001
  0.100000000000000E+001  0.139939626559886E+002  0.746801176786318E+000  0.871572508410496E+000  0.100050033358353E-002 -0.699698132799428E+001
  0.100000000000000E+001  0.139929187320938E+002  0.746294217036894E+000  0.872318001647896E+000  0.100050033358353E-002 -0.699645936604691E+001
  0.100000000000000E+001  0.139929134586703E+002  0.727676537912432E+000  0.898927551165124E+000  0.100050033358353E-002 -0.699645672933516E+001
  0.100000000000000E+001  0.139927297574192E+002  0.727772277936697E+000  0.898794423035422E+000  0.100050033358353E-002 -0.699636487870960E+001
  0.100000000000000E+001  0.139919001758851E+002  0.745802078192365E+000  0.873040607895376E+000  0.100050033358353E-002 -0.699595008794255E+001
  0.100000000000000E+001  0.139915272982670E+002  0.745633703700088E+000  0.873287585104902E+000  0.100050033358353E-002 -0.699576364913351E+001
  0.100000000000000E+001  0.139908994054548E+002  0.728697957439275E+000  0.897505326803546E+000  0.100050033358353E-002 -0.699544970272741E+001
  0.100000000000000E+001  0.139907428767729E+002  0.728779822834003E+000  0.897391153442992E+000  0.100050033358353E-002 -0.699537143838645E+001
  0.100000000000000E+001  0.139906965208999E+002  0.728804435569490E+000  0.897356822007014E+000  0.100050033358353E-002 -0.699534826044996E+001
  0.100000000000000E+001  0.139906064902399E+002  0.745200039120776E+000  0.873923120540530E+000  0.100050033358353E-002 -0.699530324511993E+001
  0.100000000000000E+001  0.139897619154275E+002  0.740468429840991E+000  0.880803670641535E+000  0.100050033358353E-002 -0.699488095771374E+001
  0.100000000000000E+001  0.139891266189767E+002  0.729770266151075E+000  0.896007663576345E+000  0.100050033358353E-002 -0.699456330948834E+001
  0.100000000000000E+001  0.139874965953761E+002  0.743326440793532E+000  0.876659349072147E+000  0.100050033358353E-002 -0.699374829768803E+001
  0.100000000000000E+001  0.139867701249755E+002  0.731384448953707E+000  0.893744281020812E+000  0.100050033358353E-002 -0.699338506248777E+001
  0.100000000000000E+001  0.139866226089008E+002  0.742689129224143E+000  0.877586577147470E+000  0.100050033358353E-002 -0.699331130445040E+001
  0.100000000000000E+001  0.139858091087575E+002  0.732250161833709E+000  0.892525961301018E+000  0.100050033358353E-002 -0.699290455437873E+001
  0.100000000000000E+001  0.139852975714656E+002  0.732688461038013E+000  0.891907956954982E+000  0.100050033358353E-002 -0.699264878573281E+001
  0.100000000000000E+001  0.139851429226761E+002  0.741372187978718E+000  0.879496992125822E+000  0.100050033358353E-002 -0.699257146133803E+001
  0.100000000000000E+001  0.139849699044777E+002  0.741210073820596E+000  0.879731641471407E+000  0.100050033358353E-002 -0.699248495223883E+001
  0.100000000000000E+001  0.139848627873318E+002  0.733154380676664E+000  0.891250131815594E+000  0.100050033358353E-002 -0.699243139366588E+001
  0.100000000000000E+001  0.139847802081357E+002  0.733241915539405E+000  0.891126441746518E+000  0.100050033358353E-002 -0.699239010406783E+001
  0.100000000000000E+001  0.139843594828785E+002  0.740170211597249E+000  0.881234068368595E+000  0.100050033358353E-002 -0.699217974143927E+001
  0.100000000000000E+001  0.139842159023797E+002  0.734080357256471E+000  0.889940071797135E+000  0.100050033358353E-002 -0.699210795118984E+001
  0.100000000000000E+001  0.139842151551547E+002  0.740149636355037E+000  0.881263749046645E+000  0.100050033358353E-002 -0.699210757757734E+001
  0.100000000000000E+001  0.139841978375512E+002  0.740149145689690E+000  0.881264456830385E+000  0.100050033358353E-002 -0.699209891877559E+001
  0.100000000000000E+001  0.139841446194447E+002  0.740359868065102E+000  0.880960394741318E+000  0.100050033358353E-002 -0.699207230972237E+001
  0.100000000000000E+001  0.139839324258210E+002  0.734445359109553E+000  0.889422686579472E+000  0.100050033358353E-002 -0.699196621291049E+001
  0.100000000000000E+001  0.139836749974839E+002  0.739244912639461E+000  0.882567050724226E+000  0.100050033358353E-002 -0.699183749874193E+001
  0.100000000000000E+001  0.139835418989272E+002  0.735097874941730E+000  0.888496361706421E+000  0.100050033358353E-002 -0.699177094946360E+001
  0.100000000000000E+001  0.139834968127766E+002  0.738455899071504E+000  0.883700798132060E+000  0.100050033358353E-002 -0.699174840638832E+001
  0.100000000000000E+001  0.139834783764897E+002  0.735277985133296E+000  0.888240358466607E+000  0.100050033358353E-002 -0.699173918824486E+001
  0.100000000000000E+001  0.139834064775590E+002  0.735586620504415E+000  0.887801355839000E+000  0.100050033358353E-002 -0.699170323877952E+001
  0.100000000000000E+001  0.139833554387572E+002  0.735850048334805E+000  0.887426338755053E+000  0.100050033358353E-002 -0.699167771937860E+001
  0.100000000000000E+001  0.139833528557031E+002  0.738575516886599E+000  0.883529088586833E+000  0.100050033358353E-002 -0.699167642785154E+001
  0.100000000000000E+001  0.139833337607104E+002  0.736522362302049E+000  0.886467900877503E+000  0.100050033358353E-002 -0.699166688035521E+001
  0.100000000000000E+001  0.139833264096233E+002  0.739757949568184E+000  0.881828426421453E+000  0.100050033358353E-002 -0.699166320481165E+001
  0.100000000000000E+001  0.139832806119823E+002  0.736208821266743E+000  0.886915116753915E+000  0.100050033358353E-002 -0.699164030599116E+001
  0.100000000000000E+001  0.139832771360654E+002  0.738125145963605E+000  0.884175270901871E+000  0.100050033358353E-002 -0.699163856803271E+001
  0.100000000000000E+001  0.139832570830856E+002  0.737743002062994E+000  0.884722883651256E+000  0.100050033358353E-002 -0.699162854154279E+001
  0.100000000000000E+001  0.139832493663877E+002  0.738024571782925E+000  0.884319454224613E+000  0.100050033358353E-002 -0.699162468319383E+001
  0.100000000000000E+001  0.139830793382452E+002  0.736874327394322E+000  0.885965383282401E+000  0.100050033358353E-002 -0.699153966912260E+001
