  0.145997402595914E+000  0.113368710545808E+000 -0.693147180559945E+000 -0.416924404189340E+001 -0.416924404189340E+001 -0.677873360823501E+001
  0.154352351550026E+000  0.217930789965195E-001 -0.693147180559945E+000 -0.480759843035028E+001 -0.480759843035028E+001 -0.588416543774458E+001
  0.695535695853664E-001  0.639090714100709E-001 -0.693147180559945E+000 -0.385073722292492E+001 -0.385073722292492E+001 -0.551377208822042E+001
  0.111018945303429E+000  0.529778916116817E-002 -0.693147180559945E+000 -0.514424846236335E+001 -0.514424846236335E+001 -0.666224044581801E+001
  0.204115352714589E+000  0.947870627050419E-001 -0.693147180559945E+000 -0.510632734628032E+001 -0.510632734628032E+001 -0.729572131838644E+001
  0.122016096284284E+000  0.328475231859740E-001 -0.693147180559945E+000 -0.465128043479961E+001 -0.465128043479961E+001 -0.555457060268826E+001
  0.502343370958005E-001  0.157960932564441E+000 -0.693147180559945E+000 -0.269951538350982E+001 -0.269951538350982E+001 -0.550239964274199E+001
  0.189870974189197E+000  0.138093289436812E+000 -0.693147180559945E+000 -0.535695817605974E+001 -0.535695817605974E+001 -0.615500095408865E+001
  0.168040271707337E+000  0.840648226868539E-001 -0.693147180559945E+000 -0.415006577310133E+001 -0.415006577310133E+001 -0.686033248191795E+001
  0.101704472688335E+000  0.259661316424339E-001 -0.693147180559945E+000 -0.538345862927302E+001 -0.538345862927302E+001 -0.580082588734912E+001
  0.203214846948698E+000  0.409357225557145E-001 -0.693147180559945E+000 -0.524775722194253E+001 -0.524775722194253E+001 -0.591899069477677E+001
  0.205015899576801E+000  0.130068655272161E-001 -0.693147180559945E+000 -0.536120469815211E+001 -0.536120469815211E+001 -0.677873360823501E+001
  0.118651127334369E+000  0.599916836886212E-003 -0.693147180559945E+000 -0.511709447441156E+001 -0.511709447441156E+001 -0.852383683896567E+001
  0.152221957410435E+000  0.573497216199061E-001 -0.693147180559945E+000 -0.525647197685788E+001 -0.525647197685788E+001 -0.890271129623750E+001
  0.165713496428669E+000  0.164526847860067E+000 -0.693147180559945E+000 -0.394935249598459E+001 -0.394935249598459E+001 -0.556925556074721E+001
  0.200056900613542E+000  0.717736497592768E-001 -0.693147180559945E+000 -0.525449162941206E+001 -0.525449162941206E+001 -0.620589590957957E+001
  0.197911996599914E+000  0.133874104465225E-001 -0.693147180559945E+000 -0.523220064934805E+001 -0.523220064934805E+001 -0.544623551364599E+001
  0.227368326183782E+000  0.266721234073819E-001 -0.693147180559945E+000 -0.531858675656434E+001 -0.531858675656434E+001 -0.595152505992306E+001
  0.836135970165102E-001  0.141137852364750E-001 -0.693147180559945E+000 -0.530291283246698E+001 -0.530291283246698E+001 -0.572295715907250E+001
  0.121074805023188E+000  0.456272899684285E-001 -0.693147180559945E+000 -0.481270361803124E+001 -0.481270361803124E+001 -0.566549425541955E+001
  0.196038261806980E+000  0.161555226062790E+000 -0.693147180559945E+000 -0.416697888299290E+001 -0.416697888299290E+001 -0.580082588734912E+001
  0.164762112627945E+000  0.155431054233477E+000 -0.693147180559945E+000 -0.455242838301551E+001 -0.455242838301551E+001 -0.110139308810441E+002
  0.129830429065474E+000  0.709564775511499E-001 -0.693147180559945E+000 -0.522112801722835E+001 -0.522112801722835E+001 -0.112399245929898E+002
  0.197543689436049E+000  0.440742884061480E-002 -0.693147180559945E+000 -0.516309258903661E+001 -0.516309258903661E+001 -0.589643386955554E+001
  0.122487227653422E+000  0.116287543055673E+000 -0.693147180559945E+000 -0.498342218672744E+001 -0.498342218672744E+001 -0.659175848987534E+001
  0.888955464826997E-001  0.333066278874183E-001 -0.693147180559945E+000 -0.517854606606179E+001 -0.517854606606179E+001 -0.739277443826561E+001
  0.155194405811418E+000  0.133365700207271E-001 -0.693147180559945E+000 -0.526255499216942E+001 -0.526255499216942E+001 -0.669352704284746E+001
  0.122911430595648E+000  0.639840590043116E-002 -0.693147180559945E+000 -0.503167208043943E+001 -0.503167208043943E+001 -0.570491628833678E+001
  0.189491373947896E+000  0.100056297261492E-001 -0.693147180559945E+000 -0.499460532060658E+001 -0.499460532060658E+001 -0.726306068964626E+001
  0.159538451338875E+000  0.747719394151223E-002 -0.693147180559945E+000 -0.502818990754458E+001 -0.502818990754458E+001 -0.626785926568623E+001
  0.149344373359614E+000  0.256758165343101E-001 -0.693147180559945E+000 -0.481017910564480E+001 -0.481017910564480E+001 -0.722592667399484E+001
  0.232687598876742E+000  0.940102668315620E-001 -0.693147180559945E+000 -0.486069821179091E+001 -0.486069821179091E+001 -0.710804429249030E+001
  0.185774166243565E+000  0.181911799010300E-001 -0.693147180559945E+000 -0.491854163999062E+001 -0.491854163999062E+001 -0.777134618358263E+001
  0.153150422159682E+000  0.802007893689544E-002 -0.693147180559945E+000 -0.482505689308281E+001 -0.482505689308281E+001 -0.991693106768136E+001
  0.104179205648355E+000  0.844891072967359E-001 -0.693147180559945E+000 -0.506704849250366E+001 -0.506704849250366E+001 -0.692552985700139E+001
  0.941265417607497E-001  0.259126328970574E+000 -0.693147180559945E+000 -0.514550419127452E+001 -0.514550419127452E+001 -0.119541809088050E+002
  0.186695161883343E+000  0.446687042158430E-001 -0.693147180559945E+000 -0.536907133302397E+001 -0.536907133302397E+001 -0.566549425541955E+001
  0.128778539408190E+000  0.332092612108627E-002 -0.693147180559945E+000 -0.499060922037739E+001 -0.499060922037739E+001 -0.543676085288999E+001
  0.147762876522586E+000  0.465039463309427E-001 -0.693147180559945E+000 -0.462984915137348E+001 -0.462984915137348E+001 -0.542557563758363E+001
  0.151055243770019E+000  0.173247193704093E+000 -0.693147180559945E+000 -0.483022986866935E+001 -0.483022986866935E+001 -0.595152505992306E+001
  0.140608196471818E+000  0.919587315670434E-001 -0.693147180559945E+000 -0.504477565251094E+001 -0.504477565251094E+001 -0.580082588734912E+001
  0.122655567940783E+000  0.234598184881130E-001 -0.693147180559945E+000 -0.523378703003528E+001 -0.523378703003528E+001 -0.540983086970206E+001
  0.161486291162284E+000  0.369079057873619E-001 -0.693147180559945E+000 -0.539691572490381E+001 -0.539691572490381E+001 -0.626785926568623E+001
  0.164553064935811E+000  0.208172442803465E-001 -0.693147180559945E+000 -0.517771438610011E+001 -0.517771438610011E+001 -0.100000000000000E+031
  0.202131508978576E+000  0.193489305772023E-001 -0.693147180559945E+000 -0.503496190985594E+001 -0.503496190985594E+001 -0.589643386955554E+001
  0.127521554909103E+000  0.104335303784545E+000 -0.693147180559945E+000 -0.441313377029844E+001 -0.441313377029844E+001 -0.722592667399484E+001
  0.154529955359590E+000  0.513074210656177E-002 -0.693147180559945E+000 -0.483501932655189E+001 -0.483501932655189E+001 -0.852383683896567E+001
  0.142842295330475E+000  0.224607228283512E-001 -0.693147180559945E+000 -0.523139647290198E+001 -0.523139647290198E+001 -0.100000000000000E+031
  0.187834268519175E+000  0.131593582242346E-001 -0.693147180559945E+000 -0.508671317626069E+001 -0.508671317626069E+001 -0.588416543774458E+001
  0.222317263148281E+000  0.186873214983461E-001 -0.693147180559945E+000 -0.532727052138477E+001 -0.532727052138477E+001 -0.546248996977292E+001
  0.168945665246030E+000  0.955004145379569E-002 -0.693147180559945E+000 -0.465534995217499E+001 -0.465534995217499E+001 -0.542557563758363E+001
  0.218334821584736E+000  0.310115909102080E-001 -0.693147180559945E+000 -0.533221444434152E+001 -0.533221444434152E+001 -0.991693106768136E+001
  0.170181592406065E+000  0.482127432932459E-001 -0.693147180559945E+000 -0.455829629365247E+001 -0.455829629365247E+001 -0.633595988177382E+001
  0.119256983876864E+000  0.104365168084045E-001 -0.693147180559945E+000 -0.516831970606006E+001 -0.516831970606006E+001 -0.606058608842573E+001
  0.182694657430440E+000  0.113009285383849E+000 -0.693147180559945E+000 -0.538976656304991E+001 -0.538976656304991E+001 -0.864269060607828E+001
  0.108292606342866E+000  0.814546207214173E-001 -0.693147180559945E+000 -0.419774867827693E+001 -0.419774867827693E+001 -0.109455547268013E+002
  0.169414354343346E+000  0.538930113348926E-001 -0.693147180559945E+000 -0.479462707922294E+001 -0.479462707922294E+001 -0.606058608842573E+001
  0.808086130085603E-001  0.429031822435254E-001 -0.693147180559945E+000 -0.472163804780733E+001 -0.472163804780733E+001 -0.582175424663738E+001
  0.147549136952815E+000  0.227152344621086E+000 -0.693147180559945E+000 -0.298032253318690E+001 -0.298032253318690E+001 -0.599578488788798E+001
  0.220388538996275E+000  0.418416040143924E-001 -0.693147180559945E+000 -0.511822547237992E+001 -0.511822547237992E+001 -0.564296933037254E+001
  0.136434992617195E+000  0.760665447266657E-002 -0.693147180559945E+000 -0.514688261311471E+001 -0.514688261311471E+001 -0.551377208822042E+001
  0.148744632464595E+000  0.334374486330784E-001 -0.693147180559945E+000 -0.472986270475054E+001 -0.472986270475054E+001 -0.150126559920119E+002
  0.138450746940566E+000  0.696316730557214E-002 -0.693147180559945E+000 -0.485705138728895E+001 -0.485705138728895E+001 -0.585029323040511E+001
  0.195468989455550E+000  0.122000584668518E+000 -0.693147180559945E+000 -0.486464232841672E+001 -0.486464232841672E+001 -0.848192175314558E+001
  0.102943879827073E+000  0.116256657500510E+000 -0.693147180559945E+000 -0.521028290538810E+001 -0.521028290538810E+001 -0.595152505992306E+001
  0.160981939010730E+000  0.538949535151774E-003 -0.693147180559945E+000 -0.486280175534697E+001 -0.486280175534697E+001 -0.595152505992306E+001
  0.109187413723916E+000  0.284446595721857E-002 -0.693147180559945E+000 -0.522626873507014E+001 -0.522626873507014E+001 -0.550239964274199E+001
  0.118232895151606E+000  0.133215735220047E+000 -0.693147180559945E+000 -0.331290464156048E+001 -0.331290464156048E+001 -0.100000000000000E+031
  0.251408397691825E+000  0.672945163682522E-001 -0.693147180559945E+000 -0.537573605374530E+001 -0.537573605374530E+001 -0.659175848987534E+001
  0.184313852278743E+000  0.220943441635812E-001 -0.693147180559945E+000 -0.481879721723512E+001 -0.481879721723512E+001 -0.585029323040511E+001
  0.825628162382845E-001  0.826732205245968E-001 -0.693147180559945E+000 -0.478629217120902E+001 -0.478629217120902E+001 -0.623134784887422E+001
  0.129560219068195E+000  0.786437973095432E-001 -0.693147180559945E+000 -0.502208605241865E+001 -0.502208605241865E+001 -0.546248996977292E+001
  0.124867696887568E+000  0.664599045640498E-002 -0.693147180559945E+000 -0.508719498138032E+001 -0.508719498138032E+001 -0.106568794451537E+002
  0.106304846351362E+000  0.139740618988956E-001 -0.693147180559945E+000 -0.515089077063988E+001 -0.515089077063988E+001 -0.568729923763697E+001
  0.165885402678558E+000  0.750203629395275E-001 -0.693147180559945E+000 -0.445278018186860E+001 -0.445278018186860E+001 -0.761172156917137E+001
  0.189711883590256E+000  0.152378877136897E-001 -0.693147180559945E+000 -0.473179948797996E+001 -0.473179948797996E+001 -0.651300965741745E+001
  0.178542246400019E+000  0.182940878101210E-001 -0.693147180559945E+000 -0.477303971224597E+001 -0.477303971224597E+001 -0.556925556074721E+001
  0.203732230450687E+000  0.635110429902745E-001 -0.693147180559945E+000 -0.486320388739147E+001 -0.486320388739147E+001 -0.630653990592182E+001
  0.965350991550993E-001  0.144336914187737E-001 -0.693147180559945E+000 -0.535886576524346E+001 -0.535886576524346E+001 -0.550239964274199E+001
  0.212964372278302E+000  0.151454167468478E-001 -0.693147180559945E+000 -0.530461152000475E+001 -0.530461152000475E+001 -0.566549425541955E+001
  0.180708244589074E+000  0.343632406196383E-001 -0.693147180559945E+000 -0.527794684465463E+001 -0.527794684465463E+001 -0.648431790159364E+001
  0.138206896091843E+000  0.767787787854352E-001 -0.693147180559945E+000 -0.512713720704506E+001 -0.512713720704506E+001 -0.664386236750978E+001
  0.166909836411551E+000  0.110251580762037E-001 -0.693147180559945E+000 -0.498803003157782E+001 -0.498803003157782E+001 -0.664386236750978E+001
  0.166315666468771E+000  0.887548280604098E-002 -0.693147180559945E+000 -0.495137333129157E+001 -0.495137333129157E+001 -0.630653990592182E+001
  0.126143615926007E+000  0.970228693435541E-001 -0.693147180559945E+000 -0.317451265922015E+001 -0.317451265922015E+001 -0.589643386955554E+001
  0.124517179158752E+000  0.106884977266330E-001 -0.693147180559945E+000 -0.514807278922770E+001 -0.514807278922770E+001 -0.623134784887422E+001
  0.502018528900940E-001  0.157940122453039E+000 -0.693147180559945E+000 -0.492401321859140E+001 -0.492401321859140E+001 -0.620589590957957E+001
  0.226975069520627E+000  0.856434416685361E-001 -0.693147180559945E+000 -0.538454366066640E+001 -0.538454366066640E+001 -0.100000000000000E+031
  0.140618154460388E+000  0.236135087604636E-001 -0.693147180559945E+000 -0.475165901792822E+001 -0.475165901792822E+001 -0.172715478765523E+002
  0.919583789599985E-001  0.172034763665582E+000 -0.693147180559945E+000 -0.488178883565841E+001 -0.488178883565841E+001 -0.156462306920947E+002
  0.150461049744024E+000  0.269235115057198E-001 -0.693147180559945E+000 -0.473912258676410E+001 -0.473912258676410E+001 -0.100000000000000E+031
  0.157803557047843E+000  0.212904495624461E+000 -0.693147180559945E+000 -0.305153647088709E+001 -0.305153647088709E+001 -0.570491628833678E+001
  0.213591638700000E+000  0.122645204284345E-001 -0.693147180559945E+000 -0.537182376537240E+001 -0.537182376537240E+001 -0.618646345823137E+001
  0.145593494087836E+000  0.892904117431361E-001 -0.693147180559945E+000 -0.358266400832361E+001 -0.358266400832361E+001 -0.585029323040511E+001
  0.194771769111212E+000  0.935894431348675E-002 -0.693147180559945E+000 -0.510083207101550E+001 -0.510083207101550E+001 -0.753911987063615E+001
  0.184229139846207E+000  0.116805702383622E-001 -0.693147180559945E+000 -0.515126727367841E+001 -0.515126727367841E+001 -0.704752297248240E+001
  0.223448824642279E+000  0.272966007067980E-001 -0.693147180559945E+000 -0.501092941855929E+001 -0.501092941855929E+001 -0.546248996977292E+001
  0.166828670101016E+000  0.967754198957368E-001 -0.693147180559945E+000 -0.496747902049681E+001 -0.496747902049681E+001 -0.582175424663738E+001
  0.140824961835997E+000  0.452804846447413E-001 -0.693147180559945E+000 -0.439879588036517E+001 -0.439879588036517E+001 -0.172715478765523E+002
  0.109433352333167E+000  0.133737369790343E+000 -0.693147180559945E+000 -0.515430189945633E+001 -0.515430189945633E+001 -0.546248996977292E+001
  0.114853064218340E+000  0.602540083631835E-001 -0.693147180559945E+000 -0.517889956333416E+001 -0.517889956333416E+001 -0.816704262327091E+001
  0.976731103700850E-001  0.209836866125171E-001 -0.693147180559945E+000 -0.518534219360656E+001 -0.518534219360656E+001 -0.939544631568005E+001
  0.200553249536206E+000  0.454518962168740E-001 -0.693147180559945E+000 -0.475185558901036E+001 -0.475185558901036E+001 -0.608410420968880E+001
  0.710959195863574E-001  0.553412719325285E-001 -0.693147180559945E+000 -0.512800208327911E+001 -0.512800208327911E+001 -0.638624352362546E+001
  0.107789247666264E+000  0.488214611001212E-001 -0.693147180559945E+000 -0.527457291497305E+001 -0.527457291497305E+001 -0.620589590957957E+001
  0.198463229837142E+000  0.204746012356636E-001 -0.693147180559945E+000 -0.526647965131273E+001 -0.526647965131273E+001 -0.544623551364599E+001
  0.225059550971644E+000  0.689116529011296E-001 -0.693147180559945E+000 -0.508676797855547E+001 -0.508676797855547E+001 -0.121874050645959E+002
  0.135880938125796E+000  0.122790162505161E+000 -0.693147180559945E+000 -0.521815963581006E+001 -0.521815963581006E+001 -0.570491628833678E+001
  0.103719308583834E+000  0.464157619279960E-001 -0.693147180559945E+000 -0.445687272746369E+001 -0.445687272746369E+001 -0.560485220632754E+001
  0.131611466105519E+000  0.134316493891144E-001 -0.693147180559945E+000 -0.493116388567858E+001 -0.493116388567858E+001 -0.736156597812887E+001
  0.166257157427373E+000  0.131465360189547E+000 -0.693147180559945E+000 -0.536849369071955E+001 -0.536849369071955E+001 -0.540983086970206E+001
  0.186087859090707E+000  0.839325608024035E-001 -0.693147180559945E+000 -0.437453001895996E+001 -0.437453001895996E+001 -0.575127908615923E+001
  0.172463905340133E+000  0.115337028058662E+000 -0.693147180559945E+000 -0.388179781864711E+001 -0.388179781864711E+001 -0.548471350059309E+001
  0.146086250765722E+000  0.150136484479327E+000 -0.693147180559945E+000 -0.501086619268001E+001 -0.501086619268001E+001 -0.595152505992306E+001
  0.232584248601396E+000  0.125999403154695E+000 -0.693147180559945E+000 -0.470635933392733E+001 -0.470635933392733E+001 -0.227596529720842E+002
  0.133643727908014E+000  0.124900566882931E-001 -0.693147180559945E+000 -0.524024342989801E+001 -0.524024342989801E+001 -0.633595988177382E+001
  0.170109350311786E+000  0.332700095142255E-001 -0.693147180559945E+000 -0.456293729999775E+001 -0.456293729999775E+001 -0.749457860069015E+001
  0.151604387378814E+000  0.133010018827480E-002 -0.693147180559945E+000 -0.488447169552135E+001 -0.488447169552135E+001 -0.719490140616913E+001
  0.152875692273981E+000  0.225478745129044E-001 -0.693147180559945E+000 -0.439355249018049E+001 -0.439355249018049E+001 -0.816704262327091E+001
  0.165944084461116E+000  0.141825827068126E-001 -0.693147180559945E+000 -0.483110594381205E+001 -0.483110594381205E+001 -0.629013074779933E+001
  0.191398642847842E+000  0.519730811909537E-001 -0.693147180559945E+000 -0.480842983952475E+001 -0.480842983952475E+001 -0.151064509082266E+002
  0.229579193645175E+000  0.627123254656121E-001 -0.693147180559945E+000 -0.473745252999848E+001 -0.473745252999848E+001 -0.100000000000000E+031
  0.183461592292054E+000  0.135743595415060E+000 -0.693147180559945E+000 -0.529760500103343E+001 -0.529760500103343E+001 -0.633595988177382E+001
  0.118558405646065E+000  0.518854046785948E-001 -0.693147180559945E+000 -0.507493587211865E+001 -0.507493587211865E+001 -0.615500095408865E+001
  0.211605907689931E+000  0.166619443519756E+000 -0.693147180559945E+000 -0.481024472901764E+001 -0.481024472901764E+001 -0.630653990592182E+001
  0.174697615604036E+000  0.123800337967939E+000 -0.693147180559945E+000 -0.473828004881581E+001 -0.473828004881581E+001 -0.626785926568623E+001
  0.860049849004378E-001  0.843295016790089E-001 -0.693147180559945E+000 -0.522140007467134E+001 -0.522140007467134E+001 -0.540983086970206E+001
  0.283366805364276E+000  0.124741776336735E+000 -0.693147180559945E+000 -0.507345875482343E+001 -0.507345875482343E+001 -0.561762713188868E+001
  0.166413156113516E+000  0.998283318204135E-001 -0.693147180559945E+000 -0.461647486565670E+001 -0.461647486565670E+001 -0.615500095408865E+001
  0.162179148921468E+000  0.781566681717150E-002 -0.693147180559945E+000 -0.509627129020680E+001 -0.509627129020680E+001 -0.599578488788798E+001
  0.155438289439197E+000  0.175907961240984E-001 -0.693147180559945E+000 -0.520353302201497E+001 -0.520353302201497E+001 -0.550239964274199E+001
  0.161728427068697E+000  0.623100443064335E-001 -0.693147180559945E+000 -0.516920852084754E+001 -0.516920852084754E+001 -0.589643386955554E+001
  0.102986897699107E+000  0.608019150911182E-002 -0.693147180559945E+000 -0.524440321886324E+001 -0.524440321886324E+001 -0.568729923763697E+001
  0.136299240189368E+000  0.562399304366280E-001 -0.693147180559945E+000 -0.367505107541776E+001 -0.367505107541776E+001 -0.555457060268826E+001
  0.160252755642010E+000  0.208331910880084E-001 -0.693147180559945E+000 -0.507433661134116E+001 -0.507433661134116E+001 -0.570491628833678E+001
  0.138430329588157E+000  0.335614790637427E-001 -0.693147180559945E+000 -0.473339699653966E+001 -0.473339699653966E+001 -0.143123848628067E+002
  0.163328744927160E+000  0.273050505033625E-001 -0.693147180559945E+000 -0.503781757135426E+001 -0.503781757135426E+001 -0.156462306920947E+002
  0.209177228985516E+000  0.305223467616409E-001 -0.693147180559945E+000 -0.506123640601684E+001 -0.506123640601684E+001 -0.151064509082266E+002
  0.146079701981017E+000  0.579427721882059E-001 -0.693147180559945E+000 -0.509591240515205E+001 -0.509591240515205E+001 -0.589643386955554E+001
  0.183558061135928E+000  0.853191074926653E-001 -0.693147180559945E+000 -0.529314824855159E+001 -0.529314824855159E+001 -0.840325366402593E+001
  0.135940831382800E+000  0.721617548869909E-001 -0.693147180559945E+000 -0.451531986646213E+001 -0.451531986646213E+001 -0.962989747131829E+001
  0.182991757835909E+000  0.282530483138218E-001 -0.693147180559945E+000 -0.533981261304670E+001 -0.533981261304670E+001 -0.561762713188868E+001
  0.194219400245000E+000  0.358376073570523E-001 -0.693147180559945E+000 -0.539018889471012E+001 -0.539018889471012E+001 -0.564296933037254E+001
  0.144229772954446E+000  0.305968605147766E-001 -0.693147180559945E+000 -0.499860295267596E+001 -0.499860295267596E+001 -0.602585068467611E+001
  0.137206488972699E+000  0.602154765176750E-001 -0.693147180559945E+000 -0.379576287083135E+001 -0.379576287083135E+001 -0.227596529720842E+002
  0.203574472130848E+000  0.197785985333931E-001 -0.693147180559945E+000 -0.509135160726090E+001 -0.509135160726090E+001 -0.651300965741745E+001
  0.100800151738737E+000  0.393699677387123E-001 -0.693147180559945E+000 -0.441875062975931E+001 -0.441875062975931E+001 -0.606058608842573E+001
  0.118414640542582E+000  0.156370328123580E-001 -0.693147180559945E+000 -0.496199067477449E+001 -0.496199067477449E+001 -0.778278978656867E+001
  0.207544058869641E+000  0.235849026656326E+000 -0.693147180559945E+000 -0.429667151292478E+001 -0.429667151292478E+001 -0.740823787481070E+001
  0.249312822784046E+000  0.728932229922086E-001 -0.693147180559945E+000 -0.507552265442292E+001 -0.507552265442292E+001 -0.629013074779933E+001
  0.615552140361963E-001  0.151087970803258E+000 -0.693147180559945E+000 -0.318337310132712E+001 -0.318337310132712E+001 -0.572295715907250E+001
  0.130107347394718E+000  0.160518711973251E+000 -0.693147180559945E+000 -0.522697481594838E+001 -0.522697481594838E+001 -0.630653990592182E+001
  0.187598326641809E+000  0.242880963605924E-001 -0.693147180559945E+000 -0.489997831974576E+001 -0.489997831974576E+001 -0.765646201757431E+001
  0.184577257366808E+000  0.691247470034928E-001 -0.693147180559945E+000 -0.351322082904144E+001 -0.351322082904144E+001 -0.662097887511673E+001
  0.155159140313322E+000  0.329190728134020E-001 -0.693147180559945E+000 -0.523087100943259E+001 -0.523087100943259E+001 -0.171772293801780E+002
  0.211043059049933E+000  0.353021679263870E-001 -0.693147180559945E+000 -0.486598819843919E+001 -0.486598819843919E+001 -0.171772293801780E+002
  0.184735397906122E+000  0.871732422741316E-002 -0.693147180559945E+000 -0.496229768887471E+001 -0.496229768887471E+001 -0.591899069477677E+001
  0.127201849306733E+000  0.858477606350869E-001 -0.693147180559945E+000 -0.494101571937191E+001 -0.494101571937191E+001 -0.555457060268826E+001
  0.197253381033067E+000  0.104425709911899E+000 -0.693147180559945E+000 -0.371503436994113E+001 -0.371503436994113E+001 -0.692552985700139E+001
  0.111600884541159E+000  0.116985456025980E+000 -0.693147180559945E+000 -0.529703573373455E+001 -0.529703573373455E+001 -0.556925556074721E+001
  0.204251327330534E+000  0.438932256337064E-001 -0.693147180559945E+000 -0.470622439197927E+001 -0.470622439197927E+001 -0.664386236750978E+001
  0.103700324935294E+000  0.494204935152225E-002 -0.693147180559945E+000 -0.530247468454613E+001 -0.530247468454613E+001 -0.575127908615923E+001
  0.150507261363169E+000  0.858452698487439E-001 -0.693147180559945E+000 -0.499119307909716E+001 -0.499119307909716E+001 -0.585029323040511E+001
  0.155912506835184E+000  0.752134427826026E-002 -0.693147180559945E+000 -0.490423490488385E+001 -0.490423490488385E+001 -0.923493233530123E+001
  0.168132801043505E+000  0.929743167308859E-001 -0.693147180559945E+000 -0.441093184272726E+001 -0.441093184272726E+001 -0.749457860069015E+001
  0.217222751390199E+000  0.704466011373107E-001 -0.693147180559945E+000 -0.416031395961831E+001 -0.416031395961831E+001 -0.552526445848895E+001
  0.130757612958634E+000  0.391729707985502E-001 -0.693147180559945E+000 -0.511385731941388E+001 -0.511385731941388E+001 -0.694347535864547E+001
  0.116429185121089E+000  0.319971730257493E-001 -0.693147180559945E+000 -0.514109778061202E+001 -0.514109778061202E+001 -0.548471350059309E+001
  0.187600389512712E+000  0.671312805137466E-001 -0.693147180559945E+000 -0.432541686234391E+001 -0.432541686234391E+001 -0.588416543774458E+001
  0.123114906437390E+000  0.129980252427920E+000 -0.693147180559945E+000 -0.515756072242468E+001 -0.515756072242468E+001 -0.745794917019121E+001
  0.181093841701135E+000  0.628613384705788E-001 -0.693147180559945E+000 -0.485750425528536E+001 -0.485750425528536E+001 -0.109455547268013E+002
  0.133156180867689E+000  0.228091682800242E-001 -0.693147180559945E+000 -0.474714471314851E+001 -0.474714471314851E+001 -0.655852812393896E+001
  0.143311931692013E+000  0.481495452684407E-001 -0.693147180559945E+000 -0.522546464953453E+001 -0.522546464953453E+001 -0.546248996977292E+001
  0.173476901237096E+000  0.531934477172528E-002 -0.693147180559945E+000 -0.485763634463775E+001 -0.485763634463775E+001 -0.543676085288999E+001
  0.155881896444334E+000  0.239568640378774E-001 -0.693147180559945E+000 -0.509853906514156E+001 -0.509853906514156E+001 -0.630653990592182E+001
  0.168843005284444E+000  0.157229277570882E+000 -0.693147180559945E+000 -0.501388628107054E+001 -0.501388628107054E+001 -0.100000000000000E+031
  0.107808264565261E+000  0.781772100269626E-002 -0.693147180559945E+000 -0.538271281778138E+001 -0.538271281778138E+001 -0.556925556074721E+001
  0.172226312363155E+000  0.290994892709650E-002 -0.693147180559945E+000 -0.496782630209030E+001 -0.496782630209030E+001 -0.629013074779933E+001
  0.178224882628323E+000  0.112721545554647E+000 -0.693147180559945E+000 -0.360192791853495E+001 -0.360192791853495E+001 -0.726306068964626E+001
  0.141090939206376E+000  0.142083795132422E+000 -0.693147180559945E+000 -0.466165655482200E+001 -0.466165655482200E+001 -0.582175424663738E+001
  0.182897639453551E+000  0.264799800785022E-001 -0.693147180559945E+000 -0.486098082830513E+001 -0.486098082830513E+001 -0.588416543774458E+001
  0.220915635185873E+000  0.500215449651056E-001 -0.693147180559945E+000 -0.496596186295009E+001 -0.496596186295009E+001 -0.564296933037254E+001
  0.220450547761295E+000  0.214786858506989E+000 -0.693147180559945E+000 -0.457814752755696E+001 -0.457814752755696E+001 -0.740823787481070E+001
  0.212761909545150E+000  0.399656703900883E-001 -0.693147180559945E+000 -0.530687888289108E+001 -0.530687888289108E+001 -0.561762713188868E+001
  0.150596377166094E+000  0.287244189719018E-001 -0.693147180559945E+000 -0.411478782326183E+001 -0.411478782326183E+001 -0.912557208775349E+001
  0.190427258855609E+000  0.136200429288445E+000 -0.693147180559945E+000 -0.421564559461465E+001 -0.421564559461465E+001 -0.802194378402650E+001
  0.182479273133819E+000  0.238274052849510E-002 -0.693147180559945E+000 -0.500605236907491E+001 -0.500605236907491E+001 -0.719490140616913E+001
  0.133268918880077E+000  0.718754407991335E-001 -0.693147180559945E+000 -0.539655051837620E+001 -0.539655051837620E+001 -0.626785926568623E+001
  0.158935403562955E+000  0.133989463094505E+000 -0.693147180559945E+000 -0.376360535053467E+001 -0.376360535053467E+001 -0.797426381419881E+001
  0.132654543709306E+000  0.906399412010558E-001 -0.693147180559945E+000 -0.382459187815672E+001 -0.382459187815672E+001 -0.858630740950257E+001
  0.141594289856342E+000  0.479295500162133E-001 -0.693147180559945E+000 -0.506805419473353E+001 -0.506805419473353E+001 -0.555457060268826E+001
  0.130013278280389E+000  0.266162654543463E-001 -0.693147180559945E+000 -0.473776593651407E+001 -0.473776593651407E+001 -0.731718000338891E+001
  0.851939164155542E-001  0.603571901184369E-001 -0.693147180559945E+000 -0.522214350007315E+001 -0.522214350007315E+001 -0.673998823507236E+001
  0.232371899258108E+000  0.888476822483888E-001 -0.693147180559945E+000 -0.513549167123213E+001 -0.513549167123213E+001 -0.119541809088050E+002
  0.127712680070944E+000  0.127796440008450E-001 -0.693147180559945E+000 -0.515195981605817E+001 -0.515195981605817E+001 -0.548471350059309E+001
  0.190888824369187E+000  0.343244675254034E-001 -0.693147180559945E+000 -0.495599140895568E+001 -0.495599140895568E+001 -0.608410420968880E+001
  0.981706124536290E-001  0.337248392418897E-001 -0.693147180559945E+000 -0.520116183963587E+001 -0.520116183963587E+001 -0.904381543690666E+001
  0.999900061615133E-001  0.188167766100477E-001 -0.693147180559945E+000 -0.515986963330036E+001 -0.515986963330036E+001 -0.615500095408865E+001
  0.188585364057251E+000  0.990973977259971E-001 -0.693147180559945E+000 -0.461493096218289E+001 -0.461493096218289E+001 -0.552526445848895E+001
  0.133862850980244E+000  0.117892548808646E-001 -0.693147180559945E+000 -0.511779398999383E+001 -0.511779398999383E+001 -0.546248996977292E+001
  0.130567082527235E+000  0.225406247886136E-001 -0.693147180559945E+000 -0.497948889710464E+001 -0.497948889710464E+001 -0.669352704284746E+001
  0.230996644236503E+000  0.118405328963280E+000 -0.693147180559945E+000 -0.417189659055318E+001 -0.417189659055318E+001 -0.662097887511673E+001
  0.136736907043786E+000  0.132911791618839E-001 -0.693147180559945E+000 -0.499839613168998E+001 -0.499839613168998E+001 -0.560485220632754E+001
  0.139629200498503E+000  0.115710347914713E+000 -0.693147180559945E+000 -0.533023926612672E+001 -0.533023926612672E+001 -0.736156597812887E+001
  0.138780948329597E+000  0.402574005123896E-001 -0.693147180559945E+000 -0.501108503753369E+001 -0.501108503753369E+001 -0.912557208775349E+001
  0.132862606767279E+000  0.112309074642697E-001 -0.693147180559945E+000 -0.495538639260907E+001 -0.495538639260907E+001 -0.568729923763697E+001
  0.145780414325980E+000  0.518217052566953E-001 -0.693147180559945E+000 -0.463999163180703E+001 -0.463999163180703E+001 -0.599578488788798E+001
  0.188492048854371E+000  0.603125035136312E-001 -0.693147180559945E+000 -0.320044741324295E+001 -0.320044741324295E+001 -0.175062286885063E+002
  0.132714622796969E+000  0.310245206964366E-002 -0.693147180559945E+000 -0.498704204200014E+001 -0.498704204200014E+001 -0.552526445848895E+001
  0.109049600681033E+000  0.478786414670202E-001 -0.693147180559945E+000 -0.530341514981375E+001 -0.530341514981375E+001 -0.950527861681816E+001
  0.250678524964475E+000  0.798884849386083E-001 -0.693147180559945E+000 -0.510312535932859E+001 -0.510312535932859E+001 -0.616729840368655E+001
  0.185794710967364E+000  0.176132862675635E-001 -0.693147180559945E+000 -0.509184759060333E+001 -0.509184759060333E+001 -0.957670422324733E+001
  0.166460606313098E+000  0.162292226996608E-002 -0.693147180559945E+000 -0.492444583894178E+001 -0.492444583894178E+001 -0.572295715907250E+001
  0.111406795105640E+000  0.674882040265211E-001 -0.693147180559945E+000 -0.412015036910651E+001 -0.412015036910651E+001 -0.840325366402593E+001
  0.241669861935194E+000  0.294251363754102E-001 -0.693147180559945E+000 -0.499434260186027E+001 -0.499434260186027E+001 -0.542557563758363E+001
  0.103426718267244E+000  0.198150035717419E-001 -0.693147180559945E+000 -0.506620010028747E+001 -0.506620010028747E+001 -0.636662059705275E+001
  0.139188098171088E+000  0.436942381921131E-002 -0.693147180559945E+000 -0.495607107414063E+001 -0.495607107414063E+001 -0.207800545735619E+002
  0.164764338973958E+000  0.568392846481490E-001 -0.693147180559945E+000 -0.490521749185197E+001 -0.490521749185197E+001 -0.566549425541955E+001
  0.198261112236885E+000  0.126934422264159E-001 -0.693147180559945E+000 -0.521315524241287E+001 -0.521315524241287E+001 -0.112399245929898E+002
  0.118818338122621E+000  0.884463660165293E-001 -0.693147180559945E+000 -0.501047268613019E+001 -0.501047268613019E+001 -0.890271129623750E+001
  0.227519045325077E+000  0.166294402403459E-001 -0.693147180559945E+000 -0.531611787441225E+001 -0.531611787441225E+001 -0.646245652224620E+001
  0.213276629338514E+000  0.796780090593349E-001 -0.693147180559945E+000 -0.526020270455424E+001 -0.526020270455424E+001 -0.542557563758363E+001
  0.147695180272383E+000  0.650402267078711E-001 -0.693147180559945E+000 -0.397221249610966E+001 -0.397221249610966E+001 -0.548471350059309E+001
  0.859303878370949E-001  0.530857403798983E-001 -0.693147180559945E+000 -0.420776062249467E+001 -0.420776062249467E+001 -0.626785926568623E+001
  0.157811797763248E+000  0.212896186365813E+000 -0.693147180559945E+000 -0.434383240767315E+001 -0.434383240767315E+001 -0.556925556074721E+001
  0.287251867792258E+000  0.128289316737648E+000 -0.693147180559945E+000 -0.433885293532674E+001 -0.433885293532674E+001 -0.608410420968880E+001
  0.146891503533657E+000  0.168983922726423E+000 -0.693147180559945E+000 -0.487871126700122E+001 -0.487871126700122E+001 -0.118261696507754E+002
  0.184101927665660E+000  0.928663374131540E-001 -0.693147180559945E+000 -0.508868476113080E+001 -0.508868476113080E+001 -0.575127908615923E+001
  0.173584460141796E+000  0.152622109678436E-001 -0.693147180559945E+000 -0.518165100561382E+001 -0.518165100561382E+001 -0.897620404438889E+001
  0.229252836303674E+000  0.166228641481019E+000 -0.693147180559945E+000 -0.487105590788382E+001 -0.487105590788382E+001 -0.739277443826561E+001
  0.169805411998313E+000  0.180044277567363E-001 -0.693147180559945E+000 -0.514845748231944E+001 -0.514845748231944E+001 -0.568729923763697E+001
  0.188545036994481E+000  0.307772797134222E-001 -0.693147180559945E+000 -0.514153117226422E+001 -0.514153117226422E+001 -0.623134784887422E+001
  0.133618586100490E+000  0.150925846792081E-001 -0.693147180559945E+000 -0.472656105530434E+001 -0.472656105530434E+001 -0.568729923763697E+001
  0.209119444247452E+000  0.203949569028591E-001 -0.693147180559945E+000 -0.522478119847200E+001 -0.522478119847200E+001 -0.641483581574095E+001
  0.176783397482867E+000  0.660900086128502E-002 -0.693147180559945E+000 -0.494210713030508E+001 -0.494210713030508E+001 -0.704752297248240E+001
  0.113614199580864E+000  0.318238549016436E-001 -0.693147180559945E+000 -0.506802965361674E+001 -0.506802965361674E+001 -0.112399245929898E+002
  0.809970239324258E-001  0.657694058396007E-001 -0.693147180559945E+000 -0.468414994902036E+001 -0.468414994902036E+001 -0.616729840368655E+001
  0.138325008964678E+000  0.117501720712764E+000 -0.693147180559945E+000 -0.476582092455512E+001 -0.476582092455512E+001 -0.623134784887422E+001
  0.130356347677604E+000  0.227535517034536E-001 -0.693147180559945E+000 -0.454613490829820E+001 -0.454613490829820E+001 -0.124535360094513E+002
  0.184929727372380E+000  0.104474570684661E-001 -0.693147180559945E+000 -0.524441733280337E+001 -0.524441733280337E+001 -0.564296933037254E+001
  0.144208529400319E+000  0.171680810778939E+000 -0.693147180559945E+000 -0.487589112718604E+001 -0.487589112718604E+001 -0.602585068467611E+001
  0.141447459065336E+000  0.166176090334590E+000 -0.693147180559945E+000 -0.419754589593375E+001 -0.419754589593375E+001 -0.580082588734912E+001
  0.154848065931564E+000  0.623945048002490E-001 -0.693147180559945E+000 -0.465173920430654E+001 -0.465173920430654E+001 -0.100000000000000E+031
  0.106793794749275E+000  0.156605636253582E-001 -0.693147180559945E+000 -0.522494468245938E+001 -0.522494468245938E+001 -0.591899069477677E+001
  0.171940905860975E+000  0.374217518164763E-001 -0.693147180559945E+000 -0.505813258361701E+001 -0.505813258361701E+001 -0.620589590957957E+001
  0.251810410509487E+000  0.707815275081211E-001 -0.693147180559945E+000 -0.515847104159492E+001 -0.515847104159492E+001 -0.957670422324733E+001
  0.132789440543390E+000  0.839585343215208E-001 -0.693147180559945E+000 -0.326659211214533E+001 -0.326659211214533E+001 -0.103848490546425E+002
  0.158918376942861E+000  0.124212803772372E+000 -0.693147180559945E+000 -0.337131074908990E+001 -0.337131074908990E+001 -0.550239964274199E+001
  0.145338045215665E+000  0.518942379542332E-001 -0.693147180559945E+000 -0.512333529289773E+001 -0.512333529289773E+001 -0.124535360094513E+002
  0.182854111164194E+000  0.103772078860177E+000 -0.693147180559945E+000 -0.423318836031939E+001 -0.423318836031939E+001 -0.939544631568005E+001
  0.112158759233919E+000  0.952515474012701E-001 -0.693147180559945E+000 -0.364757722357099E+001 -0.364757722357099E+001 -0.570491628833678E+001
  0.123859593180376E+000  0.628535168993470E-001 -0.693147180559945E+000 -0.476364681411952E+001 -0.476364681411952E+001 -0.615500095408865E+001
  0.149057815097306E+000  0.392616766268675E-001 -0.693147180559945E+000 -0.439310554517468E+001 -0.439310554517468E+001 -0.719490140616913E+001
  0.148718861562224E+000  0.285224270473770E-001 -0.693147180559945E+000 -0.539532600658421E+001 -0.539532600658421E+001 -0.969599995281831E+001
  0.193678472247923E+000  0.529399125573413E-001 -0.693147180559945E+000 -0.456072349814648E+001 -0.456072349814648E+001 -0.753911987063615E+001
  0.155474950702662E+000  0.113666917600351E-001 -0.693147180559945E+000 -0.487261174268850E+001 -0.487261174268850E+001 -0.710804429249030E+001
  0.100964301633203E+000  0.266038659370391E-002 -0.693147180559945E+000 -0.533597760810680E+001 -0.533597760810680E+001 -0.686033248191795E+001
  0.165068815576860E+000  0.914454673530652E-002 -0.693147180559945E+000 -0.493263707549876E+001 -0.493263707549876E+001 -0.753911987063615E+001
  0.130249582702929E+000  0.345095869245615E-001 -0.693147180559945E+000 -0.505874691285194E+001 -0.505874691285194E+001 -0.114746311712602E+002
  0.210698549818057E+000  0.123773367792289E+000 -0.693147180559945E+000 -0.503504790408909E+001 -0.503504790408909E+001 -0.544623551364599E+001
  0.167152868617750E+000  0.854866932377709E-001 -0.693147180559945E+000 -0.502898342573433E+001 -0.502898342573433E+001 -0.923493233530123E+001
  0.109486776751973E+000  0.108562772353278E-001 -0.693147180559945E+000 -0.521283376392175E+001 -0.521283376392175E+001 -0.608410420968880E+001
  0.220617279064530E+000  0.214314295707729E+000 -0.693147180559945E+000 -0.483878594792354E+001 -0.483878594792354E+001 -0.560485220632754E+001
  0.172450215624079E+000  0.226426864543273E-001 -0.693147180559945E+000 -0.515445478642689E+001 -0.515445478642689E+001 -0.121874050645959E+002
  0.197888167581094E+000  0.326425757395165E-002 -0.693147180559945E+000 -0.506606495277271E+001 -0.506606495277271E+001 -0.551377208822042E+001
  0.184676197759321E+000  0.132590955250977E-001 -0.693147180559945E+000 -0.505222190615348E+001 -0.505222190615348E+001 -0.802194378402650E+001
  0.149553310427974E+000  0.117985670476921E+000 -0.693147180559945E+000 -0.517460019631503E+001 -0.517460019631503E+001 -0.543676085288999E+001
  0.180461685759963E+000  0.192153862713358E-001 -0.693147180559945E+000 -0.453130553096255E+001 -0.453130553096255E+001 -0.608410420968880E+001
  0.112600241352548E+000  0.131297401832829E-001 -0.693147180559945E+000 -0.492974025191527E+001 -0.492974025191527E+001 -0.101196832701150E+002
  0.836798869461732E-001  0.153935099890526E+000 -0.693147180559945E+000 -0.521744229655109E+001 -0.521744229655109E+001 -0.555457060268826E+001
  0.212904685890746E+000  0.167681439842610E+000 -0.693147180559945E+000 -0.380187529575570E+001 -0.380187529575570E+001 -0.618646345823137E+001
  0.147730479935058E+000  0.428672347106210E-002 -0.693147180559945E+000 -0.493251328325372E+001 -0.493251328325372E+001 -0.542557563758363E+001
  0.103604518416522E+000  0.336758979080001E-001 -0.693147180559945E+000 -0.447068745472397E+001 -0.447068745472397E+001 -0.552526445848895E+001
  0.244662413015264E+000  0.595019549083364E-001 -0.693147180559945E+000 -0.478810209244561E+001 -0.478810209244561E+001 -0.595152505992306E+001
  0.403301022699978E-001  0.109222906807700E+000 -0.693147180559945E+000 -0.538563728385010E+001 -0.538563728385010E+001 -0.777134618358263E+001
  0.193189435909104E+000  0.830031380694910E-002 -0.693147180559945E+000 -0.501248726181330E+001 -0.501248726181330E+001 -0.588416543774458E+001
  0.149320634461784E+000  0.112144781075208E+000 -0.693147180559945E+000 -0.527926060622367E+001 -0.527926060622367E+001 -0.666224044581801E+001
  0.126176933514770E+000  0.446009853625882E-001 -0.693147180559945E+000 -0.511278385894074E+001 -0.511278385894074E+001 -0.192091070766148E+002
  0.226125863557507E+000  0.955188860721424E-001 -0.693147180559945E+000 -0.358802244165669E+001 -0.358802244165669E+001 -0.139083121653588E+002
  0.194955267632760E+000  0.171380288260509E+000 -0.693147180559945E+000 -0.443927101482205E+001 -0.443927101482205E+001 -0.636662059705275E+001
  0.202599729832894E+000  0.126437213530061E+000 -0.693147180559945E+000 -0.485113339797514E+001 -0.485113339797514E+001 -0.561762713188868E+001
  0.130511054388748E+000  0.412180931962173E-001 -0.693147180559945E+000 -0.520107559480798E+001 -0.520107559480798E+001 -0.560485220632754E+001
  0.112309207965962E+000  0.736201338986680E-001 -0.693147180559945E+000 -0.450082113762389E+001 -0.450082113762389E+001 -0.638624352362546E+001
  0.101231379965268E+000  0.226002134537616E-001 -0.693147180559945E+000 -0.527456015130777E+001 -0.527456015130777E+001 -0.611274517214940E+001
  0.170055577755842E+000  0.130086434846404E+000 -0.693147180559945E+000 -0.470979032493346E+001 -0.470979032493346E+001 -0.100000000000000E+031
  0.203954896854023E+000  0.412762940617030E-001 -0.693147180559945E+000 -0.531244797672996E+001 -0.531244797672996E+001 -0.152929653958366E+002
  0.203846887462000E+000  0.441620090723548E-003 -0.693147180559945E+000 -0.522818284394339E+001 -0.522818284394339E+001 -0.544623551364599E+001
  0.161420138218220E+000  0.283417256855092E-001 -0.693147180559945E+000 -0.492658105854477E+001 -0.492658105854477E+001 -0.736156597812887E+001
  0.229165988066940E+000  0.590308267069957E-001 -0.693147180559945E+000 -0.490425610019199E+001 -0.490425610019199E+001 -0.615500095408865E+001
  0.157799966393878E+000  0.212904920738700E+000 -0.693147180559945E+000 -0.477028274665965E+001 -0.477028274665965E+001 -0.589643386955554E+001
  0.117085963326377E+000  0.139273645983698E+000 -0.693147180559945E+000 -0.401849867305034E+001 -0.401849867305034E+001 -0.790696090836769E+001
  0.116618597568432E+000  0.646746806105840E-001 -0.693147180559945E+000 -0.513168171260047E+001 -0.513168171260047E+001 -0.641483581574095E+001
  0.157587603345324E+000  0.605247495858218E-002 -0.693147180559945E+000 -0.481747973828229E+001 -0.481747973828229E+001 -0.611274517214940E+001
  0.136964072634195E+000  0.562360332168315E-001 -0.693147180559945E+000 -0.533214127926943E+001 -0.533214127926943E+001 -0.599578488788798E+001
  0.148690614235600E+000  0.597682216392229E-001 -0.693147180559945E+000 -0.521134728835535E+001 -0.521134728835535E+001 -0.664386236750978E+001
  0.138580278388599E+000  0.771204358756743E-001 -0.693147180559945E+000 -0.480070160216243E+001 -0.480070160216243E+001 -0.599578488788798E+001
  0.973739153306292E-001  0.171403446274609E+000 -0.693147180559945E+000 -0.393003004424212E+001 -0.393003004424212E+001 -0.636662059705275E+001
  0.183347896318903E+000  0.235175083323643E-001 -0.693147180559945E+000 -0.514443713435536E+001 -0.514443713435536E+001 -0.568729923763697E+001
  0.118278925810093E+000  0.460581287373505E-001 -0.693147180559945E+000 -0.443811519907133E+001 -0.443811519907133E+001 -0.638624352362546E+001
  0.863542695469091E-001  0.160137663525014E+000 -0.693147180559945E+000 -0.453871487869491E+001 -0.453871487869491E+001 -0.100000000000000E+031
  0.158251829969785E+000  0.613765081868816E-003 -0.693147180559945E+000 -0.486029478022085E+001 -0.486029478022085E+001 -0.629013074779933E+001
  0.137332202465120E+000  0.369823019705243E-002 -0.693147180559945E+000 -0.498234983035243E+001 -0.498234983035243E+001 -0.715141604717859E+001
  0.191245403432442E+000  0.547813877345895E-001 -0.693147180559945E+000 -0.492122061562058E+001 -0.492122061562058E+001 -0.731718000338891E+001
  0.197620202381350E+000  0.338123554698093E-002 -0.693147180559945E+000 -0.510454603307824E+001 -0.510454603307824E+001 -0.646245652224620E+001
  0.140651630279596E+000  0.325444475565974E-001 -0.693147180559945E+000 -0.467503498890656E+001 -0.467503498890656E+001 -0.797426381419881E+001
  0.160899959903086E+000  0.117286396591036E+000 -0.693147180559945E+000 -0.529041922314126E+001 -0.529041922314126E+001 -0.890271129623750E+001
  0.162352482963751E+000  0.673794297716492E-001 -0.693147180559945E+000 -0.490599874623457E+001 -0.490599874623457E+001 -0.749457860069015E+001
  0.885567486513374E-001  0.572387368523887E-001 -0.693147180559945E+000 -0.499189683229897E+001 -0.499189683229897E+001 -0.570491628833678E+001
  0.137725907889009E+000  0.293897616580959E-001 -0.693147180559945E+000 -0.508479074652123E+001 -0.508479074652123E+001 -0.131897464232487E+002
  0.112824710648395E+000  0.653248935910458E-001 -0.693147180559945E+000 -0.527685780173191E+001 -0.527685780173191E+001 -0.623134784887422E+001
  0.999085755133584E-001  0.579651757990919E-002 -0.693147180559945E+000 -0.526422935779448E+001 -0.526422935779448E+001 -0.641483581574095E+001
  0.185571766057190E+000  0.584182946637786E-001 -0.693147180559945E+000 -0.529355424813583E+001 -0.529355424813583E+001 -0.659175848987534E+001
  0.120222565832812E+000  0.408197128557039E-001 -0.693147180559945E+000 -0.439037672289312E+001 -0.439037672289312E+001 -0.778278978656867E+001
  0.150291734463096E+000  0.433484318349629E-001 -0.693147180559945E+000 -0.523445427096613E+001 -0.523445427096613E+001 -0.591899069477677E+001
  0.160147117698260E+000  0.888487587529449E-001 -0.693147180559945E+000 -0.517713551783425E+001 -0.517713551783425E+001 -0.618646345823137E+001
  0.128720434662697E+000  0.366784614340287E-001 -0.693147180559945E+000 -0.437945640082653E+001 -0.437945640082653E+001 -0.704752297248240E+001
  0.129722795754503E+000  0.241941347961001E-001 -0.693147180559945E+000 -0.474960545481698E+001 -0.474960545481698E+001 -0.904381543690666E+001
  0.741442879559493E-001  0.702517220141771E-001 -0.693147180559945E+000 -0.468352266701760E+001 -0.468352266701760E+001 -0.551377208822042E+001
  0.183462585711883E+000  0.277595172412326E-002 -0.693147180559945E+000 -0.506676552899956E+001 -0.506676552899956E+001 -0.166445642861894E+002
  0.194728009458407E+000  0.761735735560945E-002 -0.693147180559945E+000 -0.503655827148928E+001 -0.503655827148928E+001 -0.618646345823137E+001
  0.115677308281489E+000  0.126689946191417E-001 -0.693147180559945E+000 -0.500811878033285E+001 -0.500811878033285E+001 -0.575127908615923E+001
  0.107223267269794E+000  0.376530375491305E-001 -0.693147180559945E+000 -0.509555486456299E+001 -0.509555486456299E+001 -0.686033248191795E+001
  0.173566352962717E+000  0.407448078065600E-001 -0.693147180559945E+000 -0.500675572325628E+001 -0.500675572325628E+001 -0.566549425541955E+001
  0.185236845303204E+000  0.121409829469962E+000 -0.693147180559945E+000 -0.500872807255509E+001 -0.500872807255509E+001 -0.560485220632754E+001
  0.169528341603826E+000  0.393181305420142E-001 -0.693147180559945E+000 -0.522615650782773E+001 -0.522615650782773E+001 -0.539756574725999E+001
  0.128709962412536E+000  0.109851704315913E+000 -0.693147180559945E+000 -0.477826502540590E+001 -0.477826502540590E+001 -0.630653990592182E+001
  0.136840530939026E+000  0.600129604610668E-001 -0.693147180559945E+000 -0.527488609591610E+001 -0.527488609591610E+001 -0.608410420968880E+001
  0.202355892671721E+000  0.132217133207574E+000 -0.693147180559945E+000 -0.427666734855186E+001 -0.427666734855186E+001 -0.638624352362546E+001
  0.173390084309987E+000  0.334179382498339E-001 -0.693147180559945E+000 -0.477102936966595E+001 -0.477102936966595E+001 -0.673998823507236E+001
  0.135253003252036E+000  0.196569763634091E+000 -0.693147180559945E+000 -0.425853474101095E+001 -0.425853474101095E+001 -0.897620404438889E+001
  0.155533845299085E+000  0.179446080311782E-001 -0.693147180559945E+000 -0.464755660027222E+001 -0.464755660027222E+001 -0.957670422324733E+001
  0.123912468170528E+000  0.194538016807431E-001 -0.693147180559945E+000 -0.507216424769173E+001 -0.507216424769173E+001 -0.560485220632754E+001
  0.201351103038123E+000  0.625346358153217E-001 -0.693147180559945E+000 -0.498065160531328E+001 -0.498065160531328E+001 -0.749457860069015E+001
  0.198000106968456E+000  0.277292157034038E-001 -0.693147180559945E+000 -0.443653593741825E+001 -0.443653593741825E+001 -0.659175848987534E+001
  0.188348547204765E+000  0.253626179752739E-001 -0.693147180559945E+000 -0.472355478051503E+001 -0.472355478051503E+001 -0.722592667399484E+001
  0.175146574514627E+000  0.126088072933608E+000 -0.693147180559945E+000 -0.497706399334568E+001 -0.497706399334568E+001 -0.858630740950257E+001
  0.184547361696691E+000  0.651162891209131E-001 -0.693147180559945E+000 -0.381339982519442E+001 -0.381339982519442E+001 -0.118261696507754E+002
  0.117722616240767E+000  0.995513368568061E-001 -0.693147180559945E+000 -0.376739512859794E+001 -0.376739512859794E+001 -0.611274517214940E+001
  0.129612608301667E+000  0.128187121373842E-001 -0.693147180559945E+000 -0.508275942831427E+001 -0.508275942831427E+001 -0.100000000000000E+031
  0.144854632602680E+000  0.855221706405447E-001 -0.693147180559945E+000 -0.451965546384802E+001 -0.451965546384802E+001 -0.550239964274199E+001
  0.188770467702311E+000  0.381683783791102E-002 -0.693147180559945E+000 -0.492813432891465E+001 -0.492813432891465E+001 -0.542557563758363E+001
  0.207911249619917E+000  0.666312494769300E-001 -0.693147180559945E+000 -0.430958466922181E+001 -0.430958466922181E+001 -0.110805001540766E+002
  0.176691668360932E+000  0.169325699072090E-001 -0.693147180559945E+000 -0.522664816303898E+001 -0.522664816303898E+001 -0.651300965741745E+001
  0.188486217368927E+000  0.662209404385999E-001 -0.693147180559945E+000 -0.457831336631492E+001 -0.457831336631492E+001 -0.112399245929898E+002
  0.127174446710780E+000  0.886308136152741E-001 -0.693147180559945E+000 -0.507452570689707E+001 -0.507452570689707E+001 -0.561762713188868E+001
  0.185665801619992E+000  0.115812316553173E+000 -0.693147180559945E+000 -0.454541688603797E+001 -0.454541688603797E+001 -0.602585068467611E+001
  0.177514415762590E+000  0.464026378043029E-001 -0.693147180559945E+000 -0.448843059940688E+001 -0.448843059940688E+001 -0.797426381419881E+001
  0.237831233693665E+000  0.162300184969238E+000 -0.693147180559945E+000 -0.460126647512433E+001 -0.460126647512433E+001 -0.629013074779933E+001
  0.175296242351062E+000  0.281167955052987E-001 -0.693147180559945E+000 -0.533959297089520E+001 -0.533959297089520E+001 -0.616729840368655E+001
  0.157772769408456E+000  0.212950971310554E+000 -0.693147180559945E+000 -0.332321670804538E+001 -0.332321670804538E+001 -0.548471350059309E+001
  0.170282431779180E+000  0.811661821289043E-001 -0.693147180559945E+000 -0.512577042686886E+001 -0.512577042686886E+001 -0.969599995281831E+001
  0.207171645210037E+000  0.757753647484441E-001 -0.693147180559945E+000 -0.477529704708552E+001 -0.477529704708552E+001 -0.648431790159364E+001
  0.182482358528864E+000  0.769914333008411E-001 -0.693147180559945E+000 -0.532211050678578E+001 -0.532211050678578E+001 -0.677873360823501E+001
  0.105489617400902E+000  0.509621416558986E-001 -0.693147180559945E+000 -0.436160823743737E+001 -0.436160823743737E+001 -0.540983086970206E+001
  0.145572693839309E+000  0.637892224071994E-001 -0.693147180559945E+000 -0.518979781514339E+001 -0.518979781514339E+001 -0.802194378402650E+001
  0.171029212850513E+000  0.592885324679372E-002 -0.693147180559945E+000 -0.498765258629413E+001 -0.498765258629413E+001 -0.840325366402593E+001
  0.199189584915197E+000  0.600703650729037E-001 -0.693147180559945E+000 -0.528933190356912E+001 -0.528933190356912E+001 -0.564296933037254E+001
  0.147798599347327E+000  0.720879017695490E-001 -0.693147180559945E+000 -0.406249533560262E+001 -0.406249533560262E+001 -0.582175424663738E+001
  0.854405049203291E-001  0.931557763287009E-001 -0.693147180559945E+000 -0.455611841259428E+001 -0.455611841259428E+001 -0.552526445848895E+001
  0.195756595529359E+000  0.679456603348841E-001 -0.693147180559945E+000 -0.533398056982289E+001 -0.533398056982289E+001 -0.957670422324733E+001
  0.112362555235374E+000  0.171278142336630E-001 -0.693147180559945E+000 -0.474008200438218E+001 -0.474008200438218E+001 -0.580082588734912E+001
  0.107028578460908E+000  0.742082174859043E-002 -0.693147180559945E+000 -0.522826699873217E+001 -0.522826699873217E+001 -0.556925556074721E+001
  0.178393717337305E+000  0.162799693332518E-001 -0.693147180559945E+000 -0.472019034960482E+001 -0.472019034960482E+001 -0.552526445848895E+001
  0.194082002933514E+000  0.870680777987399E-001 -0.693147180559945E+000 -0.349471224398573E+001 -0.349471224398573E+001 -0.564296933037254E+001
  0.201173462330055E+000  0.203475073405082E-002 -0.693147180559945E+000 -0.519782972151251E+001 -0.519782972151251E+001 -0.544623551364599E+001
  0.111282941516689E+000  0.306054940185283E-001 -0.693147180559945E+000 -0.501081939066352E+001 -0.501081939066352E+001 -0.543676085288999E+001
  0.191314631027750E+000  0.361371784810685E-001 -0.693147180559945E+000 -0.438787603548130E+001 -0.438787603548130E+001 -0.551377208822042E+001
  0.161300423229767E+000  0.635918406701510E-001 -0.693147180559945E+000 -0.452358207079672E+001 -0.452358207079672E+001 -0.103848490546425E+002
  0.195881704520861E+000  0.401557261501149E-001 -0.693147180559945E+000 -0.504809112467376E+001 -0.504809112467376E+001 -0.633595988177382E+001
  0.208076307397655E+000  0.337991820091808E-001 -0.693147180559945E+000 -0.503688780893890E+001 -0.503688780893890E+001 -0.556925556074721E+001
  0.114341957382760E+000  0.449817032602948E-001 -0.693147180559945E+000 -0.479746025873136E+001 -0.479746025873136E+001 -0.575127908615923E+001
  0.176724306967052E+000  0.169823911022334E-001 -0.693147180559945E+000 -0.476125532548883E+001 -0.476125532548883E+001 -0.585029323040511E+001
  0.105917243411640E+000  0.805768158174036E-001 -0.693147180559945E+000 -0.516913543547213E+001 -0.516913543547213E+001 -0.740823787481070E+001
  0.118625699966450E+000  0.146015194903550E-001 -0.693147180559945E+000 -0.500243063599051E+001 -0.500243063599051E+001 -0.826186001159900E+001
  0.174377546182320E+000  0.101101816105558E+000 -0.693147180559945E+000 -0.371000454776226E+001 -0.371000454776226E+001 -0.548471350059309E+001
  0.168118167472795E+000  0.112972507194372E-001 -0.693147180559945E+000 -0.474313942628954E+001 -0.474313942628954E+001 -0.100000000000000E+031
  0.191378472279405E+000  0.620806089987507E-001 -0.693147180559945E+000 -0.425717863750592E+001 -0.425717863750592E+001 -0.662097887511673E+001
  0.132287203073808E+000  0.435628901474274E-001 -0.693147180559945E+000 -0.523790101489434E+001 -0.523790101489434E+001 -0.620589590957957E+001
  0.113437392072503E+000  0.136412286189007E-001 -0.693147180559945E+000 -0.523368482432830E+001 -0.523368482432830E+001 -0.540983086970206E+001
  0.220455928240870E+000  0.214783917811117E+000 -0.693147180559945E+000 -0.505824311727327E+001 -0.505824311727327E+001 -0.591899069477677E+001
  0.106625517054784E+000  0.107509988418240E-001 -0.693147180559945E+000 -0.535921972497627E+001 -0.535921972497627E+001 -0.739277443826561E+001
  0.166544901281435E+000  0.266995182142387E-002 -0.693147180559945E+000 -0.485562302366020E+001 -0.485562302366020E+001 -0.666224044581801E+001
  0.189639858488325E+000  0.521199853240822E-002 -0.693147180559945E+000 -0.495823499171744E+001 -0.495823499171744E+001 -0.110805001540766E+002
  0.126750132010146E+000  0.125331281535972E-001 -0.693147180559945E+000 -0.518182211110974E+001 -0.518182211110974E+001 -0.580082588734912E+001
  0.139633277907177E+000  0.115266722915803E+000 -0.693147180559945E+000 -0.366959261524568E+001 -0.366959261524568E+001 -0.572295715907250E+001
  0.153073542852025E+000  0.125763458697628E-001 -0.693147180559945E+000 -0.492438958211840E+001 -0.492438958211840E+001 -0.126387392993579E+002
  0.852159141542672E-001  0.387529367072867E-001 -0.693147180559945E+000 -0.539526239105710E+001 -0.539526239105710E+001 -0.606058608842573E+001
  0.163506686818886E+000  0.130615568356013E+000 -0.693147180559945E+000 -0.531909374297800E+001 -0.531909374297800E+001 -0.761172156917137E+001
  0.158609207233924E+000  0.125653616149999E+000 -0.693147180559945E+000 -0.529257589117354E+001 -0.529257589117354E+001 -0.550239964274199E+001
  0.175064296015582E+000  0.296105134226679E-001 -0.693147180559945E+000 -0.503056926858115E+001 -0.503056926858115E+001 -0.585029323040511E+001
  0.147382985711115E+000  0.279611073410730E-001 -0.693147180559945E+000 -0.462295901971574E+001 -0.462295901971574E+001 -0.540983086970206E+001
  0.960812354327056E-001  0.119950536615176E+000 -0.693147180559945E+000 -0.534910451924683E+001 -0.534910451924683E+001 -0.552526445848895E+001
  0.201001006737995E+000  0.246063873218920E-001 -0.693147180559945E+000 -0.487329220030738E+001 -0.487329220030738E+001 -0.778278978656867E+001
  0.122041996797692E+000  0.136930095102292E-001 -0.693147180559945E+000 -0.512241658073581E+001 -0.512241658073581E+001 -0.572295715907250E+001
  0.146567422550395E+000  0.373124923664973E-001 -0.693147180559945E+000 -0.435422612543410E+001 -0.435422612543410E+001 -0.542557563758363E+001
  0.157749084452336E+000  0.406821348907164E-001 -0.693147180559945E+000 -0.484256367771864E+001 -0.484256367771864E+001 -0.969599995281831E+001
  0.142062315240728E+000  0.176909927214392E+000 -0.693147180559945E+000 -0.478412805275763E+001 -0.478412805275763E+001 -0.572295715907250E+001
  0.178532400616936E+000  0.113576107717050E+000 -0.693147180559945E+000 -0.463605988484928E+001 -0.463605988484928E+001 -0.100000000000000E+031
  0.182456898812665E+000  0.729681192525237E-001 -0.693147180559945E+000 -0.500767657974209E+001 -0.500767657974209E+001 -0.543676085288999E+001
  0.167426465342282E+000  0.483974790493936E-001 -0.693147180559945E+000 -0.430403423316643E+001 -0.430403423316643E+001 -0.539756574725999E+001
