  0.632257874094525E+000  0.824931450761883E-001  0.101535291751196E+001  0.100050033358353E-002 -0.135258958443461E+002 -0.135258958443461E+002
  0.777248760005292E+000  0.233162095063666E-002  0.824584408552200E+000  0.100050033358353E-002 -0.131442325679132E+002 -0.131442325679132E+002
  0.189305936490741E+000  0.985637196787570E-003  0.128684498221671E+001  0.100050033358353E-002 -0.131542415928430E+002 -0.131542415928430E+002
  0.927702431333698E+000  0.984157180238463E-001  0.489252200287948E+000  0.100050033358353E-002 -0.135012333020102E+002 -0.135012333020102E+002
  0.739885278021580E+000  0.907587793548612E-001  0.881644935129618E+000  0.100050033358353E-002 -0.135592902965877E+002 -0.135592902965877E+002
  0.368149765845579E+000  0.226251163452731E-001  0.121849805223860E+001  0.100050033358353E-002 -0.131672548549951E+002 -0.131672548549951E+002
  0.792376849527051E+000  0.140304154563151E-001  0.799472436296634E+000  0.100050033358353E-002 -0.131044189785487E+002 -0.131044189785487E+002
  0.723267447937875E+000  0.104515577564498E+000  0.905018402138749E+000  0.100050033358353E-002 -0.137757668261662E+002 -0.137757668261662E+002
  0.845936497266724E+000  0.926518939239515E-001  0.698890610468061E+000  0.100050033358353E-002 -0.134984328819955E+002 -0.134984328819955E+002
  0.368420751633631E+000  0.839962994384531E-001  0.121835737204095E+001  0.100050033358353E-002 -0.136754149169875E+002 -0.136754149169875E+002
  0.512180139315346E+000  0.196520614786883E-001  0.112559575749397E+001  0.100050033358353E-002 -0.131433889149762E+002 -0.131433889149762E+002
  0.536148185820755E+000  0.453351473193878E-001  0.110625979643300E+001  0.100050033358353E-002 -0.132302239079102E+002 -0.132302239079102E+002
  0.877388768117710E+000  0.725520807367118E-001  0.628771978950198E+000  0.100050033358353E-002 -0.132542934825740E+002 -0.132542934825740E+002
  0.756444390017328E+000  0.436035404964916E-001  0.857170496915669E+000  0.100050033358353E-002 -0.131409260075769E+002 -0.131409260075769E+002
  0.192011072901124E+000  0.818941388756297E-001  0.128615642947634E+001  0.100050033358353E-002 -0.136974726084269E+002 -0.136974726084269E+002
  0.799307921948197E-001  0.146383149799011E-001  0.130634881020786E+001  0.100050033358353E-002 -0.131651463067715E+002 -0.131651463067715E+002
  0.421167812296195E+000  0.420666565623324E-001  0.118863896192756E+001  0.100050033358353E-002 -0.132420751247735E+002 -0.132420751247735E+002
  0.625403580071953E-001  0.262953764163543E-001  0.130797652987374E+001  0.100050033358353E-002 -0.132005014131108E+002 -0.132005014131108E+002
  0.351781427991293E+000  0.836351159585144E-001  0.122677499778606E+001  0.100050033358353E-002 -0.136793743730352E+002 -0.136793743730352E+002
  0.915922173251129E+000  0.792913900186087E-001  0.525993786888877E+000  0.100050033358353E-002 -0.132869446497908E+002 -0.132869446497908E+002
  0.314597825923538E+000  0.837453029120848E-001  0.124399930402100E+001  0.100050033358353E-002 -0.136902282412386E+002 -0.136902282412386E+002
  0.788446300499133E+000  0.920780417299459E-001  0.806119094157463E+000  0.100050033358353E-002 -0.135382102641072E+002 -0.135382102641072E+002
  0.222220733445016E+000  0.469345826232237E-002  0.127777370893895E+001  0.100050033358353E-002 -0.131525813962875E+002 -0.131525813962875E+002
  0.713115528137559E-001  0.362226727212714E-001  0.130720547852759E+001  0.100050033358353E-002 -0.132531454346624E+002 -0.132531454346624E+002
  0.417770726737898E+000  0.718080779754071E-002  0.119069619215365E+001  0.100050033358353E-002 -0.131466715734207E+002 -0.131466715734207E+002
  0.995814058576860E+000  0.550421896040283E-001  0.119786411782472E+000  0.100050033358353E-002 -0.130587723772668E+002 -0.130587723772668E+002
  0.792039825591456E+000  0.958884457685567E-001  0.800045816688606E+000  0.100050033358353E-002 -0.135877152033888E+002 -0.135877152033888E+002
  0.810947632094798E+000  0.724927364235453E-001  0.766822681630012E+000  0.100050033358353E-002 -0.133010161203839E+002 -0.133010161203839E+002
  0.824616852257196E+000  0.991156774257937E-001  0.741362671116265E+000  0.100050033358353E-002 -0.136052927926893E+002 -0.136052927926893E+002
  0.533947595064572E+000  0.924873275337231E-001  0.110808629074610E+001  0.100050033358353E-002 -0.137214267808314E+002 -0.137214267808314E+002
  0.777343847457749E+000  0.816179944810206E-001  0.824430445280924E+000  0.100050033358353E-002 -0.134188439908002E+002 -0.134188439908002E+002
  0.647936662654272E+000  0.454178946168737E-002  0.998232263376281E+000  0.100050033358353E-002 -0.131408686570696E+002 -0.131408686570696E+002
  0.430552459956877E+000  0.280558425674562E-001  0.118285006623960E+001  0.100050033358353E-002 -0.131749194816861E+002 -0.131749194816861E+002
  0.963496650302214E+000  0.664949577628432E-001  0.350858809561989E+000  0.100050033358353E-002 -0.131434602325516E+002 -0.131434602325516E+002
  0.663561429492579E+000  0.106581276476801E+000  0.980445041464779E+000  0.100050033358353E-002 -0.138581927933043E+002 -0.138581927933043E+002
  0.982560821183584E+000  0.104882120816015E+000  0.243684114467212E+000  0.100050033358353E-002 -0.135374537956331E+002 -0.135374537956331E+002
  0.951537889477196E+000  0.643417997886695E-001  0.403032992664606E+000  0.100050033358353E-002 -0.131379524976126E+002 -0.131379524976126E+002
  0.457242682210970E+000  0.668620085776859E-001  0.116551999665099E+001  0.100050033358353E-002 -0.134346809719661E+002 -0.134346809719661E+002
  0.189332791322017E+000  0.496793578236405E-001  0.128683819652283E+001  0.100050033358353E-002 -0.133393886538818E+002 -0.133393886538818E+002
  0.868557676587647E+000  0.994894362375882E-001  0.649489016549209E+000  0.100050033358353E-002 -0.135711208772206E+002 -0.135711208772206E+002
  0.861994369483316E+000  0.925665248937027E-001  0.664337133401843E+000  0.100050033358353E-002 -0.134833857558765E+002 -0.134833857558765E+002
  0.775375661812811E+000  0.110516111908939E+000  0.827607618605672E+000  0.100050033358353E-002 -0.138303326018332E+002 -0.138303326018332E+002
  0.201317855112288E+000  0.788387006657327E-001  0.128370992063731E+001  0.100050033358353E-002 -0.136563156150144E+002 -0.136563156150144E+002
  0.450792095771217E+000  0.104614721151227E+000  0.116982776169979E+001  0.100050033358353E-002 -0.139626383234756E+002 -0.139626383234756E+002
  0.599998141627626E+000  0.423493606079233E-001  0.104843542660187E+001  0.100050033358353E-002 -0.131935516790717E+002 -0.131935516790717E+002
  0.659040675385987E+000  0.539415078403256E-001  0.985668202955388E+000  0.100050033358353E-002 -0.132385572457470E+002 -0.132385572457470E+002
  0.371430602843926E+000  0.772541881982395E-001  0.121678676798434E+001  0.100050033358353E-002 -0.135874470925144E+002 -0.135874470925144E+002
  0.587481723122733E+000  0.109674915951270E+000  0.106053964556109E+001  0.100050033358353E-002 -0.139691567041747E+002 -0.139691567041747E+002
  0.845246286145387E+000  0.374267311281984E-001  0.700323425851885E+000  0.100050033358353E-002 -0.130857698825528E+002 -0.130857698825528E+002
  0.537141818734078E+000  0.799385971131171E-001  0.110543162469155E+001  0.100050033358353E-002 -0.135485282187491E+002 -0.135485282187491E+002
  0.806944279733764E+000  0.844622336055978E-003  0.774042240127854E+000  0.100050033358353E-002 -0.131507007217887E+002 -0.131507007217887E+002
  0.202512221906467E+000  0.442925584396415E-001  0.128338722286573E+001  0.100050033358353E-002 -0.132941721701317E+002 -0.132941721701317E+002
  0.325453531762176E+000  0.325237097686507E-001  0.123919351907452E+001  0.100050033358353E-002 -0.132090181101886E+002 -0.132090181101886E+002
  0.194578706804585E+000  0.118170955388717E-001  0.128549349056656E+001  0.100050033358353E-002 -0.131575186438767E+002 -0.131575186438767E+002
  0.466944921216958E+000  0.101209802826344E+000  0.115889446969248E+001  0.100050033358353E-002 -0.138965110354431E+002 -0.138965110354431E+002
  0.808127585428401E+000  0.100978638621676E+000  0.771919034372412E+000  0.100050033358353E-002 -0.136474757726149E+002 -0.136474757726149E+002
  0.500537306031307E+000  0.779532461185490E-001  0.113455582517763E+001  0.100050033358353E-002 -0.135407252472735E+002 -0.135407252472735E+002
  0.518550946339697E+000  0.157263170367693E-001  0.112057465589360E+001  0.100050033358353E-002 -0.131392361498631E+002 -0.131392361498631E+002
  0.434584118990933E+000  0.206303406037012E-002  0.118031507603190E+001  0.100050033358353E-002 -0.131514329134250E+002 -0.131514329134250E+002
  0.727610684478631E+000  0.655614494500900E-001  0.899019099874849E+000  0.100050033358353E-002 -0.132922680871179E+002 -0.132922680871179E+002
  0.950841299138462E+000  0.859325122929758E-001  0.405846787583322E+000  0.100050033358353E-002 -0.133259963094480E+002 -0.133259963094480E+002
  0.193843272732644E+000  0.530708083205205E-001  0.128568430767994E+001  0.100050033358353E-002 -0.133673082252017E+002 -0.133673082252017E+002
  0.773752269462046E+000  0.498584150050215E-001  0.830213022898786E+000  0.100050033358353E-002 -0.131611324960473E+002 -0.131611324960473E+002
  0.777943486805143E+000  0.988756639637736E-001  0.823458426347102E+000  0.100050033358353E-002 -0.136426279644121E+002 -0.136426279644121E+002
  0.973277612715090E+000  0.859247336933752E-001  0.300941904464313E+000  0.100050033358353E-002 -0.133058357609869E+002 -0.133058357609869E+002
  0.453065574524484E+000  0.784569551608575E-001  0.116831830313169E+001  0.100050033358353E-002 -0.135695432317752E+002 -0.135695432317752E+002
  0.415263816890810E+000  0.989955088630746E-001  0.119220140610447E+001  0.100050033358353E-002 -0.138880406361730E+002 -0.138880406361730E+002
  0.984239331918134E+000  0.557249792837153E-001  0.231758292326208E+000  0.100050033358353E-002 -0.130695378794912E+002 -0.130695378794912E+002
  0.936370106661008E+000  0.822904232912696E-001  0.460018953903351E+000  0.100050033358353E-002 -0.132999923053096E+002 -0.132999923053096E+002
  0.812363736235899E+000  0.299023693957529E-001  0.764243957901279E+000  0.100050033358353E-002 -0.130879623094608E+002 -0.130879623094608E+002
  0.505218053729326E+000  0.621425853165768E-001  0.113098690184770E+001  0.100050033358353E-002 -0.133694741740896E+002 -0.133694741740896E+002
  0.751466867476345E+000  0.336967990944413E-001  0.864657382063311E+000  0.100050033358353E-002 -0.131126877091456E+002 -0.131126877091456E+002
  0.925281319909874E+000  0.139729909578277E-001  0.497064374935390E+000  0.100050033358353E-002 -0.130826870714135E+002 -0.130826870714135E+002
  0.610402069532237E+000  0.349396314463948E-001  0.103806948396899E+001  0.100050033358353E-002 -0.131593063083781E+002 -0.131593063083781E+002
  0.800041313512040E+000  0.515363313219106E-001  0.786253004031391E+000  0.100050033358353E-002 -0.131567421166474E+002 -0.131567421166474E+002
  0.604219653769079E+000  0.520550942646003E-002  0.104426319621001E+001  0.100050033358353E-002 -0.131411498965552E+002 -0.131411498965552E+002
  0.594948831568151E+000  0.681671130837312E-001  0.105336592581340E+001  0.100050033358353E-002 -0.133872016980072E+002 -0.133872016980072E+002
  0.896790952062789E+000  0.248127263447506E-001  0.579855210860232E+000  0.100050033358353E-002 -0.130631268690122E+002 -0.130631268690122E+002
  0.536082389850168E+000  0.695007986289117E-001  0.110631455997099E+001  0.100050033358353E-002 -0.134287202865924E+002 -0.134287202865924E+002
  0.977295634582196E+000  0.754751495276312E-001  0.277677973666904E+000  0.100050033358353E-002 -0.132014459690482E+002 -0.132014459690482E+002
  0.531619368180309E+000  0.308558723558076E-001  0.111000729385909E+001  0.100050033358353E-002 -0.131650606471335E+002 -0.131650606471335E+002
  0.449326849197793E+000  0.715931607711607E-001  0.117079555136018E+001  0.100050033358353E-002 -0.134894781962589E+002 -0.134894781962589E+002
  0.667380404377225E+000  0.109690376243156E+000  0.975982894088105E+000  0.100050033358353E-002 -0.139085274704034E+002 -0.139085274704034E+002
  0.804579781425738E+000  0.957210314779695E-001  0.778258252666496E+000  0.100050033358353E-002 -0.135744211573453E+002 -0.135744211573453E+002
  0.210222526152668E+000  0.300941817723244E-001  0.128125605592964E+001  0.100050033358353E-002 -0.132102446919619E+002 -0.132102446919619E+002
  0.154196135689605E+000  0.633428489833612E-001  0.129486825600522E+001  0.100050033358353E-002 -0.134710082438934E+002 -0.134710082438934E+002
  0.491431409437094E+000  0.151159342054225E-001  0.114137236571828E+001  0.100050033358353E-002 -0.131416952074603E+002 -0.131416952074603E+002
  0.792213392875955E+000  0.798781727148933E-001  0.799750607662141E+000  0.100050033358353E-002 -0.133883530343537E+002 -0.133883530343537E+002
  0.170254310016130E+000  0.241793901930433E-001  0.129140829289111E+001  0.100050033358353E-002 -0.131887757013345E+002 -0.131887757013345E+002
  0.495520121092293E+000  0.687985433999929E-001  0.113833214132921E+001  0.100050033358353E-002 -0.134398970950789E+002 -0.134398970950789E+002
  0.935673015376661E+000  0.110080905589944E+000  0.462448674046553E+000  0.100050033358353E-002 -0.136667145725844E+002 -0.136667145725844E+002
  0.472646421199290E+000  0.876196307597547E-001  0.115491796159559E+001  0.100050033358353E-002 -0.136819462964489E+002 -0.136819462964489E+002
  0.198638279282874E+000  0.518213085687685E-001  0.128442666153128E+001  0.100050033358353E-002 -0.133538820977987E+002 -0.133538820977987E+002
  0.688563961551228E+000  0.542225054220028E-001  0.950373099263094E+000  0.100050033358353E-002 -0.132269609389365E+002 -0.132269609389365E+002
  0.692807374772675E+000  0.561633602255707E-002  0.945061579147448E+000  0.100050033358353E-002 -0.131357999901841E+002 -0.131357999901841E+002
  0.810514822259647E+000  0.772585765808187E-002  0.767608204029734E+000  0.100050033358353E-002 -0.131207777169119E+002 -0.131207777169119E+002
  0.615929622258602E+000  0.324735080836689E-001  0.103244653505015E+001  0.100050033358353E-002 -0.131498486799217E+002 -0.131498486799217E+002
  0.483443630870634E+000  0.197033323904697E-001  0.114721635086351E+001  0.100050033358353E-002 -0.131471970548065E+002 -0.131471970548065E+002
  0.524327460062930E+000  0.685866580295414E-001  0.111594841770880E+001  0.100050033358353E-002 -0.134240992070513E+002 -0.134240992070513E+002
  0.493408783696892E+000  0.272005708221178E-001  0.113990621639112E+001  0.100050033358353E-002 -0.131616046798964E+002 -0.131616046798964E+002
  0.143454438897539E+000  0.918816772345957E-001  0.129698696233394E+001  0.100050033358353E-002 -0.138631120210666E+002 -0.138631120210666E+002
  0.389860923767866E+000  0.516560399615916E-001  0.120684372370993E+001  0.100050033358353E-002 -0.133164479294877E+002 -0.133164479294877E+002
  0.274283658696986E+000  0.342829386560476E-001  0.126028118255450E+001  0.100050033358353E-002 -0.132240049320518E+002 -0.132240049320518E+002
  0.497282213518696E-001  0.343448631568627E-001  0.130892057994469E+001  0.100050033358353E-002 -0.132432324144654E+002 -0.132432324144654E+002
  0.828827257999627E+000  0.169370439125521E-001  0.733254252870274E+000  0.100050033358353E-002 -0.130920166289038E+002 -0.130920166289038E+002
  0.563658384190533E+000  0.822379323956388E-001  0.108251818416405E+001  0.100050033358353E-002 -0.135637732806806E+002 -0.135637732806806E+002
  0.678708290737094E+000  0.596197527473151E-001  0.962472480616433E+000  0.100050033358353E-002 -0.132701933841155E+002 -0.132701933841155E+002
  0.350850774190057E+000  0.766352678200918E-001  0.122723265696785E+001  0.100050033358353E-002 -0.135844604301002E+002 -0.135844604301002E+002
  0.904822031706017E+000  0.302491818271017E-001  0.558015627147369E+000  0.100050033358353E-002 -0.130569294862909E+002 -0.130569294862909E+002
  0.296815920105973E+000  0.313248754330221E-001  0.125148205103189E+001  0.100050033358353E-002 -0.132069658785229E+002 -0.132069658785229E+002
  0.657472366337743E+000  0.502411241869083E-002  0.987465426926293E+000  0.100050033358353E-002 -0.131391333912517E+002 -0.131391333912517E+002
  0.691007731623975E+000  0.940288126522681E-002  0.947321833006820E+000  0.100050033358353E-002 -0.131264249801435E+002 -0.131264249801435E+002
  0.487737144573712E+000  0.523938607768745E-001  0.114409076442477E+001  0.100050033358353E-002 -0.132936143919840E+002 -0.132936143919840E+002
  0.989391615760729E+000  0.491847369524375E-001  0.190386305418939E+000  0.100050033358353E-002 -0.130422663503939E+002 -0.130422663503939E+002
  0.108309672295215E+000  0.919971868598465E-001  0.130283234849994E+001  0.100050033358353E-002 -0.138564326557391E+002 -0.138564326557391E+002
  0.632038196682995E+000  0.813948550388967E-001  0.101558779361512E+001  0.100050033358353E-002 -0.135129069782390E+002 -0.135129069782390E+002
  0.518637854619198E+000  0.847191800956131E-001  0.112050557412395E+001  0.100050033358353E-002 -0.136187338515505E+002 -0.136187338515505E+002
  0.502758606242903E+000  0.594477726932826E-001  0.113286769652751E+001  0.100050033358353E-002 -0.133454713316201E+002 -0.133454713316201E+002
  0.325541357552098E+000  0.788582504665531E-001  0.123915389680524E+001  0.100050033358353E-002 -0.136239160557190E+002 -0.136239160557190E+002
  0.285266734203282E+000  0.100444597655302E+000  0.125608657872346E+001  0.100050033358353E-002 -0.139670029631104E+002 -0.139670029631104E+002
  0.604857456418277E+000  0.756583784245273E-001  0.104362883857977E+001  0.100050033358353E-002 -0.134611267930247E+002 -0.134611267930247E+002
  0.179434528125647E+000  0.903550140976932E-001  0.128927179491280E+001  0.100050033358353E-002 -0.138309101716701E+002 -0.138309101716701E+002
  0.865285470697475E+000  0.152905988169096E-001  0.656947730095702E+000  0.100050033358353E-002 -0.130890475941009E+002 -0.130890475941009E+002
  0.308371811887215E+000  0.100080289654896E+000  0.124667392416269E+001  0.100050033358353E-002 -0.139468539095973E+002 -0.139468539095973E+002
  0.909456723942355E+000  0.767749411829585E-001  0.544921515467953E+000  0.100050033358353E-002 -0.132680189123800E+002 -0.132680189123800E+002
  0.983181376579815E+000  0.239054286439699E-002  0.239346667310047E+000  0.100050033358353E-002 -0.131379286232835E+002 -0.131379286232835E+002
  0.373830145652480E+000  0.104628919390319E+000  0.121552401159839E+001  0.100050033358353E-002 -0.140040573986776E+002 -0.140040573986776E+002
  0.705045093028341E+000  0.962033144921816E-001  0.929387209095500E+000  0.100050033358353E-002 -0.136617777301819E+002 -0.136617777301819E+002
  0.832770593359310E+000  0.932727097682307E-001  0.725539935572090E+000  0.100050033358353E-002 -0.135175042298663E+002 -0.135175042298663E+002
  0.823838773138176E-001  0.420597527129256E-001  0.130608703612730E+001  0.100050033358353E-002 -0.132868949002591E+002 -0.132868949002591E+002
  0.938065553453039E+000  0.268749330008916E-001  0.454047517502537E+000  0.100050033358353E-002 -0.130477540520102E+002 -0.130477540520102E+002
  0.472962294161687E+000  0.547031817354865E-001  0.115469584222170E+001  0.100050033358353E-002 -0.133161986059878E+002 -0.133161986059878E+002
  0.979662793213634E+000  0.803456792871714E-001  0.262961522973570E+000  0.100050033358353E-002 -0.132434933082834E+002 -0.132434933082834E+002
  0.449812290814413E+000  0.785866789703284E-001  0.117047535666890E+001  0.100050033358353E-002 -0.135729832404487E+002 -0.135729832404487E+002
  0.119610516102793E+000  0.468132381541679E-001  0.130113347800180E+001  0.100050033358353E-002 -0.133238395147753E+002 -0.133238395147753E+002
  0.336047854039635E+000  0.998405954072290E-001  0.123432731573030E+001  0.100050033358353E-002 -0.139348472059517E+002 -0.139348472059517E+002
  0.990237929825976E+000  0.360549737477434E-001  0.182673018724933E+000  0.100050033358353E-002 -0.130224896511386E+002 -0.130224896511386E+002
  0.506105050861493E+000  0.184088779101965E-001  0.113030557218825E+001  0.100050033358353E-002 -0.131427341302344E+002 -0.131427341302344E+002
  0.661042274692279E+000  0.361271452952063E-001  0.983363433142195E+000  0.100050033358353E-002 -0.131483316515744E+002 -0.131483316515744E+002
  0.186286365843767E+000  0.972596285086090E-001  0.128760160580973E+001  0.100050033358353E-002 -0.139329480387620E+002 -0.139329480387620E+002
  0.925607637442939E+000  0.505298203022244E-001  0.496019807226164E+000  0.100050033358353E-002 -0.130839627092296E+002 -0.130839627092296E+002
  0.901519477310370E+000  0.111257293448891E+000  0.567122013561241E+000  0.100050033358353E-002 -0.137210598538547E+002 -0.137210598538547E+002
  0.186324598418322E+000  0.792964146311357E-001  0.128759210455070E+001  0.100050033358353E-002 -0.136595959116317E+002 -0.136595959116317E+002
  0.607240019945059E+000  0.524214107038390E-002  0.104124979090134E+001  0.100050033358353E-002 -0.131408845179830E+002 -0.131408845179830E+002
  0.968542789586923E+000  0.722196917279819E-001  0.326124538106423E+000  0.100050033358353E-002 -0.131819565007817E+002 -0.131819565007817E+002
  0.480051219762309E+000  0.324054134641879E-001  0.114966046823181E+001  0.100050033358353E-002 -0.131814845429502E+002 -0.131814845429502E+002
  0.696271400293770E+000  0.202723701925455E-001  0.940679018903819E+000  0.100050033358353E-002 -0.131138630656590E+002 -0.131138630656590E+002
  0.927345113911612E+000  0.109384348680445E+000  0.490414271866328E+000  0.100050033358353E-002 -0.136641801423787E+002 -0.136641801423787E+002
  0.411052981915117E+000  0.354835554626008E-001  0.119470510030067E+001  0.100050033358353E-002 -0.132086265016927E+002 -0.132086265016927E+002
  0.511628807082790E+000  0.830756762466733E-001  0.112602632246271E+001  0.100050033358353E-002 -0.136023736517059E+002 -0.136023736517059E+002
  0.503530600106920E+000  0.590868941748708E-001  0.113227865992543E+001  0.100050033358353E-002 -0.133427278847903E+002 -0.133427278847903E+002
  0.161107095330665E+000  0.658269372702805E-001  0.129342229814016E+001  0.100050033358353E-002 -0.134999857546041E+002 -0.134999857546041E+002
  0.685005719880433E+000  0.117139222129359E-001  0.954779239511623E+000  0.100050033358353E-002 -0.131226909873298E+002 -0.131226909873298E+002
  0.414012913170044E+000  0.460680014061892E-001  0.119294838716702E+001  0.100050033358353E-002 -0.132691337329855E+002 -0.132691337329855E+002
  0.179258602950897E+000  0.796313427054816E-001  0.128931382607337E+001  0.100050033358353E-002 -0.136712258985670E+002 -0.136712258985670E+002
  0.502536844741998E-001  0.753938351225746E-001  0.130888611100160E+001  0.100050033358353E-002 -0.136172819247567E+002 -0.136172819247567E+002
  0.934497465181484E+000  0.458970737971677E-001  0.466513353488299E+000  0.100050033358353E-002 -0.130643016251720E+002 -0.130643016251720E+002
  0.776222361739462E+000  0.635165875310861E-002  0.826243304820950E+000  0.100050033358353E-002 -0.131283606189208E+002 -0.131283606189208E+002
  0.127397108310488E+000  0.273904262513519E-001  0.129986343086128E+001  0.100050033358353E-002 -0.132044221076353E+002 -0.132044221076353E+002
  0.799956675095978E+000  0.319991463455973E-001  0.786400899781377E+000  0.100050033358353E-002 -0.130939130628323E+002 -0.130939130628323E+002
  0.941506090945893E+000  0.118358433324454E+000  0.441647366518173E+000  0.100050033358353E-002 -0.138004543950649E+002 -0.138004543950649E+002
  0.700404313504496E+000  0.151276777206736E-001  0.935394518973862E+000  0.100050033358353E-002 -0.131161880371564E+002 -0.131161880371564E+002
  0.204689643711824E+000  0.279633513122516E-001  0.128279379637994E+001  0.100050033358353E-002 -0.132012723145779E+002 -0.132012723145779E+002
  0.333081370261069E+000  0.414047512746593E-001  0.123570754356337E+001  0.100050033358353E-002 -0.132561179361976E+002 -0.132561179361976E+002
  0.784472374542105E+000  0.103622670531022E+000  0.812750658967838E+000  0.100050033358353E-002 -0.137081104677189E+002 -0.137081104677189E+002
  0.617479135690348E+000  0.982823604732582E-001  0.103085564038908E+001  0.100050033358353E-002 -0.137575642140985E+002 -0.137575642140985E+002
  0.912714834478906E+000  0.417181307989321E-001  0.535483726049488E+000  0.100050033358353E-002 -0.130650206507168E+002 -0.130650206507168E+002
  0.571113670533115E+000  0.839796206077679E-001  0.107578590347384E+001  0.100050033358353E-002 -0.135816368967833E+002 -0.135816368967833E+002
  0.312773349731804E+000  0.234311744415432E-001  0.124478921228053E+001  0.100050033358353E-002 -0.131753652669928E+002 -0.131753652669928E+002
  0.370547814613936E+000  0.733832213259389E-002  0.121724896032646E+001  0.100050033358353E-002 -0.131485382669121E+002 -0.131485382669121E+002
  0.376381371952490E+000  0.427966144488794E-001  0.121417105823820E+001  0.100050033358353E-002 -0.132560299000939E+002 -0.132560299000939E+002
  0.259791000435719E+000  0.714981077862904E-001  0.126554436662631E+001  0.100050033358353E-002 -0.135483341189832E+002 -0.135483341189832E+002
  0.137781778940997E+000  0.720739744237173E-001  0.129804284955930E+001  0.100050033358353E-002 -0.135785252968673E+002 -0.135785252968673E+002
  0.245353113982357E+000  0.425026035616948E-001  0.127048368197121E+001  0.100050033358353E-002 -0.132777179519324E+002 -0.132777179519324E+002
  0.220948517874059E+000  0.620024426043742E-002  0.127815257341871E+001  0.100050033358353E-002 -0.131526782158797E+002 -0.131526782158797E+002
  0.557529468466653E+000  0.191469694351398E-002  0.108795581017175E+001  0.100050033358353E-002 -0.131500028929740E+002 -0.131500028929740E+002
  0.498926386442410E+000  0.200446948700830E-001  0.113577384357349E+001  0.100050033358353E-002 -0.131456945119272E+002 -0.131456945119272E+002
  0.496882528989361E+000  0.704519948301739E-001  0.113731168913222E+001  0.100050033358353E-002 -0.134561435813329E+002 -0.134561435813329E+002
  0.576725719746642E-001  0.764854829146504E-001  0.130836067102508E+001  0.100050033358353E-002 -0.136498841615845E+002 -0.136498841615845E+002
  0.910926564123788E+000  0.506801982319491E-001  0.540688390933732E+000  0.100050033358353E-002 -0.130931628648700E+002 -0.130931628648700E+002
  0.183338253451162E+000  0.880252903924938E-001  0.128832816800216E+001  0.100050033358353E-002 -0.137932731423851E+002 -0.137932731423851E+002
  0.322465597785614E+000  0.551156028147507E-001  0.124053439827843E+001  0.100050033358353E-002 -0.133607905383558E+002 -0.133607905383558E+002
  0.533185027165927E+000  0.176458683848479E-001  0.110871677129168E+001  0.100050033358353E-002 -0.131385501869423E+002 -0.131385501869423E+002
  0.686223492365575E+000  0.694576302830046E-001  0.953276142105589E+000  0.100050033358353E-002 -0.133509371860966E+002 -0.133509371860966E+002
  0.136748845110043E+000  0.940209028574880E-001  0.129823044176111E+001  0.100050033358353E-002 -0.138874381259401E+002 -0.138874381259401E+002
  0.623844858733722E+000  0.107171564920944E+000  0.102425174389814E+001  0.100050033358353E-002 -0.138978498200902E+002 -0.138978498200902E+002
  0.677252328131140E+000  0.603591013718482E-001  0.964232364423764E+000  0.100050033358353E-002 -0.132768500355908E+002 -0.132768500355908E+002
  0.559888516208483E-001  0.463658436398670E-001  0.130848627593546E+001  0.100050033358353E-002 -0.133220940605392E+002 -0.133220940605392E+002
  0.163749837494270E+000  0.724873599395764E-001  0.129285216772719E+001  0.100050033358353E-002 -0.135799625594865E+002 -0.135799625594865E+002
  0.753261449318203E+000  0.243451482325849E-001  0.861971268887142E+000  0.100050033358353E-002 -0.131016215855400E+002 -0.131016215855400E+002
  0.291684965969750E+000  0.586979212845279E-001  0.125355235181551E+001  0.100050033358353E-002 -0.134023671020932E+002 -0.134023671020932E+002
  0.479784023033631E+000  0.796593072849162E-001  0.114985202343056E+001  0.100050033358353E-002 -0.135732717289475E+002 -0.135732717289475E+002
  0.806937795549494E+000  0.208036247839196E-001  0.774053850098453E+000  0.100050033358353E-002 -0.130906123927077E+002 -0.130906123927077E+002
  0.763917298745501E+000  0.519004625083945E-001  0.845711305387407E+000  0.100050033358353E-002 -0.131767794465361E+002 -0.131767794465361E+002
  0.379818806776651E+000  0.791897467643139E-001  0.121233116576913E+001  0.100050033358353E-002 -0.136087571631656E+002 -0.136087571631656E+002
  0.188756532990713E+000  0.106946085538662E-002  0.128698358669383E+001  0.100050033358353E-002 -0.131541936809601E+002 -0.131541936809601E+002
  0.851106950736707E+000  0.292380408055726E-002  0.688024512932026E+000  0.100050033358353E-002 -0.131392301028619E+002 -0.131392301028619E+002
  0.903882471775437E+000  0.683063221152832E-001  0.560624803792692E+000  0.100050033358353E-002 -0.132001972388545E+002 -0.132001972388545E+002
  0.976762471176765E+000  0.663747147847222E-001  0.280881514476935E+000  0.100050033358353E-002 -0.131330763869951E+002 -0.131330763869951E+002
  0.514238455821216E+000  0.922244899655508E-001  0.112398274622292E+001  0.100050033358353E-002 -0.137275309977754E+002 -0.137275309977754E+002
  0.110200235254568E+000  0.380971551016251E-002  0.130256002129508E+001  0.100050033358353E-002 -0.131537157086877E+002 -0.131537157086877E+002
  0.126696431590223E+000  0.296199670897382E-001  0.129998104670550E+001  0.100050033358353E-002 -0.132133830951438E+002 -0.132133830951438E+002
  0.813268692175328E+000  0.534317963942188E-001  0.762589102235633E+000  0.100050033358353E-002 -0.131597549009591E+002 -0.131597549009591E+002
  0.927812490300617E+000  0.147392791742872E-001  0.488893618550097E+000  0.100050033358353E-002 -0.130794539190668E+002 -0.130794539190668E+002
  0.986074726212640E+000  0.986153918109176E-001  0.217946855485670E+000  0.100050033358353E-002 -0.134463917646265E+002 -0.134463917646265E+002
  0.691204560274552E+000  0.742068646111561E-001  0.947075175717788E+000  0.100050033358353E-002 -0.133958100852465E+002 -0.133958100852465E+002
  0.184066064176628E+000  0.887755356874539E-001  0.128814991447093E+001  0.100050033358353E-002 -0.137996798598365E+002 -0.137996798598365E+002
  0.990074510452851E-001  0.566013364804340E-001  0.130410290353473E+001  0.100050033358353E-002 -0.134091430899740E+002 -0.134091430899740E+002
  0.393182711800851E+000  0.458744402894683E-001  0.120499142020522E+001  0.100050033358353E-002 -0.132730325731366E+002 -0.132730325731366E+002
  0.774337347646436E+000  0.105611364246301E+000  0.829275595566156E+000  0.100050033358353E-002 -0.137485029033972E+002 -0.137485029033972E+002
  0.413435230655245E+000  0.115904856433680E-001  0.119329243404811E+001  0.100050033358353E-002 -0.131465974263788E+002 -0.131465974263788E+002
  0.960751554922253E+000  0.105919940591361E+000  0.363557790727822E+000  0.100050033358353E-002 -0.135754616433353E+002 -0.135754616433353E+002
  0.157862443788449E-001  0.177114550073820E-002  0.131037869268031E+001  0.100050033358353E-002 -0.131542575001922E+002 -0.131542575001922E+002
  0.145639672055470E+000  0.913142116874608E-001  0.129656860888270E+001  0.100050033358353E-002 -0.138529832439704E+002 -0.138529832439704E+002
  0.368311393615814E+000  0.267888990653363E-001  0.121841415883156E+001  0.100050033358353E-002 -0.131797614613816E+002 -0.131797614613816E+002
  0.659761957487943E+000  0.821258662797015E-001  0.984839099357201E+000  0.100050033358353E-002 -0.135050833685566E+002 -0.135050833685566E+002
  0.648506894201733E-001  0.877679865641577E-001  0.130778328089116E+001  0.100050033358353E-002 -0.137953022745227E+002 -0.137953022745227E+002
  0.522269252112189E+000  0.270263340071815E-001  0.111760485191479E+001  0.100050033358353E-002 -0.131558727704685E+002 -0.131558727704685E+002
  0.237695006474370E+000  0.858567932419827E-001  0.127298165600362E+001  0.100050033358353E-002 -0.137473301749160E+002 -0.137473301749160E+002
  0.456457211568849E-001  0.947896824862222E-001  0.130917601010274E+001  0.100050033358353E-002 -0.139351811005569E+002 -0.139351811005569E+002
  0.129152119943205E+000  0.820171474188284E-001  0.129956593935011E+001  0.100050033358353E-002 -0.137121537228629E+002 -0.137121537228629E+002
  0.141618276368248E+000  0.374135390853921E-001  0.129733349568617E+001  0.100050033358353E-002 -0.132559297429824E+002 -0.132559297429824E+002
  0.755672495118913E+000  0.678244022902197E-001  0.858339060313638E+000  0.100050033358353E-002 -0.132950806972122E+002 -0.132950806972122E+002
  0.399884722253136E+000  0.786889945651281E-001  0.120119750708912E+001  0.100050033358353E-002 -0.135944157047309E+002 -0.135944157047309E+002
  0.429990783036124E+000  0.216394100476132E-001  0.118320092882942E+001  0.100050033358353E-002 -0.131575374274850E+002 -0.131575374274850E+002
  0.921808046262084E+000  0.622390476743961E-002  0.508027216982061E+000  0.100050033358353E-002 -0.131180992459378E+002 -0.131180992459378E+002
  0.993258750286553E+000  0.130194090338814E-001  0.151915816005687E+000  0.100050033358353E-002 -0.130748297095004E+002 -0.130748297095004E+002
  0.687808543880684E+000  0.684365246655151E-001  0.951312144207566E+000  0.100050033358353E-002 -0.133406810473572E+002 -0.133406810473572E+002
  0.419516200112974E+000  0.256364789268486E-001  0.118964168186967E+001  0.100050033358353E-002 -0.131690974550895E+002 -0.131690974550895E+002
  0.854140117573261E+000  0.118895234428966E+000  0.681538114809679E+000  0.100050033358353E-002 -0.139009634044314E+002 -0.139009634044314E+002
  0.570219695033044E+000  0.678938871716483E-002  0.107660008240935E+001  0.100050033358353E-002 -0.131398376741828E+002 -0.131398376741828E+002
  0.704323872017313E+000  0.987489875317331E-001  0.930325957033144E+000  0.100050033358353E-002 -0.136993475915679E+002 -0.136993475915679E+002
  0.700862825082310E+000  0.905331343610715E-001  0.934804473732090E+000  0.100050033358353E-002 -0.135846448406750E+002 -0.135846448406750E+002
  0.299705223840937E+000  0.655082472400386E-001  0.125029881424923E+001  0.100050033358353E-002 -0.134701724147684E+002 -0.134701724147684E+002
  0.189653935214226E+000  0.535417185453043E-001  0.128675697234554E+001  0.100050033358353E-002 -0.133727161707721E+002 -0.133727161707721E+002
  0.240402308931344E+000  0.554626560981921E-001  0.127210817823983E+001  0.100050033358353E-002 -0.133799081872705E+002 -0.133799081872705E+002
  0.599837081973055E+000  0.501222110374792E-001  0.104859369922333E+001  0.100050033358353E-002 -0.132378630440061E+002 -0.132378630440061E+002
  0.937460290457347E+000  0.449995129810735E-001  0.456189493367612E+000  0.100050033358353E-002 -0.130598503892394E+002 -0.130598503892394E+002
  0.797403972715379E+000  0.104096646534860E+000  0.790841142460713E+000  0.100050033358353E-002 -0.137055586669056E+002 -0.137055586669056E+002
  0.667480969334299E+000  0.109353580948323E+000  0.975864769908040E+000  0.100050033358353E-002 -0.139026627054196E+002 -0.139026627054196E+002
  0.450406428316929E+000  0.100719744167230E+000  0.117008287674902E+001  0.100050033358353E-002 -0.138955304195981E+002 -0.138955304195981E+002
  0.701320362172900E+000  0.337813751144570E-001  0.934214925773485E+000  0.100050033358353E-002 -0.131289342270556E+002 -0.131289342270556E+002
  0.321958843442963E+000  0.876880025655732E-001  0.124076044228560E+001  0.100050033358353E-002 -0.137472522180620E+002 -0.137472522180620E+002
  0.888022777963178E+000  0.108133848062686E+000  0.602586507330849E+000  0.100050033358353E-002 -0.136833440083401E+002 -0.136833440083401E+002
  0.121995267417087E+000  0.135975471710309E-001  0.130075314506050E+001  0.100050033358353E-002 -0.131622922087094E+002 -0.131622922087094E+002
  0.945032901460053E-001  0.914558298273253E-001  0.130467673381804E+001  0.100050033358353E-002 -0.138467386512359E+002 -0.138467386512359E+002
  0.948641349935105E+000  0.703613912406974E-001  0.414594656784483E+000  0.100050033358353E-002 -0.131829258132428E+002 -0.131829258132428E+002
  0.108517446839989E+000  0.550523879880205E-002  0.130280265275345E+001  0.100050033358353E-002 -0.131540076079574E+002 -0.131540076079574E+002
  0.953812671123450E+000  0.120442760425291E+000  0.393689496343967E+000  0.100050033358353E-002 -0.138239877709120E+002 -0.138239877709120E+002
  0.373577842336601E+000  0.359748098862354E-001  0.121565723031470E+001  0.100050033358353E-002 -0.132181597101453E+002 -0.132181597101453E+002
  0.855928043427885E+000  0.839297651381088E-001  0.677674646361739E+000  0.100050033358353E-002 -0.133843781284489E+002 -0.133843781284489E+002
  0.396288526926330E+000  0.455195508216142E-001  0.120324272108388E+001  0.100050033358353E-002 -0.132694364095806E+002 -0.132694364095806E+002
  0.801005478487052E+000  0.295725252164512E-001  0.784565163749738E+000  0.100050033358353E-002 -0.130911039701044E+002 -0.130911039701044E+002
  0.727906231522834E+000  0.450635332327493E-001  0.898608095792966E+000  0.100050033358353E-002 -0.131588648147831E+002 -0.131588648147831E+002
  0.569736327741615E+000  0.428849008479990E-001  0.107703951697566E+001  0.100050033358353E-002 -0.132060483443812E+002 -0.132060483443812E+002
  0.105562752947442E+000  0.523372115916960E-001  0.130321953439891E+001  0.100050033358353E-002 -0.133719026831896E+002 -0.133719026831896E+002
  0.999882274531486E+000  0.320225757780264E-001  0.201089027136082E-001  0.100050033358353E-002 -0.130194892142319E+002 -0.130194892142319E+002
  0.899938169151704E+000  0.360238780438595E-001  0.571419293671076E+000  0.100050033358353E-002 -0.130613550283598E+002 -0.130613550283598E+002
  0.956364862294616E+000  0.115381355212816E-001  0.382907652680211E+000  0.100050033358353E-002 -0.130880091589470E+002 -0.130880091589470E+002
  0.912021757484965E+000  0.162355292719648E-001  0.537508083241066E+000  0.100050033358353E-002 -0.130775712428287E+002 -0.130775712428287E+002
  0.810217825274819E+000  0.883173239931544E-001  0.768146527662583E+000  0.100050033358353E-002 -0.134726297414697E+002 -0.134726297414697E+002
  0.707515660406316E+000  0.843993730678472E-002  0.926156971806796E+000  0.100050033358353E-002 -0.131271501537981E+002 -0.131271501537981E+002
  0.301815674838340E+000  0.609289595298531E-001  0.124942657509198E+001  0.100050033358353E-002 -0.134216091607782E+002 -0.134216091607782E+002
  0.250994006831475E-001  0.873805460923458E-001  0.131012912739574E+001  0.100050033358353E-002 -0.138080771057871E+002 -0.138080771057871E+002
  0.114353430955388E-001  0.164434665018010E-002  0.131045630932868E+001  0.100050033358353E-002 -0.131544734771640E+002 -0.131544734771640E+002
  0.467686499033418E+000  0.424224554680950E-001  0.115838075572301E+001  0.100050033358353E-002 -0.132328311353385E+002 -0.132328311353385E+002
  0.867042641820319E+000  0.306798107770766E-001  0.652956501956134E+000  0.100050033358353E-002 -0.130700590019725E+002 -0.130700590019725E+002
  0.491770966821082E+000  0.851773328418483E-001  0.114112114906034E+001  0.100050033358353E-002 -0.136404125796504E+002 -0.136404125796504E+002
  0.402367076239449E+000  0.460789970270175E-001  0.119977291841053E+001  0.100050033358353E-002 -0.132717449132858E+002 -0.132717449132858E+002
  0.644725230323374E-001  0.776103868291753E-001  0.130781539457949E+001  0.100050033358353E-002 -0.136446895137596E+002 -0.136446895137596E+002
  0.360396230744014E+000  0.822988230791971E-001  0.122247267622657E+001  0.100050033358353E-002 -0.136549315735862E+002 -0.136549315735862E+002
  0.328412109533941E+000  0.236586087146307E-002  0.123785217752998E+001  0.100050033358353E-002 -0.131523136557129E+002 -0.131523136557129E+002
  0.394261095671864E+000  0.943998876939837E-001  0.120438609328236E+001  0.100050033358353E-002 -0.138200693066038E+002 -0.138200693066038E+002
  0.823250633457705E+000  0.644449803447393E-001  0.743965957083804E+000  0.100050033358353E-002 -0.132253487857576E+002 -0.132253487857576E+002
  0.990811040826949E+000  0.126470798963606E-001  0.177255257291887E+000  0.100050033358353E-002 -0.130772308266142E+002 -0.130772308266142E+002
  0.590694560983400E+000  0.132758177458836E-003  0.105747010754019E+001  0.100050033358353E-002 -0.131545914902165E+002 -0.131545914902165E+002
  0.338123141538161E+000  0.321558224055595E-001  0.123335353487820E+001  0.100050033358353E-002 -0.132052448914104E+002 -0.132052448914104E+002
  0.566729188840404E+000  0.578560726834279E-001  0.107976097515482E+001  0.100050033358353E-002 -0.133069832780836E+002 -0.133069832780836E+002
  0.622223378736667E+000  0.166076760537415E-002  0.102594436559557E+001  0.100050033358353E-002 -0.131497600371834E+002 -0.131497600371834E+002
  0.582584426468762E+000  0.764839346443219E-001  0.106516947379636E+001  0.100050033358353E-002 -0.134822384906181E+002 -0.134822384906181E+002
  0.830565385544286E-001  0.171302041291002E-001  0.130601386327981E+001  0.100050033358353E-002 -0.131706971119163E+002 -0.131706971119163E+002
  0.442172390361493E-001  0.904205629172660E-001  0.130926021074750E+001  0.100050033358353E-002 -0.138311694163237E+002 -0.138311694163237E+002
  0.692256895319775E+000  0.749799189987630E-001  0.945754149219440E+000  0.100050033358353E-002 -0.134028512085689E+002 -0.134028512085689E+002
  0.878244489608985E-001  0.268060638374815E-001  0.130547802339406E+001  0.100050033358353E-002 -0.132033841781435E+002 -0.132033841781435E+002
  0.670476683052153E+000  0.763320444249196E-001  0.972331214387428E+000  0.100050033358353E-002 -0.134305676026520E+002 -0.134305676026520E+002
  0.820145821517548E+000  0.963422341673348E-002  0.749832570970772E+000  0.100050033358353E-002 -0.131130664870116E+002 -0.131130664870116E+002
  0.870415147494424E+000  0.110854093504211E-001  0.645204025801027E+000  0.100050033358353E-002 -0.131019829928449E+002 -0.131019829928449E+002
  0.481308932607180E+000  0.616258071430141E-001  0.114875694234930E+001  0.100050033358353E-002 -0.133739125854794E+002 -0.133739125854794E+002
  0.727202686357780E+000  0.238026368165811E-002  0.899585902087885E+000  0.100050033358353E-002 -0.131452744362113E+002 -0.131452744362113E+002
  0.351642806678741E+000  0.267853076493985E-001  0.122684325400506E+001  0.100050033358353E-002 -0.131820469907872E+002 -0.131820469907872E+002
  0.946192000668994E+000  0.860106741234655E-001  0.424098960099753E+000  0.100050033358353E-002 -0.133309715846717E+002 -0.133309715846717E+002
  0.952681546677212E+000  0.643779832137572E-001  0.398365688265912E+000  0.100050033358353E-002 -0.131376945232827E+002 -0.131376945232827E+002
  0.814857105160148E+000  0.110786223399180E+000  0.759671242981015E+000  0.100050033358353E-002 -0.137971418982282E+002 -0.137971418982282E+002
  0.509826606760862E+000  0.345574853831726E-001  0.112742937954295E+001  0.100050033358353E-002 -0.131835190222096E+002 -0.131835190222096E+002
  0.512133942629829E+000  0.470112681100305E-001  0.112563185909316E+001  0.100050033358353E-002 -0.132480156855161E+002 -0.132480156855161E+002
  0.696993232617526E+000  0.924682945295086E-002  0.939760448457421E+000  0.100050033358353E-002 -0.131262338417776E+002 -0.131262338417776E+002
  0.723208334442975E+000  0.108262739444122E+000  0.905099534257725E+000  0.100050033358353E-002 -0.138375844690078E+002 -0.138375844690078E+002
  0.768124454061052E+000  0.112196850200809E+000  0.839140792813232E+000  0.100050033358353E-002 -0.138645437233171E+002 -0.138645437233171E+002
  0.915978177744373E+000  0.113920729637317E+000  0.525826259753886E+000  0.100050033358353E-002 -0.137500533832178E+002 -0.137500533832178E+002
  0.370285887952361E+000  0.752738751200870E-001  0.121738584931018E+001  0.100050033358353E-002 -0.135604929953982E+002 -0.135604929953982E+002
  0.832193674100146E+000  0.656689748774243E-001  0.726675967803823E+000  0.100050033358353E-002 -0.132289854742128E+002 -0.132289854742128E+002
  0.608904500902138E+000  0.654132437268575E-001  0.103957897129263E+001  0.100050033358353E-002 -0.133538993202371E+002 -0.133538993202371E+002
  0.946291149852567E+000  0.989621488507848E-001  0.423718840274663E+000  0.100050033358353E-002 -0.134902375050804E+002 -0.134902375050804E+002
  0.506954557604776E+000  0.780841045615743E-001  0.112965153337511E+001  0.100050033358353E-002 -0.135400660499378E+002 -0.135400660499378E+002
  0.383522542234770E-001  0.890599827181455E-001  0.130957781021165E+001  0.100050033358353E-002 -0.138030334541927E+002 -0.138030334541927E+002
  0.350140033089739E+000  0.905794985995678E-001  0.122758124066119E+001  0.100050033358353E-002 -0.137793517761753E+002 -0.137793517761753E+002
  0.579485170917681E+000  0.537602975057424E-001  0.106806916647885E+001  0.100050033358353E-002 -0.132707654543054E+002 -0.132707654543054E+002
  0.251002300762092E+000  0.460046479050686E-001  0.126858695070594E+001  0.100050033358353E-002 -0.133011089186334E+002 -0.133011089186334E+002
  0.695940957477982E+000  0.936935345088896E-002  0.941098908695140E+000  0.100050033358353E-002 -0.131260432522050E+002 -0.131260432522050E+002
  0.531013690892875E+000  0.163435072355937E-001  0.111050511495209E+001  0.100050033358353E-002 -0.131380444554714E+002 -0.131380444554714E+002
  0.693539794311240E+000  0.270527497253170E-001  0.944138464033077E+000  0.100050033358353E-002 -0.131183399791596E+002 -0.131183399791596E+002
  0.675762534514811E+000  0.892655252078258E-001  0.966025921238088E+000  0.100050033358353E-002 -0.135860178274804E+002 -0.135860178274804E+002
  0.749450536206238E+000  0.122356865743954E-001  0.867657882083760E+000  0.100050033358353E-002 -0.131140393484262E+002 -0.131140393484262E+002
  0.887068313274213E+000  0.275520673747719E-001  0.604996221353077E+000  0.100050033358353E-002 -0.130636353949766E+002 -0.130636353949766E+002
  0.417216152113677E+000  0.906929780105979E-001  0.119103011772504E+001  0.100050033358353E-002 -0.137553642337549E+002 -0.137553642337549E+002
  0.654088142209101E+000  0.702786713259147E-001  0.991318001656730E+000  0.100050033358353E-002 -0.133771105598800E+002 -0.133771105598800E+002
  0.305933409927436E+000  0.859898053694010E-001  0.124770532839113E+001  0.100050033358353E-002 -0.137277704301832E+002 -0.137277704301832E+002
  0.914657897307841E+000  0.116764154571199E+000  0.529758833209662E+000  0.100050033358353E-002 -0.137997202302659E+002 -0.137997202302659E+002
  0.899982209361506E+000  0.671200009174074E-001  0.571300151655510E+000  0.100050033358353E-002 -0.131940427463898E+002 -0.131940427463898E+002
  0.756032650400638E+000  0.589885732436135E-002  0.857794171658722E+000  0.100050033358353E-002 -0.131312279838211E+002 -0.131312279838211E+002
  0.807941208369066E+000  0.949444198967940E-001  0.772254044711095E+000  0.100050033358353E-002 -0.135614394475989E+002 -0.135614394475989E+002
  0.984640684089631E+000  0.934245546880972E-001  0.228811487879167E+000  0.100050033358353E-002 -0.133813376196921E+002 -0.133813376196921E+002
  0.642745902057534E+000  0.181160433578593E-001  0.100397927888830E+001  0.100050033358353E-002 -0.131232122109725E+002 -0.131232122109725E+002
  0.465670384201416E+000  0.342813115121299E-002  0.115977494675216E+001  0.100050033358353E-002 -0.131488048253374E+002 -0.131488048253374E+002
  0.991574279806646E+000  0.368104169266875E-001  0.169766781224117E+000  0.100050033358353E-002 -0.130215506849742E+002 -0.130215506849742E+002
  0.259028125139986E+000  0.515392188234058E-001  0.126581291218224E+001  0.100050033358353E-002 -0.133435474096467E+002 -0.133435474096467E+002
  0.384542877099315E+000  0.854758210689611E-001  0.120977066593703E+001  0.100050033358353E-002 -0.136900499039205E+002 -0.136900499039205E+002
  0.773264834689518E+000  0.104750751481143E+000  0.830992655701022E+000  0.100050033358353E-002 -0.137370211387327E+002 -0.137370211387327E+002
  0.829410288618145E+000  0.101777507843290E+000  0.732121093187683E+000  0.100050033358353E-002 -0.136412761970760E+002 -0.136412761970760E+002
  0.954953781872696E+000  0.859362519751499E-001  0.388909326950800E+000  0.100050033358353E-002 -0.133223951455636E+002 -0.133223951455636E+002
  0.753285690113909E+000  0.210719863402192E-001  0.861934884265407E+000  0.100050033358353E-002 -0.131019967083534E+002 -0.131019967083534E+002
  0.939178253217363E+000  0.125223240289783E+000  0.450079522599903E+000  0.100050033358353E-002 -0.139293015808580E+002 -0.139293015808580E+002
  0.215104932992877E+000  0.717822606873789E-001  0.127986344618018E+001  0.100050033358353E-002 -0.135608640142031E+002 -0.135608640142031E+002
  0.525454202185706E+000  0.183197961756935E-001  0.111503781589793E+001  0.100050033358353E-002 -0.131400792164294E+002 -0.131400792164294E+002
  0.713953136202229E+000  0.972094273337883E-001  0.917632972905260E+000  0.100050033358353E-002 -0.136697371313843E+002 -0.136697371313843E+002
  0.984931192758190E+000  0.839188822391083E-001  0.226653855350097E+000  0.100050033358353E-002 -0.132742451872731E+002 -0.132742451872731E+002
  0.185357998864355E+000  0.417830484962488E-001  0.128783169637819E+001  0.100050033358353E-002 -0.132802251702268E+002 -0.132802251702268E+002
  0.459005089343907E+000  0.300580117920688E-001  0.116432959594625E+001  0.100050033358353E-002 -0.131769151251607E+002 -0.131769151251607E+002
  0.343367676199020E+000  0.204126740774104E-001  0.123086244104201E+001  0.100050033358353E-002 -0.131643611239011E+002 -0.131643611239011E+002
  0.465976681828852E+000  0.431095925285917E-001  0.115956363055371E+001  0.100050033358353E-002 -0.132371745635529E+002 -0.132371745635529E+002
  0.801036097301619E+000  0.464864286183719E-001  0.784511470475601E+000  0.100050033358353E-002 -0.131327346490510E+002 -0.131327346490510E+002
  0.370851325518731E+000  0.978087395734958E-001  0.121709019810041E+001  0.100050033358353E-002 -0.138857731744068E+002 -0.138857731744068E+002
  0.757321021422904E+000  0.904645238935232E-001  0.855839988980779E+000  0.100050033358353E-002 -0.135423047276992E+002 -0.135423047276992E+002
  0.722266543985744E+000  0.241083071976157E-001  0.906390250668421E+000  0.100050033358353E-002 -0.131091267200264E+002 -0.131091267200264E+002
  0.451915990094429E+000  0.635920054068768E-001  0.116908275343400E+001  0.100050033358353E-002 -0.134032051913146E+002 -0.134032051913146E+002
  0.939976353909838E+000  0.422198999421665E-001  0.447208807666233E+000  0.100050033358353E-002 -0.130525520401851E+002 -0.130525520401851E+002
  0.440414291090344E+000  0.731741296637396E-001  0.117659760980121E+001  0.100050033358353E-002 -0.135094792663142E+002 -0.135094792663142E+002
  0.190991738164278E+000  0.633785587713063E-001  0.128641707656630E+001  0.100050033358353E-002 -0.134677987138305E+002 -0.134677987138305E+002
  0.129935801839665E-001  0.201731701022271E-001  0.131043136387874E+001  0.100050033358353E-002 -0.131798668970284E+002 -0.131798668970284E+002
  0.302362798128647E+000  0.569225892966565E-001  0.124919935271703E+001  0.100050033358353E-002 -0.133815320436031E+002 -0.133815320436031E+002
  0.824806734073459E+000  0.980176977032842E-001  0.740999791096682E+000  0.100050033358353E-002 -0.135895734093749E+002 -0.135895734093749E+002
  0.442852507025298E+000  0.327782823381569E-001  0.117502471968643E+001  0.100050033358353E-002 -0.131903522671779E+002 -0.131903522671779E+002
  0.182775695650550E+000  0.948611916664176E-001  0.128846544749901E+001  0.100050033358353E-002 -0.138944584596387E+002 -0.138944584596387E+002
  0.673434636737038E+000  0.554025775732470E-002  0.968813943186042E+000  0.100050033358353E-002 -0.131369627959537E+002 -0.131369627959537E+002
  0.943594801241402E+000  0.989021648575155E-001  0.433923703985219E+000  0.100050033358353E-002 -0.134925540059244E+002 -0.134925540059244E+002
  0.905643998312577E+000  0.114101472658134E+000  0.555720725664450E+000  0.100050033358353E-002 -0.137644478027622E+002 -0.137644478027622E+002
  0.722795404512776E+000  0.702140474211789E-001  0.905665884999981E+000  0.100050033358353E-002 -0.133366128553586E+002 -0.133366128553586E+002
  0.462559662004964E-001  0.486585454725830E-002  0.130913922197369E+001  0.100050033358353E-002 -0.131541721660632E+002 -0.131541721660632E+002
  0.329343049404488E+000  0.476949502966185E-001  0.123742730021875E+001  0.100050033358353E-002 -0.133002862221025E+002 -0.133002862221025E+002
  0.351550142578024E+000  0.101519726664866E+000  0.122688886407757E+001  0.100050033358353E-002 -0.139606798435654E+002 -0.139606798435654E+002
  0.153171340373166E+000  0.986952308131376E-001  0.129507714055683E+001  0.100050033358353E-002 -0.139719197433346E+002 -0.139719197433346E+002
  0.165145357055148E+000  0.108500994901095E-001  0.129254726051625E+001  0.100050033358353E-002 -0.131571857065210E+002 -0.131571857065210E+002
  0.724222962476580E+000  0.735717708232109E-003  0.903705045379763E+000  0.100050033358353E-002 -0.131519025607795E+002 -0.131519025607795E+002
  0.545417164142260E+000  0.837400800554964E-001  0.109845008349361E+001  0.100050033358353E-002 -0.135933499728833E+002 -0.135933499728833E+002
  0.562977685222696E-001  0.848620480672929E-001  0.130846351048870E+001  0.100050033358353E-002 -0.137467534814589E+002 -0.137467534814589E+002
  0.366552880494881E+000  0.361894657325426E-001  0.121932463266019E+001  0.100050033358353E-002 -0.132200941936427E+002 -0.132200941936427E+002
  0.775881307328201E+000  0.488911013460512E-001  0.826793306242214E+000  0.100050033358353E-002 -0.131553624327394E+002 -0.131553624327394E+002
  0.636001488158157E+000  0.105771296397814E+000  0.101132931218071E+001  0.100050033358353E-002 -0.138643221379516E+002 -0.138643221379516E+002
  0.545916666134509E+000  0.683066589591158E-001  0.109802382732101E+001  0.100050033358353E-002 -0.134121452914934E+002 -0.134121452914934E+002
  0.464812242328237E+000  0.102976102685040E+000  0.116036603846975E+001  0.100050033358353E-002 -0.139268256807211E+002 -0.139268256807211E+002
  0.329138185819939E+000  0.248935412939334E-001  0.123752091489545E+001  0.100050033358353E-002 -0.131783167751957E+002 -0.131783167751957E+002
  0.696847536418980E+000  0.605378074617898E-001  0.939946003704160E+000  0.100050033358353E-002 -0.132681152017657E+002 -0.132681152017657E+002
  0.334607464493560E+000  0.661111854507707E-001  0.123499921272571E+001  0.100050033358353E-002 -0.134653525924094E+002 -0.134653525924094E+002
  0.678119059476535E+000  0.307231965602494E-001  0.963185552135434E+000  0.100050033358353E-002 -0.131287595385314E+002 -0.131287595385314E+002
  0.610706017178404E+000  0.828655919379190E-001  0.103776239614168E+001  0.100050033358353E-002 -0.135434723463225E+002 -0.135434723463225E+002
  0.667936471816611E+000  0.361051428066762E-001  0.975329331889344E+000  0.100050033358353E-002 -0.131461019488304E+002 -0.131461019488304E+002
  0.183562511058569E+000  0.121117165244294E-001  0.128827332131065E+001  0.100050033358353E-002 -0.131583233732049E+002 -0.131583233732049E+002
  0.881175759705563E+000  0.500654692617307E-001  0.619609622635870E+000  0.100050033358353E-002 -0.131070040763040E+002 -0.131070040763040E+002
  0.797986712791709E+000  0.110928695696322E+000  0.789830954847295E+000  0.100050033358353E-002 -0.138157483038955E+002 -0.138157483038955E+002
  0.683499975212377E+000  0.623727699702737E-001  0.956630834343295E+000  0.100050033358353E-002 -0.132898662844815E+002 -0.132898662844815E+002
  0.738852050346694E+000  0.154115147736861E-001  0.883131894700079E+000  0.100050033358353E-002 -0.131100440694480E+002 -0.131100440694480E+002
  0.406752146557371E+000  0.105489874356320E+000  0.119723064480298E+001  0.100050033358353E-002 -0.140004513504864E+002 -0.140004513504864E+002
  0.329639271401283E+000  0.178863930995465E-002  0.123729182275998E+001  0.100050033358353E-002 -0.131528461156383E+002 -0.131528461156383E+002
  0.112346898177077E+000  0.924457716153938E-001  0.130224501986646E+001  0.100050033358353E-002 -0.138628621357918E+002 -0.138628621357918E+002
  0.123971829467606E+000  0.955586896197766E-001  0.130043213542564E+001  0.100050033358353E-002 -0.139205213624714E+002 -0.139205213624714E+002
  0.697141043289360E+000  0.828390853619904E-001  0.939572123168506E+000  0.100050033358353E-002 -0.134891739469875E+002 -0.134891739469875E+002
  0.162694438690252E-001  0.915343603269980E-002  0.131036854169208E+001  0.100050033358353E-002 -0.131572127519273E+002 -0.131572127519273E+002
  0.408048011807012E+000  0.566413343307828E-001  0.119647304047407E+001  0.100050033358353E-002 -0.133526525466991E+002 -0.133526525466991E+002
  0.453157634182784E+000  0.170822304655749E-002  0.116825697967205E+001  0.100050033358353E-002 -0.131517763270883E+002 -0.131517763270883E+002
  0.141916250673952E+000  0.680793441868897E-001  0.129727756960482E+001  0.100050033358353E-002 -0.135282206546799E+002 -0.135282206546799E+002
  0.126514458927653E+000  0.423172908284539E-001  0.130001148486000E+001  0.100050033358353E-002 -0.132867467523719E+002 -0.132867467523719E+002
  0.114970786522425E-001  0.410984717102381E-002  0.131045538157051E+001  0.100050033358353E-002 -0.131547165665394E+002 -0.131547165665394E+002
  0.901467367346818E+000  0.494704765118811E-001  0.567264264208231E+000  0.100050033358353E-002 -0.130934476360225E+002 -0.130934476360225E+002
  0.556778707003670E+000  0.552694537014085E-001  0.108861595038019E+001  0.100050033358353E-002 -0.132905645800103E+002 -0.132905645800103E+002
  0.121615825854680E+000  0.263314109709820E-001  0.130081417019994E+001  0.100050033358353E-002 -0.132002228145757E+002 -0.132002228145757E+002
  0.304315218237697E+000  0.945486834346547E-001  0.124838481108676E+001  0.100050033358353E-002 -0.138567541408357E+002 -0.138567541408357E+002
  0.823134140582959E+000  0.230000767055982E-001  0.744187309837446E+000  0.100050033358353E-002 -0.130847067687124E+002 -0.130847067687124E+002
  0.331912555321572E+000  0.790219100669306E-001  0.123624758208171E+001  0.100050033358353E-002 -0.136227095687111E+002 -0.136227095687111E+002
  0.444885751134843E+000  0.310611759048915E-001  0.117370481266737E+001  0.100050033358353E-002 -0.131831695994424E+002 -0.131831695994424E+002
  0.199195675878949E+000  0.814184427381959E-001  0.128427839135392E+001  0.100050033358353E-002 -0.136915417098137E+002 -0.136915417098137E+002
