#        weight    minuslogpost              A2   minuslogprior minuslogprior__0            chi2   chi2__loglike
              1      -57.511595   1.8072521e-30       -65.16573        -65.16573        15.30827        15.30827
              1      -57.220524   1.6467272e-30       -65.16573        -65.16573       15.890412       15.890412
              1      -58.303116   2.3258245e-30       -65.16573        -65.16573       13.725228       13.725228
              2      -59.102375   3.1645711e-30       -65.16573        -65.16573       12.126709       12.126709
              1      -58.488931   2.4751733e-30       -65.16573        -65.16573       13.353597       13.353597
              1      -58.696764     2.66388e-30       -65.16573        -65.16573       12.937932       12.937932
              1      -58.701314   2.6683426e-30       -65.16573        -65.16573       12.928831       12.928831
              1      -59.133662   3.2189255e-30       -65.16573        -65.16573       12.064135       12.064135
              1      -59.297304   4.0741573e-30       -65.16573        -65.16573       11.736852       11.736852
              1      -59.303814   4.0312863e-30       -65.16573        -65.16573       11.723831       11.723831
              1      -59.009082   4.7231137e-30       -65.16573        -65.16573       12.313295       12.313295
              1      -59.153823   4.4895133e-30       -65.16573        -65.16573       12.023815       12.023815
              1      -59.314369   3.8644818e-30       -65.16573        -65.16573       11.702723       11.702723
              1      -59.238251   4.2975505e-30       -65.16573        -65.16573       11.854957       11.854957
              1      -58.387597   5.3541378e-30       -65.16573        -65.16573       13.556265       13.556265
              1      -58.386688   5.3548641e-30       -65.16573        -65.16573       13.558083       13.558083
              1      -58.167278   5.5208084e-30       -65.16573        -65.16573       13.996903       13.996903
              1      -57.515568   5.9364665e-30       -65.16573        -65.16573       15.300324       15.300324
              3      -58.376531    5.362954e-30       -65.16573        -65.16573       13.578397       13.578397
              1      -57.769219    5.785457e-30       -65.16573        -65.16573       14.793021       14.793021
              1      -58.566442   5.2035781e-30       -65.16573        -65.16573       13.198576       13.198576
              1      -58.072254   5.5877003e-30       -65.16573        -65.16573       14.186951       14.186951
              1      -58.492299   5.2679684e-30       -65.16573        -65.16573       13.346862       13.346862
              1      -59.146244   4.5038935e-30       -65.16573        -65.16573       12.038971       12.038971
              1      -58.954916   4.7954462e-30       -65.16573        -65.16573       12.421628       12.421628
              1      -59.286398   4.1304463e-30       -65.16573        -65.16573       11.758663       11.758663
              1       -59.31259   3.8075563e-30       -65.16573        -65.16573        11.70628        11.70628
              1      -59.300724   3.6930838e-30       -65.16573        -65.16573       11.730011       11.730011
              1      -59.247593   3.4753401e-30       -65.16573        -65.16573       11.836273       11.836273
              1      -59.313242   3.9253393e-30       -65.16573        -65.16573       11.704976       11.704976
              1      -59.144221   3.2383178e-30       -65.16573        -65.16573       12.043018       12.043018
              1       -58.89714   2.8791826e-30       -65.16573        -65.16573        12.53718        12.53718
              1      -59.290334   3.6343282e-30       -65.16573        -65.16573       11.750792       11.750792
              2      -58.730199   2.6970623e-30       -65.16573        -65.16573       12.871062       12.871062
              1      -58.699132   2.6662004e-30       -65.16573        -65.16573       12.933195       12.933195
              2       -59.18138   4.4341236e-30       -65.16573        -65.16573         11.9687         11.9687
              1       -59.31427   3.8904932e-30       -65.16573        -65.16573        11.70292        11.70292
              1      -59.313176   3.8191959e-30       -65.16573        -65.16573       11.705107       11.705107
              1      -59.314055   3.8444386e-30       -65.16573        -65.16573        11.70335        11.70335
              1      -59.247345   3.4746009e-30       -65.16573        -65.16573        11.83677        11.83677
              2      -59.024335   4.7016071e-30       -65.16573        -65.16573        12.28279        12.28279
              3      -59.091686   4.5990632e-30       -65.16573        -65.16573       12.148088       12.148088
              1      -59.281291   4.1529407e-30       -65.16573        -65.16573       11.768877       11.768877
              1      -59.274372   4.1808072e-30       -65.16573        -65.16573       11.782716       11.782716
              1        -58.6827   2.6501913e-30       -65.16573        -65.16573        12.96606        12.96606
              1      -59.017483   3.0346587e-30       -65.16573        -65.16573       12.296494       12.296494
              2      -58.824196   2.7958123e-30       -65.16573        -65.16573       12.683067       12.683067
              2      -58.754181   2.7214524e-30       -65.16573        -65.16573       12.823097       12.823097
              2      -59.161739   3.2718718e-30       -65.16573        -65.16573       12.007982       12.007982
              3      -58.571349    5.199206e-30       -65.16573        -65.16573       13.188761       13.188761
              1      -57.716819   5.8176144e-30       -65.16573        -65.16573       14.897822       14.897822
              2      -58.998246    3.007928e-30       -65.16573        -65.16573       12.334967       12.334967
              2      -58.027114   2.1274169e-30       -65.16573        -65.16573       14.277232       14.277232
              4       -58.87585   2.8541447e-30       -65.16573        -65.16573       12.579759       12.579759
              1      -59.271514   4.1916049e-30       -65.16573        -65.16573       11.788431       11.788431
              4      -58.939124   2.9305069e-30       -65.16573        -65.16573       12.453211       12.453211
              2      -58.474512   2.4630172e-30       -65.16573        -65.16573       13.382437       13.382437
              1      -57.734191   5.8070127e-30       -65.16573        -65.16573       14.863078       14.863078
              2      -57.513629   5.9375782e-30       -65.16573        -65.16573       15.304202       15.304202
              1      -58.305464   5.4183739e-30       -65.16573        -65.16573       13.720531       13.720531
              3      -59.271962   4.1899377e-30       -65.16573        -65.16573       11.787536       11.787536
              4      -59.212343   3.3814986e-30       -65.16573        -65.16573       11.906774       11.906774
              1      -59.253327   3.4927882e-30       -65.16573        -65.16573       11.824805       11.824805
              1      -58.497585   5.2634765e-30       -65.16573        -65.16573        13.33629        13.33629
              1      -58.848118   4.9235723e-30       -65.16573        -65.16573       12.635225       12.635225
              1      -59.194426   4.4058965e-30       -65.16573        -65.16573       11.942607       11.942607
              1      -58.964671   2.9631515e-30       -65.16573        -65.16573       12.402118       12.402118
              1      -59.274463   3.5655417e-30       -65.16573        -65.16573       11.782533       11.782533
              1      -59.145718   4.5048795e-30       -65.16573        -65.16573       12.040023       12.040023
              1      -59.313055   3.9293965e-30       -65.16573        -65.16573       11.705349       11.705349
              2       -58.09978   5.5685949e-30       -65.16573        -65.16573       14.131899       14.131899
              1       -59.01929   3.0372145e-30       -65.16573        -65.16573       12.292879       12.292879
              3      -59.303786   3.7144986e-30       -65.16573        -65.16573       11.723888       11.723888
              2      -59.301621   3.6990853e-30       -65.16573        -65.16573       11.728217       11.728217
              1      -56.949401   6.2390156e-30       -65.16573        -65.16573       16.432657       16.432657
              4       -59.20531   3.3648458e-30       -65.16573        -65.16573        11.92084        11.92084
              1       -58.74142   2.7084104e-30       -65.16573        -65.16573        12.84862        12.84862
              3      -59.158819   4.4798467e-30       -65.16573        -65.16573       12.013823       12.013823
              1      -58.991545   4.7471884e-30       -65.16573        -65.16573        12.34837        12.34837
              5      -59.261107   3.5178305e-30       -65.16573        -65.16573       11.809245       11.809245
              2       -59.28801   3.6230704e-30       -65.16573        -65.16573       11.755439       11.755439
              6      -59.291796   3.6416941e-30       -65.16573        -65.16573       11.747867       11.747867
              4      -59.297464   4.0732147e-30       -65.16573        -65.16573       11.736532       11.736532
              6      -59.307871   3.9973031e-30       -65.16573        -65.16573       11.715717       11.715717
              2      -59.096646   3.1550642e-30       -65.16573        -65.16573       12.138167       12.138167
              1      -59.289497   4.1157808e-30       -65.16573        -65.16573       11.752465       11.752465
              1      -59.194628   3.3405489e-30       -65.16573        -65.16573       11.942203       11.942203
              2      -58.921008   4.8379701e-30       -65.16573        -65.16573       12.489443       12.489443
              3      -59.015405   3.0317303e-30       -65.16573        -65.16573        12.30065        12.30065
              1       -59.31115   3.9606936e-30       -65.16573        -65.16573       11.709159       11.709159
              1      -58.473067   2.4618052e-30       -65.16573        -65.16573       13.385326       13.385326
              1      -59.107873   4.5721803e-30       -65.16573        -65.16573       12.115714       12.115714
              2      -59.302941   3.7083076e-30       -65.16573        -65.16573       11.725578       11.725578
             11      -59.041033   3.0685919e-30       -65.16573        -65.16573       12.249395       12.249395
              3      -59.159001   3.2665044e-30       -65.16573        -65.16573       12.013459       12.013459
              1      -59.241549   4.2882571e-30       -65.16573        -65.16573       11.848362       11.848362
              1      -57.490378   5.9508643e-30       -65.16573        -65.16573       15.350704       15.350704
              2      -59.053448   3.0870711e-30       -65.16573        -65.16573       12.224563       12.224563
              1      -59.068329   3.1098089e-30       -65.16573        -65.16573       12.194802       12.194802
              3      -59.291959   4.1034688e-30       -65.16573        -65.16573       11.747542       11.747542
              4      -58.489906   5.2699971e-30       -65.16573        -65.16573       13.351648       13.351648
              3      -58.582529   2.5568051e-30       -65.16573        -65.16573       13.166401       13.166401
              2       -58.79466   4.9821613e-30       -65.16573        -65.16573        12.74214        12.74214
              1      -59.312016    3.948108e-30       -65.16573        -65.16573       11.707428       11.707428
              1      -58.747056   2.7141525e-30       -65.16573        -65.16573       12.837348       12.837348
              1      -59.176266   3.3011879e-30       -65.16573        -65.16573       11.978928       11.978928
              1      -56.367129   1.2317292e-30       -65.16573        -65.16573       17.597203       17.597203
              5      -57.578463   1.8459244e-30       -65.16573        -65.16573       15.174535       15.174535
              2       -57.96784    5.658315e-30       -65.16573        -65.16573        14.39578        14.39578
              1      -57.811806   5.7589183e-30       -65.16573        -65.16573       14.707848       14.707848
              1      -59.273679   4.1834584e-30       -65.16573        -65.16573       11.784101       11.784101
              3      -59.080741   4.6166901e-30       -65.16573        -65.16573       12.169978       12.169978
              3      -59.289354   3.6295163e-30       -65.16573        -65.16573       11.752752       11.752752
              3      -58.952706   2.9477195e-30       -65.16573        -65.16573       12.426047       12.426047
              8      -59.310885   3.9641977e-30       -65.16573        -65.16573       11.709689       11.709689
              1      -59.310691   3.7793111e-30       -65.16573        -65.16573       11.710077       11.710077
              2      -59.304103    3.716886e-30       -65.16573        -65.16573       11.723253       11.723253
              4      -58.988525   4.7512665e-30       -65.16573        -65.16573       12.354409       12.354409
              5      -58.802733   2.7724825e-30       -65.16573        -65.16573       12.725995       12.725995
              7      -59.311016   3.7835116e-30       -65.16573        -65.16573       11.709427       11.709427
              3      -59.206377   4.3786589e-30       -65.16573        -65.16573       11.918706       11.918706
              1       -58.84907   4.9224988e-30       -65.16573        -65.16573        12.63332        12.63332
              2      -58.860642   2.8366291e-30       -65.16573        -65.16573       12.610176       12.610176
              2       -58.12032   2.1917986e-30       -65.16573        -65.16573        14.09082        14.09082
              4       -56.05885   1.0970282e-30       -65.16573        -65.16573        18.21376        18.21376
              1      -56.320181   1.2107756e-30       -65.16573        -65.16573       17.691098       17.691098
              3      -59.105022   3.1690067e-30       -65.16573        -65.16573       12.121416       12.121416
              1      -59.306271   3.7342903e-30       -65.16573        -65.16573       11.718918       11.718918
              2      -58.846471   2.8205702e-30       -65.16573        -65.16573       12.638518       12.638518
              1      -59.256034   3.5013107e-30       -65.16573        -65.16573       11.819391       11.819391
              4      -58.802431   2.7721586e-30       -65.16573        -65.16573       12.726597       12.726597
              1      -57.689947   1.9120952e-30       -65.16573        -65.16573       14.951566       14.951566
              1      -59.250031   4.2633347e-30       -65.16573        -65.16573       11.831398       11.831398
              7      -59.234403   3.4378492e-30       -65.16573        -65.16573       11.862654       11.862654
              3      -59.202481   3.3582983e-30       -65.16573        -65.16573       11.926499       11.926499
              1      -59.268507   4.2025873e-30       -65.16573        -65.16573       11.794446       11.794446
              2      -59.024026   4.7020481e-30       -65.16573        -65.16573       12.283407       12.283407
              5      -59.130247   4.5332223e-30       -65.16573        -65.16573       12.070966       12.070966
              1      -59.311908   3.7962043e-30       -65.16573        -65.16573       11.707644       11.707644
              3      -58.616352   5.1584179e-30       -65.16573        -65.16573       13.098756       13.098756
              1      -59.309355   3.9822708e-30       -65.16573        -65.16573        11.71275        11.71275
              2      -59.274701   3.5664594e-30       -65.16573        -65.16573       11.782057       11.782057
              6      -59.116341   3.1883009e-30       -65.16573        -65.16573       12.098777       12.098777
              1       -59.30698    4.005519e-30       -65.16573        -65.16573         11.7175         11.7175
              2      -59.297263   4.0743998e-30       -65.16573        -65.16573       11.736934       11.736934
              1      -58.814262   4.9610435e-30       -65.16573        -65.16573       12.702935       12.702935
              3      -58.429053    2.425363e-30       -65.16573        -65.16573       13.473353       13.473353
              1      -58.758579   5.0200148e-30       -65.16573        -65.16573       12.814302       12.814302
              5       -59.13481   3.2210056e-30       -65.16573        -65.16573       12.061839       12.061839
              4      -58.700874   2.6679096e-30       -65.16573        -65.16573       12.929712       12.929712
              1      -58.686977   2.6543385e-30       -65.16573        -65.16573       12.957505       12.957505
              1      -59.309135   3.7613689e-30       -65.16573        -65.16573        11.71319        11.71319
              1      -58.875168   4.8926431e-30       -65.16573        -65.16573       12.581123       12.581123
              2      -59.070786   3.1136283e-30       -65.16573        -65.16573       12.189888       12.189888
              4      -59.236763   4.3016793e-30       -65.16573        -65.16573       11.857933       11.857933
              5      -59.307152   3.7420229e-30       -65.16573        -65.16573       11.717156       11.717156
              2      -58.909304   2.8937757e-30       -65.16573        -65.16573       12.512852       12.512852
              2      -58.560045   5.2092561e-30       -65.16573        -65.16573        13.21137        13.21137
              2      -58.550224   5.2179262e-30       -65.16573        -65.16573       13.231012       13.231012
              1      -59.296367   4.0795943e-30       -65.16573        -65.16573       11.738725       11.738725
              1        -59.1027    3.165114e-30       -65.16573        -65.16573       12.126059       12.126059
              1      -59.055903   3.0907759e-30       -65.16573        -65.16573       12.219655       12.219655
              1      -59.081463   4.6155401e-30       -65.16573        -65.16573       12.168534       12.168534
              2      -59.053245   4.6592314e-30       -65.16573        -65.16573       12.224971       12.224971
              1      -58.076604   5.5846953e-30       -65.16573        -65.16573       14.178251       14.178251
              2      -57.540485   5.9221253e-30       -65.16573        -65.16573        15.25049        15.25049
              1      -58.190974   5.5037004e-30       -65.16573        -65.16573       13.949512       13.949512
              2       -59.28515   4.1361201e-30       -65.16573        -65.16573       11.761159       11.761159
              5      -59.049981   3.0818678e-30       -65.16573        -65.16573       12.231497       12.231497
              1      -58.092675   2.1724492e-30       -65.16573        -65.16573       14.146109       14.146109
              1      -59.312314    3.802741e-30       -65.16573        -65.16573       11.706832       11.706832
              1      -59.221762   4.3412667e-30       -65.16573        -65.16573       11.887935       11.887935
              1      -59.155644   4.4860066e-30       -65.16573        -65.16573       12.020172       12.020172
              1      -59.312658   3.8088042e-30       -65.16573        -65.16573       11.706143       11.706143
              3       -59.10208   4.5819178e-30       -65.16573        -65.16573       12.127299       12.127299
              2      -59.176549   3.3017735e-30       -65.16573        -65.16573       11.978362       11.978362
              6       -59.27735   3.5768608e-30       -65.16573        -65.16573        11.77676        11.77676
              1      -59.254001    4.251105e-30       -65.16573        -65.16573       11.823458       11.823458
              2      -58.567391   5.2027333e-30       -65.16573        -65.16573       13.196677       13.196677
              2      -56.634158   6.3917741e-30       -65.16573        -65.16573       17.063144       17.063144
              1      -57.829062    5.748058e-30       -65.16573        -65.16573       14.673336       14.673336
              1      -58.578114   2.5528406e-30       -65.16573        -65.16573       13.175232       13.175232
              1      -59.131322   4.5312911e-30       -65.16573        -65.16573       12.068815       12.068815
              1      -59.228065   4.3250551e-30       -65.16573        -65.16573       11.875329       11.875329
              1      -58.597657   5.1755172e-30       -65.16573        -65.16573       13.136146       13.136146
              1      -58.757416   5.0212142e-30       -65.16573        -65.16573       12.816628       12.816628
              1      -59.306873   4.0064678e-30       -65.16573        -65.16573       11.717713       11.717713
              1      -59.230547   4.3185094e-30       -65.16573        -65.16573       11.870365       11.870365
              1      -59.305596   4.0173493e-30       -65.16573        -65.16573       11.720267       11.720267
              1      -58.099884   2.1774737e-30       -65.16573        -65.16573       14.131691       14.131691
              3      -59.092979   3.1490436e-30       -65.16573        -65.16573       12.145502       12.145502
              1      -59.277568   4.1682601e-30       -65.16573        -65.16573       11.776323       11.776323
              1      -59.144853   4.5064981e-30       -65.16573        -65.16573       12.041754       12.041754
              3      -58.608412   5.1657076e-30       -65.16573        -65.16573       13.114635       13.114635
              2      -58.740313   2.7072863e-30       -65.16573        -65.16573       12.850834       12.850834
              1      -58.650594   2.6195019e-30       -65.16573        -65.16573       13.030272       13.030272
              3      -57.961941   2.0837746e-30       -65.16573        -65.16573       14.407578       14.407578
              2      -58.171283   2.2280668e-30       -65.16573        -65.16573       13.988893       13.988893
              3      -58.886156   2.8661873e-30       -65.16573        -65.16573       12.559148       12.559148
              6      -59.241591   4.2881358e-30       -65.16573        -65.16573       11.848277       11.848277
              3      -59.240237   3.4540174e-30       -65.16573        -65.16573       11.850986       11.850986
              3      -58.873457   4.8946281e-30       -65.16573        -65.16573       12.584547       12.584547
              2      -59.312947    3.931618e-30       -65.16573        -65.16573       11.705565       11.705565
              1      -59.126306   3.2057464e-30       -65.16573        -65.16573       12.078848       12.078848
              1      -58.931792    2.921344e-30       -65.16573        -65.16573       12.467875       12.467875
              3      -59.012293   3.0273644e-30       -65.16573        -65.16573       12.306873       12.306873
              3      -58.760311   2.7277701e-30       -65.16573        -65.16573       12.810837       12.810837
              1      -59.288955   4.1184087e-30       -65.16573        -65.16573       11.753549       11.753549
              1      -59.280386   3.5892559e-30       -65.16573        -65.16573       11.770687       11.770687
              1      -58.681987   2.6495012e-30       -65.16573        -65.16573       12.967486       12.967486
              3      -57.074983   1.5706549e-30       -65.16573        -65.16573       16.181495       16.181495
              1      -58.579813   5.1916311e-30       -65.16573        -65.16573       13.171834       13.171834
              6      -58.709156   5.0699245e-30       -65.16573        -65.16573       12.913147       12.913147
              1      -59.297003   3.6700755e-30       -65.16573        -65.16573       11.737454       11.737454
              2      -58.661123   2.6294827e-30       -65.16573        -65.16573       13.009214       13.009214
              2      -59.292881   3.6473123e-30       -65.16573        -65.16573       11.745697       11.745697
              2      -59.281901    3.595646e-30       -65.16573        -65.16573       11.767657       11.767657
              1      -59.290673    4.109979e-30       -65.16573        -65.16573       11.750113       11.750113
              2      -58.952723   2.9477407e-30       -65.16573        -65.16573       12.426014       12.426014
              2      -58.938819   2.9301236e-30       -65.16573        -65.16573       12.453821       12.453821
              1      -59.227714   4.3259737e-30       -65.16573        -65.16573       11.876031       11.876031
              1      -59.023904   4.7022228e-30       -65.16573        -65.16573       12.283652       12.283652
              2      -59.253043   4.2540919e-30       -65.16573        -65.16573       11.825374       11.825374
              2      -59.314272   3.8556662e-30       -65.16573        -65.16573       11.702915       11.702915
              3      -59.299481   3.6850835e-30       -65.16573        -65.16573       11.732498       11.732498
              9      -59.287232   4.1265833e-30       -65.16573        -65.16573       11.756995       11.756995
              1      -58.512845   2.4955694e-30       -65.16573        -65.16573        13.30577        13.30577
              2       -58.02948   2.1290222e-30       -65.16573        -65.16573       14.272499       14.272499
              2      -57.739601   1.9422972e-30       -65.16573        -65.16573       14.852257       14.852257
              2      -59.314174    3.896105e-30       -65.16573        -65.16573       11.703112       11.703112
              1      -59.279033   4.1623299e-30       -65.16573        -65.16573       11.773393       11.773393
              1      -58.968116   4.7783514e-30       -65.16573        -65.16573       12.395227       12.395227
              5      -58.946916    2.940343e-30       -65.16573        -65.16573       12.437627       12.437627
              1      -59.084821   3.1358268e-30       -65.16573        -65.16573       12.161819       12.161819
              3      -59.281593   4.1516599e-30       -65.16573        -65.16573       11.768273       11.768273
              5      -58.933351   2.9232842e-30       -65.16573        -65.16573       12.464758       12.464758
              2      -58.627207   5.1483839e-30       -65.16573        -65.16573       13.077045       13.077045
              1       -58.49522   5.2654882e-30       -65.16573        -65.16573        13.34102        13.34102
              1      -58.638516   5.1378461e-30       -65.16573        -65.16573       13.054427       13.054427
              1      -59.164696   4.4682741e-30       -65.16573        -65.16573       12.002068       12.002068
              4       -59.25459   3.4967398e-30       -65.16573        -65.16573       11.822279       11.822279
              1      -59.258166   3.5081602e-30       -65.16573        -65.16573       11.815128       11.815128
              2      -58.975005   2.9766955e-30       -65.16573        -65.16573       12.381449       12.381449
              3      -58.800905   2.7705192e-30       -65.16573        -65.16573       12.729649       12.729649
              2      -58.126071    5.550144e-30       -65.16573        -65.16573       14.079318       14.079318
              3       -58.67275   5.1053974e-30       -65.16573        -65.16573        12.98596        12.98596
              4      -59.120859   3.1961555e-30       -65.16573        -65.16573       12.089741       12.089741
              1      -59.160311   3.2690677e-30       -65.16573        -65.16573       12.010837       12.010837
              1      -59.306601   3.7371335e-30       -65.16573        -65.16573       11.718258       11.718258
              2      -59.261958   4.2253191e-30       -65.16573        -65.16573       11.807543       11.807543
              2      -59.109478   4.5694578e-30       -65.16573        -65.16573       12.112504       12.112504
              1      -59.117045   4.5564781e-30       -65.16573        -65.16573        12.09737        12.09737
              3      -59.314334   3.8605791e-30       -65.16573        -65.16573       11.702792       11.702792
              5      -59.304992   4.0222166e-30       -65.16573        -65.16573       11.721475       11.721475
              1      -59.036832   4.6835612e-30       -65.16573        -65.16573       12.257796       12.257796
              6      -59.205923   3.3662769e-30       -65.16573        -65.16573       11.919613       11.919613
              2      -59.189194   3.3286026e-30       -65.16573        -65.16573       11.953072       11.953072
              3      -59.250006   4.2634096e-30       -65.16573        -65.16573       11.831448       11.831448
              5      -59.043741     4.67341e-30       -65.16573        -65.16573       12.243979       12.243979
              1      -59.157891   3.2643435e-30       -65.16573        -65.16573       12.015677       12.015677
              1      -57.233881   1.6538395e-30       -65.16573        -65.16573       15.863697       15.863697
              1      -57.788561   1.9725465e-30       -65.16573        -65.16573       14.754337       14.754337
              1      -58.547412   5.2203983e-30       -65.16573        -65.16573       13.236635       13.236635
              2        -55.9722   6.6856679e-30       -65.16573        -65.16573        18.38706        18.38706
              1      -57.568135   1.8399032e-30       -65.16573        -65.16573       15.195191       15.195191
              1       -59.07514   4.6255507e-30       -65.16573        -65.16573        12.18118        12.18118
              6      -59.290085   3.6330989e-30       -65.16573        -65.16573       11.751289       11.751289
              1      -58.174302   2.2302399e-30       -65.16573        -65.16573       13.982856       13.982856
              1      -58.371336   5.3670747e-30       -65.16573        -65.16573       13.588787       13.588787
              4      -59.017991   4.7106192e-30       -65.16573        -65.16573       12.295477       12.295477
              1      -59.301834   4.0454561e-30       -65.16573        -65.16573       11.727791       11.727791
              4      -59.306346    4.011063e-30       -65.16573        -65.16573       11.718767       11.718767
              1      -56.352392   1.2251344e-30       -65.16573        -65.16573       17.626675       17.626675
              1      -56.915131   1.4898994e-30       -65.16573        -65.16573       16.501198       16.501198
              4      -58.863215   4.9064242e-30       -65.16573        -65.16573       12.605029       12.605029
              1      -59.085766   4.6086497e-30       -65.16573        -65.16573       12.159928       12.159928
              3       -59.20513   4.3815681e-30       -65.16573        -65.16573       11.921199       11.921199
              2      -59.252142   4.2568805e-30       -65.16573        -65.16573       11.827176       11.827176
              3      -59.300712   4.0529933e-30       -65.16573        -65.16573       11.730036       11.730036
              1      -58.255063   5.4565036e-30       -65.16573        -65.16573       13.821334       13.821334
              7       -58.76006   5.0184859e-30       -65.16573        -65.16573        12.81134        12.81134
              3       -57.10454   6.1600966e-30       -65.16573        -65.16573       16.122379       16.122379
              3      -58.348439   5.3851038e-30       -65.16573        -65.16573       13.634581       13.634581
              3      -58.524406   2.5055389e-30       -65.16573        -65.16573       13.282648       13.282648
              1      -58.024196    5.620556e-30       -65.16573        -65.16573       14.283067       14.283067
              2      -57.709686   5.8219506e-30       -65.16573        -65.16573       14.912087       14.912087
              1      -58.848241    4.923433e-30       -65.16573        -65.16573       12.634977       12.634977
              2      -58.650436   2.6193531e-30       -65.16573        -65.16573       13.030587       13.030587
              3      -59.108962   3.1756622e-30       -65.16573        -65.16573       12.113535       12.113535
              3      -59.209344   4.3716669e-30       -65.16573        -65.16573       11.912772       11.912772
              1      -59.219969   3.4002193e-30       -65.16573        -65.16573       11.891522       11.891522
              4      -59.314397   3.8706125e-30       -65.16573        -65.16573       11.702666       11.702666
              1      -56.829174   1.4475861e-30       -65.16573        -65.16573       16.673112       16.673112
              2      -59.166524   4.4646286e-30       -65.16573        -65.16573       11.998412       11.998412
              2      -59.091476   4.5994057e-30       -65.16573        -65.16573       12.148508       12.148508
              5      -59.183307   4.4300444e-30       -65.16573        -65.16573       11.964846       11.964846
              2      -59.269269   3.5461565e-30       -65.16573        -65.16573       11.792922       11.792922
              3      -58.966776   4.7801012e-30       -65.16573        -65.16573       12.397907       12.397907
              4      -59.309189   3.9840471e-30       -65.16573        -65.16573       11.713081       11.713081
              1      -59.250573   4.2616867e-30       -65.16573        -65.16573       11.830314       11.830314
              1      -59.306702   3.7380221e-30       -65.16573        -65.16573       11.718055       11.718055
              3      -58.550371   5.2177964e-30       -65.16573        -65.16573       13.230717       13.230717
              2      -58.229673   2.2706287e-30       -65.16573        -65.16573       13.872113       13.872113
              5      -58.241269   2.2792163e-30       -65.16573        -65.16573       13.848922       13.848922
              2      -58.924638    2.912488e-30       -65.16573        -65.16573       12.482184       12.482184
              3      -58.848759   4.9228489e-30       -65.16573        -65.16573       12.633941       12.633941
              2      -59.037417   4.6827067e-30       -65.16573        -65.16573       12.256626       12.256626
              5      -58.944925   4.8081774e-30       -65.16573        -65.16573       12.441611       12.441611
              2      -59.259314   4.2340907e-30       -65.16573        -65.16573       11.812831       11.812831
              1      -59.298589   3.6795469e-30       -65.16573        -65.16573       11.734282       11.734282
              4      -57.833479   2.0007281e-30       -65.16573        -65.16573       14.664502       14.664502
              3      -57.417305   5.9920767e-30       -65.16573        -65.16573        15.49685        15.49685
              3      -58.901865   2.8848265e-30       -65.16573        -65.16573       12.527729       12.527729
              2      -59.006256   4.7270392e-30       -65.16573        -65.16573       12.318947       12.318947
              5      -59.261438   3.5189353e-30       -65.16573        -65.16573       11.808583       11.808583
              4      -58.328391   2.3452811e-30       -65.16573        -65.16573       13.674678       13.674678
              3      -59.268414   3.5430759e-30       -65.16573        -65.16573       11.794632       11.794632
              1      -58.781714   2.7501067e-30       -65.16573        -65.16573       12.768031       12.768031
              3      -59.313516   3.9187185e-30       -65.16573        -65.16573       11.704427       11.704427
              2      -57.203728   1.6378158e-30       -65.16573        -65.16573       15.924004       15.924004
              3      -57.890628   5.7087869e-30       -65.16573        -65.16573       14.550204       14.550204
              2      -57.286889   6.0637039e-30       -65.16573        -65.16573       15.757681       15.757681
              4      -57.884799   5.7125411e-30       -65.16573        -65.16573       14.561863       14.561863
              3       -58.35506   5.3799129e-30       -65.16573        -65.16573        13.62134        13.62134
