#        weight    minuslogpost              A2   minuslogprior minuslogprior__0            chi2   chi2__loglike
              2      -57.796722   1.9776355e-30       -65.16573        -65.16573       14.738015       14.738015
              1       -56.58737   1.3323327e-30       -65.16573        -65.16573       17.156719       17.156719
              4      -57.165678   1.6177589e-30       -65.16573        -65.16573       16.000103       16.000103
              1      -57.000525   1.5326928e-30       -65.16573        -65.16573        16.33041        16.33041
              1      -57.900892   2.0438383e-30       -65.16573        -65.16573       14.529676       14.529676
              1      -57.027089   1.5461656e-30       -65.16573        -65.16573       16.277281       16.277281
              2       -57.03602   1.5507128e-30       -65.16573        -65.16573       16.259419       16.259419
              2      -58.660377   2.6287732e-30       -65.16573        -65.16573       13.010706       13.010706
              1      -58.380001   2.3858007e-30       -65.16573        -65.16573       13.571458       13.571458
              1      -57.803038   1.9815833e-30       -65.16573        -65.16573       14.725384       14.725384
              1      -59.142355    3.234849e-30       -65.16573        -65.16573       12.046749       12.046749
              1      -59.230329   3.4269056e-30       -65.16573        -65.16573       11.870803       11.870803
              2      -59.181241   3.3115805e-30       -65.16573        -65.16573       11.968977       11.968977
              1      -59.253037   3.4918859e-30       -65.16573        -65.16573       11.825385       11.825385
              2      -59.281042   4.1539924e-30       -65.16573        -65.16573       11.769376       11.769376
              1      -59.077048   3.1234519e-30       -65.16573        -65.16573       12.177364       12.177364
              1      -58.541358   2.5202901e-30       -65.16573        -65.16573       13.248745       13.248745
              1      -58.891722   2.8727522e-30       -65.16573        -65.16573       12.548015       12.548015
              6      -58.944087   2.9367588e-30       -65.16573        -65.16573       12.443286       12.443286
              1      -58.771386   2.7392731e-30       -65.16573        -65.16573       12.788687       12.788687
              1      -59.314056   3.8445131e-30       -65.16573        -65.16573       11.703347       11.703347
              1      -59.296421   4.0792848e-30       -65.16573        -65.16573       11.738617       11.738617
              1      -59.297402   4.0735817e-30       -65.16573        -65.16573       11.736656       11.736656
              1      -59.311235   3.9595346e-30       -65.16573        -65.16573       11.708989       11.708989
              1      -57.339189   6.0352647e-30       -65.16573        -65.16573       15.653081       15.653081
              2       -55.02511   7.0593611e-30       -65.16573        -65.16573        20.28124        20.28124
              1      -55.410346   6.9129062e-30       -65.16573        -65.16573       19.510768       19.510768
              1      -56.870392   6.2782126e-30       -65.16573        -65.16573       16.590675       16.590675
              1      -56.474262   6.4658172e-30       -65.16573        -65.16573       17.382935       17.382935
              1      -58.330267   5.3992605e-30       -65.16573        -65.16573       13.670925       13.670925
              1       -58.69513   5.0837145e-30       -65.16573        -65.16573         12.9412         12.9412
              1      -57.742237   5.8020826e-30       -65.16573        -65.16573       14.846986       14.846986
              1      -57.670805   5.8454203e-30       -65.16573        -65.16573        14.98985        14.98985
              1      -58.233073   5.4728542e-30       -65.16573        -65.16573       13.865313       13.865313
              1      -58.458856   5.2960589e-30       -65.16573        -65.16573       13.413747       13.413747
              1      -59.023117   4.7033447e-30       -65.16573        -65.16573       12.285225       12.285225
              1      -59.211647   4.3661692e-30       -65.16573        -65.16573       11.908165       11.908165
              2      -59.283215   4.1446862e-30       -65.16573        -65.16573        11.76503        11.76503
              1      -59.265795   4.2121841e-30       -65.16573        -65.16573       11.799869       11.799869
              1      -59.276898   4.1709345e-30       -65.16573        -65.16573       11.777663       11.777663
              4      -59.193106   4.4088213e-30       -65.16573        -65.16573       11.945248       11.945248
              1      -59.238512   4.2968226e-30       -65.16573        -65.16573       11.854435       11.854435
              1      -58.979276   2.9823525e-30       -65.16573        -65.16573       12.372908       12.372908
              2      -59.236248   4.3030987e-30       -65.16573        -65.16573       11.858963       11.858963
              1      -59.229164   4.3221693e-30       -65.16573        -65.16573       11.873132       11.873132
              1      -59.291698   3.6411913e-30       -65.16573        -65.16573       11.748063       11.748063
              2      -59.207895   4.3750921e-30       -65.16573        -65.16573       11.915669       11.915669
              3      -57.849815   2.0110832e-30       -65.16573        -65.16573        14.63183        14.63183
              7      -59.143223   4.5095352e-30       -65.16573        -65.16573       12.045013       12.045013
              1       -59.24733   3.4745581e-30       -65.16573        -65.16573       11.836799       11.836799
              2      -59.116421   3.1884381e-30       -65.16573        -65.16573       12.098618       12.098618
             10       -58.53844   2.5177396e-30       -65.16573        -65.16573        13.25458        13.25458
              1      -58.879601   4.8874855e-30       -65.16573        -65.16573       12.572259       12.572259
              1      -59.294968   3.6585331e-30       -65.16573        -65.16573       11.741524       11.741524
              1      -59.243925   4.2814288e-30       -65.16573        -65.16573        11.84361        11.84361
              1      -58.582158   5.1895248e-30       -65.16573        -65.16573       13.167144       13.167144
              2      -58.750026   5.0288067e-30       -65.16573        -65.16573       12.831408       12.831408
              1      -59.301083   4.0505358e-30       -65.16573        -65.16573       11.729293       11.729293
              1      -58.961868   4.7864825e-30       -65.16573        -65.16573       12.407723       12.407723
              1      -57.908316   5.6973481e-30       -65.16573        -65.16573       14.514828       14.514828
              2       -58.68442   5.0941383e-30       -65.16573        -65.16573       12.962619       12.962619
              7      -59.273691   4.1834134e-30       -65.16573        -65.16573       11.784077       11.784077
              2      -58.760366   5.0181698e-30       -65.16573        -65.16573       12.810728       12.810728
              4      -58.544476   2.5230212e-30       -65.16573        -65.16573       13.242508       13.242508
              1      -58.706011   2.6729658e-30       -65.16573        -65.16573       12.919437       12.919437
              1       -58.82129   2.7926244e-30       -65.16573        -65.16573       12.688879       12.688879
              1      -58.194916   2.2451591e-30       -65.16573        -65.16573       13.941628       13.941628
              2      -58.778883   2.7471261e-30       -65.16573        -65.16573       12.773694       12.773694
              1      -59.239601   4.2937709e-30       -65.16573        -65.16573       11.852257       11.852257
              1      -59.056623   4.6541287e-30       -65.16573        -65.16573       12.218213       12.218213
              1      -59.227204   4.3273055e-30       -65.16573        -65.16573       11.877052       11.877052
              1       -59.28479   3.6082606e-30       -65.16573        -65.16573       11.761879       11.761879
              2      -59.296814    3.668974e-30       -65.16573        -65.16573       11.737832       11.737832
              4      -59.306544    4.009357e-30       -65.16573        -65.16573       11.718372       11.718372
              4      -57.412028   5.9950216e-30       -65.16573        -65.16573       15.507403       15.507403
              2      -58.348128   5.3853471e-30       -65.16573        -65.16573       13.635203       13.635203
              4      -59.287279    3.619633e-30       -65.16573        -65.16573       11.756901       11.756901
              1      -59.167949    4.461771e-30       -65.16573        -65.16573       11.995562       11.995562
              1      -58.777719   5.0000923e-30       -65.16573        -65.16573       12.776021       12.776021
              3      -58.782174   2.7505911e-30       -65.16573        -65.16573       12.767112       12.767112
              1      -58.850659    2.825291e-30       -65.16573        -65.16573       12.630141       12.630141
              1        -59.2958   4.0828198e-30       -65.16573        -65.16573        11.73986        11.73986
              1      -59.154973   4.4873016e-30       -65.16573        -65.16573       12.021514       12.021514
              2      -59.197032   4.4000772e-30       -65.16573        -65.16573       11.937395       11.937395
              1      -58.380749   2.3863963e-30       -65.16573        -65.16573       13.569961       13.569961
              1      -58.172879   2.2292156e-30       -65.16573        -65.16573       13.985701       13.985701
              1      -59.302512   3.7052535e-30       -65.16573        -65.16573       11.726436       11.726436
              1      -59.224993   4.3330273e-30       -65.16573        -65.16573       11.881473       11.881473
              1      -59.054181   4.6578205e-30       -65.16573        -65.16573       12.223098       12.223098
              1      -59.071048   3.1140377e-30       -65.16573        -65.16573       12.189363       12.189363
              1       -59.24758   4.2706966e-30       -65.16573        -65.16573         11.8363         11.8363
              5       -59.09992   4.5855153e-30       -65.16573        -65.16573        12.13162        12.13162
              1      -58.840714   4.9318799e-30       -65.16573        -65.16573       12.650032       12.650032
              1      -59.093277   4.5964646e-30       -65.16573        -65.16573       12.144905       12.144905
              1      -58.897663   4.8661902e-30       -65.16573        -65.16573       12.536134       12.536134
              3      -59.246214   3.4712561e-30       -65.16573        -65.16573       11.839031       11.839031
              8      -58.668767   5.1092166e-30       -65.16573        -65.16573       12.993926       12.993926
              1      -58.656705   5.1207104e-30       -65.16573        -65.16573       13.018049       13.018049
              1      -59.148068   4.5004628e-30       -65.16573        -65.16573       12.035323       12.035323
              1      -59.167059    3.282439e-30       -65.16573        -65.16573       11.997342       11.997342
              1      -59.112799   4.5637911e-30       -65.16573        -65.16573       12.105861       12.105861
              3      -58.882797   2.8622463e-30       -65.16573        -65.16573       12.565866       12.565866
              3      -58.398902   5.3450768e-30       -65.16573        -65.16573       13.533655       13.533655
              2      -59.309524   3.9804266e-30       -65.16573        -65.16573       11.712413       11.712413
              6       -59.05777   4.6523898e-30       -65.16573        -65.16573        12.21592        12.21592
              1      -59.112353   3.1814407e-30       -65.16573        -65.16573       12.106754       12.106754
              8       -59.30206   3.7020988e-30       -65.16573        -65.16573       11.727339       11.727339
              2       -59.16699   3.2823006e-30       -65.16573        -65.16573        11.99748        11.99748
              2      -59.311689   3.9530929e-30       -65.16573        -65.16573       11.708082       11.708082
              2       -59.16528   4.4671122e-30       -65.16573        -65.16573         12.0009         12.0009
              1      -58.648205   5.1287475e-30       -65.16573        -65.16573        13.03505        13.03505
              2      -58.411364   5.3350236e-30       -65.16573        -65.16573       13.508732       13.508732
              3      -57.682441   5.8384261e-30       -65.16573        -65.16573       14.966578       14.966578
              2      -57.251213   6.0828938e-30       -65.16573        -65.16573       15.829033       15.829033
             12      -59.165812   3.2799462e-30       -65.16573        -65.16573       11.999835       11.999835
              1      -59.296655    3.668057e-30       -65.16573        -65.16573       11.738149       11.738149
              2      -57.929802   5.6833554e-30       -65.16573        -65.16573       14.471856       14.471856
              1      -59.304115   4.0290175e-30       -65.16573        -65.16573       11.723229       11.723229
              1      -59.273899   4.1826196e-30       -65.16573        -65.16573       11.783662       11.783662
              5      -58.671132   2.6390456e-30       -65.16573        -65.16573       12.989196       12.989196
              4      -59.302073   3.7021845e-30       -65.16573        -65.16573       11.727314       11.727314
              1      -59.310654   3.7788481e-30       -65.16573        -65.16573       11.710151       11.710151
              1      -59.081445   3.1304271e-30       -65.16573        -65.16573        12.16857        12.16857
              3      -59.091946    4.598639e-30       -65.16573        -65.16573       12.147567       12.147567
              2      -59.187617   4.4208112e-30       -65.16573        -65.16573       11.956226       11.956226
              2      -58.926452   2.9147255e-30       -65.16573        -65.16573       12.478556       12.478556
              1      -59.247944   3.4763837e-30       -65.16573        -65.16573       11.835572       11.835572
              1      -59.055587   4.6556975e-30       -65.16573        -65.16573       12.220286       12.220286
              3      -59.265585   4.2129178e-30       -65.16573        -65.16573        11.80029        11.80029
              5      -59.270175   3.5494538e-30       -65.16573        -65.16573        11.79111        11.79111
              3      -59.081266   3.1301415e-30       -65.16573        -65.16573       12.168928       12.168928
              4      -57.973357   5.6546537e-30       -65.16573        -65.16573       14.384745       14.384745
              1      -57.752665   5.7956743e-30       -65.16573        -65.16573        14.82613        14.82613
              5       -58.70305   5.0759474e-30       -65.16573        -65.16573        12.92536        12.92536
              3      -59.267443   4.2063844e-30       -65.16573        -65.16573       11.796573       11.796573
              2       -59.30974   3.7679836e-30       -65.16573        -65.16573       11.711979       11.711979
              4       -59.24696   4.2725371e-30       -65.16573        -65.16573        11.83754        11.83754
              2      -58.594262   5.1785979e-30       -65.16573        -65.16573       13.142935       13.142935
              6      -58.319821   5.4073395e-30       -65.16573        -65.16573       13.691817       13.691817
              2      -58.637555   5.1387451e-30       -65.16573        -65.16573        13.05635        13.05635
              4      -58.616361   2.5875869e-30       -65.16573        -65.16573       13.098737       13.098737
              1      -58.812785   2.7833465e-30       -65.16573        -65.16573        12.70589        12.70589
              1      -59.150915   4.4950704e-30       -65.16573        -65.16573        12.02963        12.02963
              1      -59.312076   3.7988407e-30       -65.16573        -65.16573       11.707308       11.707308
              1      -58.787496   2.7562166e-30       -65.16573        -65.16573       12.756468       12.756468
              2      -59.148001   3.2454064e-30       -65.16573        -65.16573       12.035458       12.035458
              2      -59.107722   4.5724361e-30       -65.16573        -65.16573       12.116016       12.116016
              6      -58.053205   5.6007984e-30       -65.16573        -65.16573        14.22505        14.22505
              2      -58.776319   5.0015621e-30       -65.16573        -65.16573       12.778822       12.778822
              6      -59.182788   4.4311452e-30       -65.16573        -65.16573       11.965883       11.965883
              1      -59.290546   3.6353844e-30       -65.16573        -65.16573       11.750367       11.750367
              1      -58.539478   2.5186464e-30       -65.16573        -65.16573       13.252504       13.252504
             11       -59.30775   3.9984538e-30       -65.16573        -65.16573        11.71596        11.71596
              1      -59.313854   3.8370693e-30       -65.16573        -65.16573       11.703752       11.703752
              1      -58.939927   2.9315147e-30       -65.16573        -65.16573       12.451607       12.451607
              5      -59.202795   4.3869751e-30       -65.16573        -65.16573       11.925871       11.925871
              1       -59.14486   3.2395106e-30       -65.16573        -65.16573        12.04174        12.04174
              2      -59.065729   3.1057872e-30       -65.16573        -65.16573       12.200002       12.200002
              4      -59.284608   3.6074467e-30       -65.16573        -65.16573       11.762244       11.762244
              1      -58.607223   2.5792006e-30       -65.16573        -65.16573       13.117013       13.117013
              1      -55.317068   7.9698855e-31       -65.16573        -65.16573       19.697324       19.697324
              1      -58.539773   5.2270915e-30       -65.16573        -65.16573       13.251913       13.251913
              1      -58.970689   2.9710139e-30       -65.16573        -65.16573       12.390082       12.390082
              2      -59.307924    3.996797e-30       -65.16573        -65.16573       11.715611       11.715611
              1      -59.229267   4.3218967e-30       -65.16573        -65.16573       11.872925       11.872925
              1       -58.28096   5.4370279e-30       -65.16573        -65.16573        13.76954        13.76954
              2       -56.22291   6.5781178e-30       -65.16573        -65.16573       17.885641       17.885641
              2       -56.21811   6.5802166e-30       -65.16573        -65.16573       17.895239       17.895239
              2       -56.64776   6.3853746e-30       -65.16573        -65.16573        17.03594        17.03594
              3      -57.323254   6.0439692e-30       -65.16573        -65.16573       15.684951       15.684951
              5      -58.879236    4.887911e-30       -65.16573        -65.16573       12.572988       12.572988
              2      -58.413596   2.4127807e-30       -65.16573        -65.16573       13.504267       13.504267
              2      -59.222128   3.4056559e-30       -65.16573        -65.16573       11.887203       11.887203
              3      -58.802427   2.7721535e-30       -65.16573        -65.16573       12.726607       12.726607
              1      -58.720581   2.6874223e-30       -65.16573        -65.16573       12.890297       12.890297
              1       -58.12839   2.1974897e-30       -65.16573        -65.16573       14.074679       14.074679
              1      -59.289577   4.1153937e-30       -65.16573        -65.16573       11.752306       11.752306
              4      -59.240218   4.2920329e-30       -65.16573        -65.16573       11.851024       11.851024
              4       -59.30539   3.7269671e-30       -65.16573        -65.16573        11.72068        11.72068
              1      -58.616492   2.5877071e-30       -65.16573        -65.16573       13.098476       13.098476
              3      -56.853381   1.4594274e-30       -65.16573        -65.16573       16.624698       16.624698
              1      -58.475822   2.4641177e-30       -65.16573        -65.16573       13.379816       13.379816
              4      -58.281123   5.4369043e-30       -65.16573        -65.16573       13.769213       13.769213
              3      -59.121824    4.548152e-30       -65.16573        -65.16573       12.087812       12.087812
              1      -59.226671   4.3286906e-30       -65.16573        -65.16573       11.878117       11.878117
              4      -59.162211   4.4731935e-30       -65.16573        -65.16573       12.007037       12.007037
              4      -59.152769   4.4915321e-30       -65.16573        -65.16573       12.025921       12.025921
              3      -59.286052   4.1320337e-30       -65.16573        -65.16573       11.759356       11.759356
              1      -57.767737   5.7863738e-30       -65.16573        -65.16573       14.795985       14.795985
              8      -57.948449   5.6711234e-30       -65.16573        -65.16573       14.434561       14.434561
              1      -57.603971   5.8851235e-30       -65.16573        -65.16573       15.123518       15.123518
              4      -58.820115   4.9546581e-30       -65.16573        -65.16573       12.691229       12.691229
              1      -58.732105   2.6989823e-30       -65.16573        -65.16573        12.86725        12.86725
              1      -59.311116   3.9611556e-30       -65.16573        -65.16573       11.709228       11.709228
              2       -58.83893   4.9338724e-30       -65.16573        -65.16573         12.6536         12.6536
              1      -58.240947   2.2789777e-30       -65.16573        -65.16573       13.849565       13.849565
              2      -59.021253   3.0399989e-30       -65.16573        -65.16573       12.288953       12.288953
              3      -59.282936   4.1458976e-30       -65.16573        -65.16573       11.765587       11.765587
              1       -59.10172   4.5825188e-30       -65.16573        -65.16573        12.12802        12.12802
              4      -59.243388   4.2829821e-30       -65.16573        -65.16573       11.844684       11.844684
              2      -59.259056   3.5110588e-30       -65.16573        -65.16573       11.813348       11.813348
              5      -57.819251   1.9917558e-30       -65.16573        -65.16573       14.692958       14.692958
              2      -58.906736   2.8906768e-30       -65.16573        -65.16573       12.517988       12.517988
              1      -59.116522   3.1886124e-30       -65.16573        -65.16573       12.098416       12.098416
              4      -59.052109   3.0850569e-30       -65.16573        -65.16573       12.227242       12.227242
              2       -59.21347   4.3617764e-30       -65.16573        -65.16573        11.90452        11.90452
              2      -59.140682   3.2317523e-30       -65.16573        -65.16573       12.050096       12.050096
              3      -59.058908   3.0953361e-30       -65.16573        -65.16573       12.213644       12.213644
              4      -58.892747   2.8739655e-30       -65.16573        -65.16573       12.545965       12.545965
              1      -59.305416   4.0188153e-30       -65.16573        -65.16573       11.720627       11.720627
              1      -58.817315   2.7882786e-30       -65.16573        -65.16573       12.696829       12.696829
              1      -58.821972   2.7933711e-30       -65.16573        -65.16573       12.687516       12.687516
              2      -59.003734   3.0154684e-30       -65.16573        -65.16573       12.323992       12.323992
              1      -59.138884   3.2284433e-30       -65.16573        -65.16573       12.053691       12.053691
              1      -58.628376   2.5986967e-30       -65.16573        -65.16573       13.074708       13.074708
              1      -59.285319   3.6106339e-30       -65.16573        -65.16573       11.760822       11.760822
              4      -59.291656   3.6409788e-30       -65.16573        -65.16573       11.748147       11.748147
              1      -58.981481    4.760709e-30       -65.16573        -65.16573       12.368498       12.368498
              1      -58.572342   5.1983196e-30       -65.16573        -65.16573       13.186775       13.186775
              1       -58.52631   2.5071876e-30       -65.16573        -65.16573       13.278841       13.278841
              2      -58.847835   2.8221057e-30       -65.16573        -65.16573       12.635789       12.635789
              1      -59.303313   3.7110026e-30       -65.16573        -65.16573       11.724835       11.724835
              2      -59.287465    4.125493e-30       -65.16573        -65.16573       11.756529       11.756529
              1      -59.146548   4.5033237e-30       -65.16573        -65.16573       12.038364       12.038364
              2      -59.190149   3.3306837e-30       -65.16573        -65.16573       11.951162       11.951162
              2      -57.608042   1.8632687e-30       -65.16573        -65.16573       15.115376       15.115376
              1      -59.149197   3.2476668e-30       -65.16573        -65.16573       12.033065       12.033065
              5      -59.182819   4.4310788e-30       -65.16573        -65.16573       11.965821       11.965821
              2      -59.313364   3.9225013e-30       -65.16573        -65.16573       11.704732       11.704732
              1      -59.262263   4.2242931e-30       -65.16573        -65.16573       11.806934       11.806934
              3      -59.207922   3.3709674e-30       -65.16573        -65.16573       11.915615       11.915615
              4      -58.910082    2.894717e-30       -65.16573        -65.16573       12.511295       12.511295
              1      -57.870799   2.0244699e-30       -65.16573        -65.16573       14.589862       14.589862
              2      -58.741579   5.0374241e-30       -65.16573        -65.16573       12.848302       12.848302
              1      -57.037113   1.5512698e-30       -65.16573        -65.16573       16.257233       16.257233
              1      -59.310489   3.7767935e-30       -65.16573        -65.16573       11.710481       11.710481
              2      -58.775942   2.7440393e-30       -65.16573        -65.16573       12.779575       12.779575
              1      -58.310461   2.3314534e-30       -65.16573        -65.16573       13.710538       13.710538
              1      -58.187561   2.2398208e-30       -65.16573        -65.16573       13.956337       13.956337
              2      -58.720531   2.6873723e-30       -65.16573        -65.16573       12.890397       12.890397
              1      -59.232305   4.3138156e-30       -65.16573        -65.16573        11.86685        11.86685
              2      -58.279147   2.3075965e-30       -65.16573        -65.16573       13.773166       13.773166
              1      -57.772978   1.9628668e-30       -65.16573        -65.16573       14.785503       14.785503
              3        -59.2947   3.6570627e-30       -65.16573        -65.16573       11.742059       11.742059
              1      -58.071983   5.5878875e-30       -65.16573        -65.16573       14.187493       14.187493
              1      -59.204119   4.3839156e-30       -65.16573        -65.16573       11.923221       11.923221
              2      -59.208212   4.3743455e-30       -65.16573        -65.16573       11.915036       11.915036
              2       -59.24254   3.4605746e-30       -65.16573        -65.16573       11.846379       11.846379
              3      -58.455928   5.2984925e-30       -65.16573        -65.16573       13.419604       13.419604
              1      -59.312552   3.9391297e-30       -65.16573        -65.16573       11.706356       11.706356
              2      -59.312085   3.9470092e-30       -65.16573        -65.16573        11.70729        11.70729
              1      -59.106291    3.171144e-30       -65.16573        -65.16573       12.118877       12.118877
              2      -59.282909   3.5999792e-30       -65.16573        -65.16573       11.765642       11.765642
              3      -59.311776   3.7941994e-30       -65.16573        -65.16573       11.707908       11.707908
              1      -58.680802   2.6483558e-30       -65.16573        -65.16573       12.969856       12.969856
              4      -59.230618   4.3183206e-30       -65.16573        -65.16573       11.870223       11.870223
              1      -58.400931   2.4025508e-30       -65.16573        -65.16573       13.529599       13.529599
              1      -58.112772   2.1864938e-30       -65.16573        -65.16573       14.105915       14.105915
              1      -57.506709   1.8044547e-30       -65.16573        -65.16573       15.318042       15.318042
              1      -58.764773   2.7323905e-30       -65.16573        -65.16573       12.801913       12.801913
              1       -58.83914    2.812358e-30       -65.16573        -65.16573        12.65318        12.65318
              1      -58.461948   2.4525108e-30       -65.16573        -65.16573       13.407563       13.407563
              2      -59.148939   3.2471774e-30       -65.16573        -65.16573       12.033582       12.033582
              1      -59.184212   3.3178777e-30       -65.16573        -65.16573       11.963036       11.963036
              1      -59.264825   4.2155535e-30       -65.16573        -65.16573        11.80181        11.80181
              1      -59.313507   3.8270366e-30       -65.16573        -65.16573       11.704446       11.704446
              2      -58.239467   5.4681171e-30       -65.16573        -65.16573       13.852525       13.852525
              1      -59.270634   4.1948586e-30       -65.16573        -65.16573       11.790192       11.790192
              1      -59.076851   4.6228558e-30       -65.16573        -65.16573       12.177759       12.177759
              1      -58.984627   4.7565047e-30       -65.16573        -65.16573       12.362206       12.362206
              1      -57.942303   2.0708319e-30       -65.16573        -65.16573       14.446853       14.446853
              1      -57.127478   1.5978002e-30       -65.16573        -65.16573       16.076504       16.076504
              1      -56.139621   1.1316806e-30       -65.16573        -65.16573       18.052219       18.052219
              1      -57.416179   1.7532905e-30       -65.16573        -65.16573       15.499102       15.499102
              1       -59.28086    4.154758e-30       -65.16573        -65.16573        11.76974        11.76974
              3      -59.118173   4.5545211e-30       -65.16573        -65.16573       12.095113       12.095113
              2      -58.939434   2.9308952e-30       -65.16573        -65.16573       12.452592       12.452592
              4      -59.131644   3.2152841e-30       -65.16573        -65.16573       12.068171       12.068171
              6      -59.111013   3.1791524e-30       -65.16573        -65.16573       12.109433       12.109433
              4      -59.313874   3.9082605e-30       -65.16573        -65.16573       11.703712       11.703712
              1      -58.778304   2.7465183e-30       -65.16573        -65.16573       12.774851       12.774851
              2       -59.15207   3.2531283e-30       -65.16573        -65.16573       12.027319       12.027319
              7      -59.024936   3.0452476e-30       -65.16573        -65.16573       12.281588       12.281588
              1      -58.295681   5.4258485e-30       -65.16573        -65.16573       13.740098       13.740098
              1      -58.920593   4.8384798e-30       -65.16573        -65.16573       12.490274       12.490274
              1      -57.953527   5.6677785e-30       -65.16573        -65.16573       14.424406       14.424406
              1      -57.706179   5.8240791e-30       -65.16573        -65.16573       14.919101       14.919101
              3      -57.103504   6.1606326e-30       -65.16573        -65.16573       16.124451       16.124451
              1      -58.568185   5.2020266e-30       -65.16573        -65.16573       13.195089       13.195089
              1      -59.042935    3.071396e-30       -65.16573        -65.16573       12.245589       12.245589
              1      -58.803086   4.9731337e-30       -65.16573        -65.16573       12.725288       12.725288
              1      -59.290753   4.1095785e-30       -65.16573        -65.16573       11.749953       11.749953
              1      -58.840372   4.9322615e-30       -65.16573        -65.16573       12.650715       12.650715
              1      -59.179966   3.3088985e-30       -65.16573        -65.16573       11.971527       11.971527
              3      -59.206644   3.3679622e-30       -65.16573        -65.16573       11.918172       11.918172
              4      -58.013772   5.6276016e-30       -65.16573        -65.16573       14.303916       14.303916
              2       -59.24559   4.2765751e-30       -65.16573        -65.16573        11.84028        11.84028
              7      -59.181123   3.3113308e-30       -65.16573        -65.16573       11.969214       11.969214
              1      -56.649736   1.3615523e-30       -65.16573        -65.16573       17.031989       17.031989
              3       -59.31432   3.8592745e-30       -65.16573        -65.16573        11.70282        11.70282
              3      -58.969394   4.7766791e-30       -65.16573        -65.16573       12.392671       12.392671
              2      -58.712908   2.6797872e-30       -65.16573        -65.16573       12.905643       12.905643
              2       -59.22664   3.4172258e-30       -65.16573        -65.16573       11.878179       11.878179
              1      -59.203869   4.3844948e-30       -65.16573        -65.16573       11.923721       11.923721
              1      -58.321227   2.3397416e-30       -65.16573        -65.16573       13.689005       13.689005
              2      -58.077083   5.5843641e-30       -65.16573        -65.16573       14.177293       14.177293
              3      -57.119696   6.1522403e-30       -65.16573        -65.16573       16.092067       16.092067
              2      -59.314032   3.9024883e-30       -65.16573        -65.16573       11.703396       11.703396
              1      -59.203818   3.3613823e-30       -65.16573        -65.16573       11.923824       11.923824
              3      -57.428363   5.9858916e-30       -65.16573        -65.16573       15.474734       15.474734
              2      -58.413795   5.3330542e-30       -65.16573        -65.16573       13.503869       13.503869
              4      -59.272385   3.5576425e-30       -65.16573        -65.16573        11.78669        11.78669
              4       -59.11701   4.5565393e-30       -65.16573        -65.16573        12.09744        12.09744
              2      -59.296343   3.6662629e-30       -65.16573        -65.16573       11.738773       11.738773
              3      -59.017396   3.0345364e-30       -65.16573        -65.16573       12.296668       12.296668
              1      -59.163337   4.4709685e-30       -65.16573        -65.16573       12.004785       12.004785
              2      -58.730974    5.048153e-30       -65.16573        -65.16573       12.869511       12.869511
              1      -59.175995   4.4453686e-30       -65.16573        -65.16573        11.97947        11.97947
              1       -58.52641   5.2387215e-30       -65.16573        -65.16573        13.27864        13.27864
              2      -57.814879   5.7569888e-30       -65.16573        -65.16573       14.701702       14.701702
