#        weight    minuslogpost              A2   minuslogprior minuslogprior__0            chi2   chi2__loglike
              1      -59.547863   1.3993344e-30       -65.16573        -65.16573       11.235734       11.235734
              1      -59.839769    1.561361e-30       -65.16573        -65.16573       10.651922       10.651922
              1      -60.001246   2.2436738e-30       -65.16573        -65.16573       10.328968       10.328968
              1      -59.642372   2.4864844e-30       -65.16573        -65.16573       11.046715       11.046715
              2      -59.880128   2.3435219e-30       -65.16573        -65.16573       10.571204       10.571204
              1      -60.035158   1.7242765e-30       -65.16573        -65.16573       10.261143       10.261143
              4      -60.100582   1.8136959e-30       -65.16573        -65.16573       10.130296       10.130296
              3      -60.139583    1.918779e-30       -65.16573        -65.16573       10.052294       10.052294
              1      -60.143543   1.9550733e-30       -65.16573        -65.16573       10.044373       10.044373
              1      -59.903232   1.6061054e-30       -65.16573        -65.16573       10.524996       10.524996
              1      -59.882562    1.590946e-30       -65.16573        -65.16573       10.566336       10.566336
              3        -59.9607   1.6520715e-30       -65.16573        -65.16573       10.410059       10.410059
              1      -59.588371   1.4189458e-30       -65.16573        -65.16573       11.154718       11.154718
              1      -59.729816   2.4389595e-30       -65.16573        -65.16573       10.871828       10.871828
              2      -59.583771   2.5160392e-30       -65.16573        -65.16573       11.163918       11.163918
              1       -59.69667   2.4575157e-30       -65.16573        -65.16573        10.93812        10.93812
              1      -59.750591   1.5057746e-30       -65.16573        -65.16573       10.830278       10.830278
              1      -60.053632   1.7458215e-30       -65.16573        -65.16573       10.224195       10.224195
              1      -60.132029   2.0459844e-30       -65.16573        -65.16573       10.067402       10.067402
              1      -58.549929   1.0390306e-30       -65.16573        -65.16573       13.231601       13.231601
              2       -60.12774   1.8733367e-30       -65.16573        -65.16573       10.075979       10.075979
              4      -59.062081   1.2024131e-30       -65.16573        -65.16573       12.207297       12.207297
              1        -60.1309   1.8830022e-30       -65.16573        -65.16573       10.069659       10.069659
              1      -59.751179   2.4266031e-30       -65.16573        -65.16573       10.829101       10.829101
              1      -59.248672   2.6613033e-30       -65.16573        -65.16573       11.834116       11.834116
              1      -59.338801   2.6253882e-30       -65.16573        -65.16573       11.653858       11.653858
              1      -59.325808   2.6306855e-30       -65.16573        -65.16573       11.679844       11.679844
              1      -60.125046   2.0668954e-30       -65.16573        -65.16573       10.081367       10.081367
              1      -60.071813   1.7693118e-30       -65.16573        -65.16573       10.187834       10.187834
              1      -60.143394   1.9519492e-30       -65.16573        -65.16573       10.044671       10.044671
              1      -59.854481   1.5712824e-30       -65.16573        -65.16573       10.622497       10.622497
              2      -59.121152   2.7091574e-30       -65.16573        -65.16573       12.089156       12.089156
              1      -59.477878   2.5657602e-30       -65.16573        -65.16573       11.375704       11.375704
              1      -59.422091   2.5903628e-30       -65.16573        -65.16573       11.487277       11.487277
              1      -60.068008   2.1685535e-30       -65.16573        -65.16573       10.195444       10.195444
              2      -59.888721   2.3373242e-30       -65.16573        -65.16573       10.554017       10.554017
              4      -59.532515   2.5406437e-30       -65.16573        -65.16573        11.26643        11.26643
              2      -60.109574    1.830512e-30       -65.16573        -65.16573       10.112311       10.112311
              1      -60.110243   1.8318463e-30       -65.16573        -65.16573       10.110974       10.110974
              3       -59.97036    2.272247e-30       -65.16573        -65.16573       10.390739       10.390739
              1      -60.130819   1.8827381e-30       -65.16573        -65.16573       10.069823       10.069823
              1       -59.69133   1.4722828e-30       -65.16573        -65.16573         10.9488         10.9488
              3      -59.914374   1.6145478e-30       -65.16573        -65.16573       10.502711       10.502711
              1      -60.120598   2.0781959e-30       -65.16573        -65.16573       10.090263       10.090263
              1      -58.894126   2.7874796e-30       -65.16573        -65.16573       12.543208       12.543208
              1      -58.783648   2.8230071e-30       -65.16573        -65.16573       12.764163       12.764163
              2      -60.131405   1.8846504e-30       -65.16573        -65.16573       10.068651       10.068651
              2      -60.061285   1.7553903e-30       -65.16573        -65.16573        10.20889        10.20889
              1      -60.143647   1.9579195e-30       -65.16573        -65.16573       10.044165       10.044165
              4      -60.010255   2.2347669e-30       -65.16573        -65.16573        10.31095        10.31095
              3      -59.448018   2.5790517e-30       -65.16573        -65.16573       11.435423       11.435423
              2      -60.064769   1.7598931e-30       -65.16573        -65.16573       10.201922       10.201922
              1      -59.437875   1.3492212e-30       -65.16573        -65.16573       11.455709       11.455709
              2      -60.142264   1.9377641e-30       -65.16573        -65.16573       10.046932       10.046932
              4      -59.631793     1.44078e-30       -65.16573        -65.16573       11.067873       11.067873
              1      -60.143418   1.9523923e-30       -65.16573        -65.16573       10.044624       10.044624
              3      -59.959289   2.2818601e-30       -65.16573        -65.16573       10.412881       10.412881
              3      -59.035879    2.739507e-30       -65.16573        -65.16573       12.259702       12.259702
              3      -58.551817   2.8931427e-30       -65.16573        -65.16573       13.227825       13.227825
              1       -60.05771   2.1818551e-30       -65.16573        -65.16573       10.216039       10.216039
              1      -58.132628    3.008039e-30       -65.16573        -65.16573       14.066205       14.066205
              2      -56.788411   3.3118531e-30       -65.16573        -65.16573       16.754638       16.754638
              1      -59.439712   2.5826982e-30       -65.16573        -65.16573       11.452036       11.452036
              2      -59.625762   2.4950296e-30       -65.16573        -65.16573       11.079937       11.079937
              1      -59.085323    2.722058e-30       -65.16573        -65.16573       12.160814       12.160814
              2      -58.888264   1.1433194e-30       -65.16573        -65.16573       12.554932       12.554932
              2      -59.110624   1.2197514e-30       -65.16573        -65.16573       12.110212       12.110212
              2      -58.509042   1.0272114e-30       -65.16573        -65.16573       13.313376       13.313376
              1      -59.641198   2.4870932e-30       -65.16573        -65.16573       11.049064       11.049064
              2      -59.897132   2.3311566e-30       -65.16573        -65.16573       10.537196       10.537196
              2      -58.065845   3.0251928e-30       -65.16573        -65.16573        14.19977        14.19977
              6      -59.416998   2.5925611e-30       -65.16573        -65.16573       11.497464       11.497464
              1      -58.988483   2.7558715e-30       -65.16573        -65.16573       12.354495       12.354495
              1      -59.730986    2.438291e-30       -65.16573        -65.16573       10.869488       10.869488
              1      -59.727647    2.440196e-30       -65.16573        -65.16573       10.876166       10.876166
              2      -59.966683   1.6572495e-30       -65.16573        -65.16573       10.398094       10.398094
              1      -59.986553    2.257616e-30       -65.16573        -65.16573       10.358353       10.358353
              2      -59.878087   2.3449785e-30       -65.16573        -65.16573       10.575285       10.575285
              1       -60.08423    1.787116e-30       -65.16573        -65.16573       10.162999       10.162999
              1       -60.02757   2.2167594e-30       -65.16573        -65.16573       10.276319       10.276319
              2      -59.752286   1.5067689e-30       -65.16573        -65.16573       10.826887       10.826887
              2      -59.479094   1.3675101e-30       -65.16573        -65.16573       11.373272       11.373272
              3      -58.918203   1.1531917e-30       -65.16573        -65.16573       12.495054       12.495054
              2      -60.061754   1.7559907e-30       -65.16573        -65.16573       10.207952       10.207952
              1      -58.378645   9.9047387e-31       -65.16573        -65.16573       13.574169       13.574169
              2       -60.00691   1.6946146e-30       -65.16573        -65.16573        10.31764        10.31764
              5      -60.032382   2.2115203e-30       -65.16573        -65.16573       10.266695       10.266695
              1      -60.127543   1.8727662e-30       -65.16573        -65.16573       10.076373       10.076373
              6      -60.098832   2.1220875e-30       -65.16573        -65.16573       10.133795       10.133795
              1      -57.949994   3.0543091e-30       -65.16573        -65.16573       14.431473       14.431473
              1      -58.878895   2.7924684e-30       -65.16573        -65.16573        12.57367        12.57367
              2      -59.867492   1.5802687e-30       -65.16573        -65.16573       10.596476       10.596476
              2      -59.986423   1.6749861e-30       -65.16573        -65.16573       10.358613       10.358613
              3      -59.856644   1.5727622e-30       -65.16573        -65.16573       10.618171       10.618171
              2      -59.350412   2.6206179e-30       -65.16573        -65.16573       11.630636       11.630636
              9      -60.104239   2.1124219e-30       -65.16573        -65.16573       10.122982       10.122982
              2      -60.140739   2.0068649e-30       -65.16573        -65.16573       10.049982       10.049982
              3      -58.947237    2.769841e-30       -65.16573        -65.16573       12.436985       12.436985
              2      -60.122262   1.8586153e-30       -65.16573        -65.16573       10.086935       10.086935
              1      -60.099277   1.8114082e-30       -65.16573        -65.16573       10.132905       10.132905
              5       -58.95217   2.7681832e-30       -65.16573        -65.16573        12.42712        12.42712
              1      -59.749131   2.4278025e-30       -65.16573        -65.16573       10.833199       10.833199
              3       -60.02685   2.2175341e-30       -65.16573        -65.16573       10.277759       10.277759
              5      -60.001465   1.6892624e-30       -65.16573        -65.16573       10.328529       10.328529
              1      -59.835098   1.5582616e-30       -65.16573        -65.16573       10.661264       10.661264
              2      -58.345765   9.8142665e-31       -65.16573        -65.16573       13.639929       13.639929
              1      -59.313764   2.6355584e-30       -65.16573        -65.16573       11.703932       11.703932
              3      -60.101911   2.1166603e-30       -65.16573        -65.16573       10.127638       10.127638
              4      -59.706821   2.4519077e-30       -65.16573        -65.16573       10.917817       10.917817
              2      -59.621787    2.497054e-30       -65.16573        -65.16573       11.087886       11.087886
              3      -60.128458     2.05728e-30       -65.16573        -65.16573       10.074543       10.074543
              2      -60.141665   2.0001395e-30       -65.16573        -65.16573        10.04813        10.04813
              7       -59.87095   1.5826926e-30       -65.16573        -65.16573       10.589559       10.589559
              1      -59.509441   2.5513824e-30       -65.16573        -65.16573       11.312578       11.312578
              2      -59.461844   2.5729334e-30       -65.16573        -65.16573       11.407771       11.407771
              1      -58.801648   1.1154026e-30       -65.16573        -65.16573       12.728165       12.728165
              6      -59.692113   1.4727107e-30       -65.16573        -65.16573       10.947233       10.947233
              1      -59.956707   1.6486623e-30       -65.16573        -65.16573       10.418046       10.418046
              2      -60.139211    1.916714e-30       -65.16573        -65.16573       10.053038       10.053038
              3      -58.961628   2.7649946e-30       -65.16573        -65.16573       12.408203       12.408203
              1      -59.263818   2.6553987e-30       -65.16573        -65.16573       11.803824       11.803824
              1      -59.754644   2.4245679e-30       -65.16573        -65.16573       10.822172       10.822172
              1      -59.348264    2.621503e-30       -65.16573        -65.16573       11.634932       11.634932
              1       -59.87611    1.586338e-30       -65.16573        -65.16573        10.57924        10.57924
              3      -59.765575   2.4180861e-30       -65.16573        -65.16573       10.800309       10.800309
              1      -59.962112    2.279437e-30       -65.16573        -65.16573       10.407235       10.407235
              4      -59.595806   2.5101006e-30       -65.16573        -65.16573       11.139848       11.139848
              2      -60.105825   2.1094629e-30       -65.16573        -65.16573       10.119811       10.119811
              3      -59.648844   1.4496059e-30       -65.16573        -65.16573       11.033771       11.033771
              1      -59.276845   1.2824434e-30       -65.16573        -65.16573       11.777769       11.777769
              2      -59.983536   1.6723255e-30       -65.16573        -65.16573       10.364387       10.364387
              2      -60.034814   1.7238927e-30       -65.16573        -65.16573       10.261832       10.261832
              1      -60.019781   1.7077075e-30       -65.16573        -65.16573       10.291898       10.291898
              1        -59.8623   1.5766582e-30       -65.16573        -65.16573       10.606859       10.606859
              1      -60.001207    1.689011e-30       -65.16573        -65.16573       10.329046       10.329046
              2      -60.103039   2.1146209e-30       -65.16573        -65.16573       10.125381       10.125381
              1      -58.059876   3.0267126e-30       -65.16573        -65.16573       14.211708       14.211708
              5      -59.844076   2.3684822e-30       -65.16573        -65.16573       10.643307       10.643307
              1      -60.110349   2.1006632e-30       -65.16573        -65.16573       10.110762       10.110762
              1      -59.981419   2.2623337e-30       -65.16573        -65.16573       10.368622       10.368622
              3      -59.907966   2.3230546e-30       -65.16573        -65.16573       10.515527       10.515527
              2      -60.113102   2.0950147e-30       -65.16573        -65.16573       10.105256       10.105256
              5      -60.095524   2.1277166e-30       -65.16573        -65.16573       10.140411       10.140411
              1      -60.096136   1.8060331e-30       -65.16573        -65.16573       10.139187       10.139187
              5      -60.063887   2.1739789e-30       -65.16573        -65.16573       10.203686       10.203686
              1      -60.040793   2.2020834e-30       -65.16573        -65.16573       10.249873       10.249873
              3      -60.139372   2.0151233e-30       -65.16573        -65.16573       10.052715       10.052715
              2      -59.917945   1.6172966e-30       -65.16573        -65.16573        10.49557        10.49557
              2      -59.385553   1.3267587e-30       -65.16573        -65.16573       11.560353       11.560353
              1      -58.446869   1.0095192e-30       -65.16573        -65.16573       13.437721       13.437721
              2       -60.14343   1.9526276e-30       -65.16573        -65.16573         10.0446         10.0446
              3      -60.057028   1.7500148e-30       -65.16573        -65.16573       10.217404       10.217404
              1      -59.931579   1.6279971e-30       -65.16573        -65.16573       10.468303       10.468303
              2      -60.142281   1.9379307e-30       -65.16573        -65.16573       10.046897       10.046897
              1      -59.852185   2.3630049e-30       -65.16573        -65.16573       10.627089       10.627089
              1      -60.065223   2.1722347e-30       -65.16573        -65.16573       10.201013       10.201013
              9      -59.060535   2.7308553e-30       -65.16573        -65.16573       12.210389       12.210389
              3      -60.141243   1.9293657e-30       -65.16573        -65.16573       10.048974       10.048974
              1      -59.613449   1.4314471e-30       -65.16573        -65.16573       11.104562       11.104562
              8      -60.115374    1.842565e-30       -65.16573        -65.16573       10.100711       10.100711
              3      -60.140185   1.9223259e-30       -65.16573        -65.16573       10.051089       10.051089
              2      -59.915265   2.3174907e-30       -65.16573        -65.16573       10.500929       10.500929
              1      -59.676609    2.468413e-30       -65.16573        -65.16573       10.978241       10.978241
              2      -59.646853   1.4485674e-30       -65.16573        -65.16573       11.037754       11.037754
              1       -59.93402    1.629949e-30       -65.16573        -65.16573        10.46342        10.46342
              1      -60.084384   1.7873479e-30       -65.16573        -65.16573       10.162691       10.162691
              1      -60.097716   1.8087139e-30       -65.16573        -65.16573       10.136027       10.136027
              4      -59.692597   2.4597475e-30       -65.16573        -65.16573       10.946266       10.946266
              6       -58.84301   1.1286179e-30       -65.16573        -65.16573       12.645439       12.645439
              2      -59.761498   1.5122081e-30       -65.16573        -65.16573       10.808463       10.808463
              3      -59.588909   2.5135118e-30       -65.16573        -65.16573       11.153642       11.153642
              1      -59.510696   1.3819196e-30       -65.16573        -65.16573       11.310067       11.310067
              1      -58.907851   2.7829578e-30       -65.16573        -65.16573       12.515757       12.515757
              1      -56.860188    3.297384e-30       -65.16573        -65.16573       16.611083       16.611083
              1      -60.086059   2.1428336e-30       -65.16573        -65.16573       10.159342       10.159342
              8      -60.134793    2.035992e-30       -65.16573        -65.16573       10.061873       10.061873
              1      -58.662467   2.8603545e-30       -65.16573        -65.16573       13.006525       13.006525
              1       -59.80014   2.3969495e-30       -65.16573        -65.16573       10.731179       10.731179
              8      -59.787673   2.4046909e-30       -65.16573        -65.16573       10.756114       10.756114
              1       -60.01054   1.6982429e-30       -65.16573        -65.16573       10.310379       10.310379
              2      -60.065594   1.7609736e-30       -65.16573        -65.16573       10.200272       10.200272
              2      -59.488924   2.5607677e-30       -65.16573        -65.16573       11.353611       11.353611
              4      -60.115747     1.84338e-30       -65.16573        -65.16573       10.099965       10.099965
              3      -59.977132   1.6665076e-30       -65.16573        -65.16573       10.377195       10.377195
              3      -60.130288    1.881044e-30       -65.16573        -65.16573       10.070883       10.070883
              1      -59.823246   2.3822215e-30       -65.16573        -65.16573       10.684967       10.684967
              1      -59.781977   1.5245401e-30       -65.16573        -65.16573       10.767506       10.767506
              2      -59.571552   1.4107192e-30       -65.16573        -65.16573       11.188355       11.188355
              3      -60.143428   1.9525891e-30       -65.16573        -65.16573       10.044604       10.044604
              2      -59.575442   1.4126109e-30       -65.16573        -65.16573       11.180576       11.180576
              4      -59.891803   1.5976462e-30       -65.16573        -65.16573       10.547854       10.547854
              3      -56.701696   3.3291283e-30       -65.16573        -65.16573       16.928067       16.928067
              1        -59.2082   2.6768404e-30       -65.16573        -65.16573        11.91506        11.91506
              1       -58.86578   2.7967401e-30       -65.16573        -65.16573         12.5999         12.5999
              1      -59.913218   1.6136627e-30       -65.16573        -65.16573       10.505023       10.505023
              2       -60.08807   1.7929902e-30       -65.16573        -65.16573       10.155321       10.155321
              1      -60.126588   1.8700532e-30       -65.16573        -65.16573       10.078283       10.078283
              1      -60.113192   2.0948245e-30       -65.16573        -65.16573       10.105075       10.105075
              1      -59.940612   1.6352775e-30       -65.16573        -65.16573       10.450236       10.450236
              1      -60.100185   1.8129972e-30       -65.16573        -65.16573       10.131089       10.131089
              3      -59.452879   1.3558152e-30       -65.16573        -65.16573       11.425701       11.425701
              1      -59.828922   1.5541994e-30       -65.16573        -65.16573       10.673616       10.673616
              1      -59.563164   1.4066613e-30       -65.16573        -65.16573       11.205132       11.205132
              2      -59.757229   1.5096791e-30       -65.16573        -65.16573       10.817002       10.817002
              1       -57.46151   3.1693515e-30       -65.16573        -65.16573       15.408439       15.408439
              2      -54.740666   3.6737522e-30       -65.16573        -65.16573       20.850128       20.850128
              1      -54.979778   3.6355448e-30       -65.16573        -65.16573       20.371903       20.371903
              3      -57.069527   3.2542569e-30       -65.16573        -65.16573       16.192405       16.192405
              2      -60.012563   2.2324369e-30       -65.16573        -65.16573       10.306334       10.306334
              1        -60.0204   2.2243692e-30       -65.16573        -65.16573       10.290661       10.290661
              6      -59.630258   1.4399925e-30       -65.16573        -65.16573       11.070944       11.070944
              1      -59.790798   2.4027632e-30       -65.16573        -65.16573       10.749863       10.749863
              1      -60.081462   1.7829962e-30       -65.16573        -65.16573       10.168536       10.168536
              1      -59.768822   2.4161433e-30       -65.16573        -65.16573       10.793816       10.793816
              1      -60.132813   2.0432803e-30       -65.16573        -65.16573       10.065833       10.065833
              1      -59.937536   2.2999421e-30       -65.16573        -65.16573       10.456388       10.456388
              2      -60.142665   1.9418363e-30       -65.16573        -65.16573       10.046131       10.046131
              1      -59.665524   2.4743347e-30       -65.16573        -65.16573       11.000412       11.000412
              1      -59.754753    1.508219e-30       -65.16573        -65.16573       10.821954       10.821954
              1      -59.080238   1.2088518e-30       -65.16573        -65.16573       12.170984       12.170984
              1      -59.985849   2.2582679e-30       -65.16573        -65.16573       10.359762       10.359762
              1      -59.591164   2.5123987e-30       -65.16573        -65.16573       11.149132       11.149132
              1      -60.108825    1.829033e-30       -65.16573        -65.16573       10.113809       10.113809
              5      -59.497328   1.3757811e-30       -65.16573        -65.16573       11.336804       11.336804
              6      -60.141015   1.9277421e-30       -65.16573        -65.16573        10.04943        10.04943
              1      -60.012159   1.6998768e-30       -65.16573        -65.16573       10.307141       10.307141
              1      -59.721668    1.489135e-30       -65.16573        -65.16573       10.888124       10.888124
              2      -60.143779   1.9665214e-30       -65.16573        -65.16573       10.043901       10.043901
              2       -59.54682   2.5338839e-30       -65.16573        -65.16573       11.237819       11.237819
              1      -60.081465   2.1497209e-30       -65.16573        -65.16573       10.168529       10.168529
              1      -56.981941   3.2724744e-30       -65.16573        -65.16573       16.367578       16.367578
              2      -60.143763   1.9693077e-30       -65.16573        -65.16573       10.043933       10.043933
              1      -58.968621    2.762629e-30       -65.16573        -65.16573       12.394217       12.394217
              1      -59.841237   2.3703821e-30       -65.16573        -65.16573       10.648985       10.648985
              2      -60.088025   2.1398013e-30       -65.16573        -65.16573       10.155409       10.155409
              1      -60.028372   2.2158937e-30       -65.16573        -65.16573       10.274715       10.274715
              1      -60.040448    2.202478e-30       -65.16573        -65.16573       10.250563       10.250563
              3      -59.854581   2.3613718e-30       -65.16573        -65.16573       10.622297       10.622297
              5      -59.570328   1.4101251e-30       -65.16573        -65.16573       11.190804       11.190804
              1      -59.640631   1.4453359e-30       -65.16573        -65.16573       11.050198       11.050198
              2      -60.067036   1.7628766e-30       -65.16573        -65.16573       10.197388       10.197388
              5      -60.143089   1.9856652e-30       -65.16573        -65.16573       10.045282       10.045282
              3      -59.852097   1.5696578e-30       -65.16573        -65.16573       10.627266       10.627266
              6      -60.142717    1.990303e-30       -65.16573        -65.16573       10.046026       10.046026
              1      -60.140143   1.9220683e-30       -65.16573        -65.16573       10.051173       10.051173
              3      -60.120841   2.0776101e-30       -65.16573        -65.16573       10.089778       10.089778
              5      -59.430728   1.3461047e-30       -65.16573        -65.16573       11.470005       11.470005
              1      -59.960926   1.6522655e-30       -65.16573        -65.16573       10.409607       10.409607
              1      -60.121677   2.0755642e-30       -65.16573        -65.16573       10.088106       10.088106
              1      -58.846662   1.1297945e-30       -65.16573        -65.16573       12.638137       12.638137
              4      -59.460571   1.3592231e-30       -65.16573        -65.16573       11.410318       11.410318
              1      -59.846794   1.5660679e-30       -65.16573        -65.16573       10.637872       10.637872
              4      -59.732971   1.4955678e-30       -65.16573        -65.16573       10.865518       10.865518
              2      -59.956164   1.6482016e-30       -65.16573        -65.16573       10.419132       10.419132
              5      -59.701277   2.4549784e-30       -65.16573        -65.16573       10.928905       10.928905
              1      -60.082377   2.1483744e-30       -65.16573        -65.16573       10.166705       10.166705
              1      -59.959431   1.6509837e-30       -65.16573        -65.16573       10.412598       10.412598
              1      -59.989205   1.6775729e-30       -65.16573        -65.16573        10.35305        10.35305
              2      -60.108212   2.1048898e-30       -65.16573        -65.16573       10.115036       10.115036
              1      -59.937318   2.3001184e-30       -65.16573        -65.16573       10.456824       10.456824
              3      -59.889055    1.595641e-30       -65.16573        -65.16573        10.55335        10.55335
              4      -56.824085   6.2804135e-31       -65.16573        -65.16573        16.68329        16.68329
              1      -57.282597   7.2389778e-31       -65.16573        -65.16573       15.766265       15.766265
              3      -58.734715    1.094442e-30       -65.16573        -65.16573        12.86203        12.86203
              1      -60.048304   1.7393972e-30       -65.16573        -65.16573       10.234852       10.234852
              2       -59.62651   2.4946477e-30       -65.16573        -65.16573        11.07844        11.07844
              1      -59.749526   1.5051516e-30       -65.16573        -65.16573       10.832407       10.832407
              4      -60.021208   1.7092006e-30       -65.16573        -65.16573       10.289043       10.289043
              1      -60.057614   1.7507474e-30       -65.16573        -65.16573       10.216231       10.216231
              8      -60.127796   2.0592253e-30       -65.16573        -65.16573       10.075868       10.075868
              2      -59.938837   2.2988886e-30       -65.16573        -65.16573       10.453787       10.453787
              2      -60.120574   1.8544681e-30       -65.16573        -65.16573       10.090311       10.090311
              2      -59.685273   1.4689865e-30       -65.16573        -65.16573       10.960915       10.960915
              2      -60.142601   1.9411486e-30       -65.16573        -65.16573       10.046257       10.046257
              2      -60.039547   2.2035057e-30       -65.16573        -65.16573       10.252366       10.252366
              1      -59.430087   2.5868964e-30       -65.16573        -65.16573       11.471285       11.471285
              1      -59.820118   2.3842457e-30       -65.16573        -65.16573       10.691223       10.691223
              1      -59.518494   2.5471928e-30       -65.16573        -65.16573       11.294472       11.294472
              4      -59.374768    2.610497e-30       -65.16573        -65.16573       11.581924       11.581924
              2      -58.336846   2.9537361e-30       -65.16573        -65.16573       13.657768       13.657768
