#        weight    minuslogpost              A2   minuslogprior minuslogprior__0            chi2   chi2__loglike
              1      -59.938828   1.6338272e-30       -65.16573        -65.16573       10.453804       10.453804
              2      -58.989299   2.7555924e-30       -65.16573        -65.16573       12.352861       12.352861
              1      -59.576976    2.519364e-30       -65.16573        -65.16573       11.177508       11.177508
              1      -60.008431   2.2365938e-30       -65.16573        -65.16573       10.314598       10.314598
              2      -59.655913   2.4794133e-30       -65.16573        -65.16573       11.019634       11.019634
              2      -59.806791   1.5399602e-30       -65.16573        -65.16573       10.717878       10.717878
              1      -59.983977   1.6727296e-30       -65.16573        -65.16573       10.363506       10.363506
              1      -60.110158   2.1010469e-30       -65.16573        -65.16573       10.111144       10.111144
              1      -60.039918   2.2030833e-30       -65.16573        -65.16573       10.251624       10.251624
              2      -59.858204   2.3588896e-30       -65.16573        -65.16573       10.615051       10.615051
              1       -60.06259   2.1756574e-30       -65.16573        -65.16573        10.20628        10.20628
              2      -59.663245   2.4755435e-30       -65.16573        -65.16573        11.00497        11.00497
              1      -59.918773   1.6179368e-30       -65.16573        -65.16573       10.493914       10.493914
              1      -60.137335   2.0253287e-30       -65.16573        -65.16573        10.05679        10.05679
              1      -60.142955   1.9452762e-30       -65.16573        -65.16573       10.045549       10.045549
              4      -59.624157   2.4958479e-30       -65.16573        -65.16573       11.083146       11.083146
              1      -59.692949   1.4731676e-30       -65.16573        -65.16573       10.945562       10.945562
              2      -58.775756   1.1072337e-30       -65.16573        -65.16573       12.779948       12.779948
              1      -58.987368   1.1764705e-30       -65.16573        -65.16573       12.356723       12.356723
              1      -60.092196   2.1331889e-30       -65.16573        -65.16573       10.147069       10.147069
              1      -59.071651    2.726923e-30       -65.16573        -65.16573       12.188159       12.188159
              1      -59.748294   2.4282913e-30       -65.16573        -65.16573       10.834872       10.834872
              1      -60.116445   2.0878034e-30       -65.16573        -65.16573       10.098571       10.098571
              2      -60.143588   1.9562082e-30       -65.16573        -65.16573       10.044283       10.044283
              1      -59.651034   1.4507505e-30       -65.16573        -65.16573       11.029391       11.029391
              2      -59.869059   1.5813655e-30       -65.16573        -65.16573       10.593341       10.593341
              1      -59.431439   2.5863086e-30       -65.16573        -65.16573       11.468582       11.468582
              1      -59.909109   2.3221892e-30       -65.16573        -65.16573       10.513241       10.513241
              1      -60.070121   2.1657138e-30       -65.16573        -65.16573       10.191217       10.191217
              1      -60.107131   1.8257439e-30       -65.16573        -65.16573       10.117198       10.117198
              1      -60.122153   1.8583412e-30       -65.16573        -65.16573       10.087154       10.087154
              1      -60.132515   2.0443214e-30       -65.16573        -65.16573        10.06643        10.06643
              1      -60.140007   2.0114732e-30       -65.16573        -65.16573       10.051445       10.051445
              1      -59.655056   1.4528591e-30       -65.16573        -65.16573       11.021347       11.021347
              1      -57.589225   7.9236032e-31       -65.16573        -65.16573       15.153009       15.153009
              1      -57.096186   6.8406203e-31       -65.16573        -65.16573       16.139087       16.139087
              1      -59.250318   1.2720589e-30       -65.16573        -65.16573       11.830823       11.830823
              1      -59.421239   1.3419914e-30       -65.16573        -65.16573       11.488982       11.488982
              1      -59.998394   2.2464345e-30       -65.16573        -65.16573       10.334672       10.334672
              1      -59.882729   1.5910662e-30       -65.16573        -65.16573       10.566001       10.566001
              1      -57.927186   8.7277291e-31       -65.16573        -65.16573       14.477087       14.477087
              1      -60.018104    1.705964e-30       -65.16573        -65.16573       10.295252       10.295252
              2       -60.13316   1.8906677e-30       -65.16573        -65.16573        10.06514        10.06514
              3      -60.089757    2.137087e-30       -65.16573        -65.16573       10.151946       10.151946
              1      -60.020807   1.7087803e-30       -65.16573        -65.16573       10.289845       10.289845
              1      -59.483568   1.3695288e-30       -65.16573        -65.16573       11.364324       11.364324
              3      -59.979377   2.2641893e-30       -65.16573        -65.16573       10.372706       10.372706
              1      -60.129082   1.8773131e-30       -65.16573        -65.16573       10.073295       10.073295
              3      -60.141214   2.0035618e-30       -65.16573        -65.16573       10.049031       10.049031
              2      -59.671415   1.4615264e-30       -65.16573        -65.16573       10.988629       10.988629
              1      -59.351144   1.3124065e-30       -65.16573        -65.16573       11.629173       11.629173
              1      -59.494962   1.3747013e-30       -65.16573        -65.16573       11.341536       11.341536
              1      -59.897314   1.6017009e-30       -65.16573        -65.16573       10.536831       10.536831
              1      -57.790994   3.0930452e-30       -65.16573        -65.16573       14.749471       14.749471
              4       -59.61988   1.4347002e-30       -65.16573        -65.16573         11.0917         11.0917
              4      -60.132167   2.0455139e-30       -65.16573        -65.16573       10.067125       10.067125
              1      -59.114231   2.7116668e-30       -65.16573        -65.16573       12.102998       12.102998
              1      -60.073416   2.1612035e-30       -65.16573        -65.16573       10.184627       10.184627
              1      -58.377951   9.9028207e-31       -65.16573        -65.16573       13.575557       13.575557
              2       -58.58315   1.0487456e-30       -65.16573        -65.16573       13.165161       13.165161
              3      -58.967266   1.1696348e-30       -65.16573        -65.16573       12.396927       12.396927
              1      -59.971346   2.2713763e-30       -65.16573        -65.16573       10.388767       10.388767
              2      -59.182356   1.2461361e-30       -65.16573        -65.16573       11.966749       11.966749
              1      -59.519817   1.3861448e-30       -65.16573        -65.16573       11.291826       11.291826
              1      -60.099862   1.8124293e-30       -65.16573        -65.16573       10.131736       10.131736
              5      -59.807547   2.3922841e-30       -65.16573        -65.16573       10.716366       10.716366
              2      -59.933257   1.6293379e-30       -65.16573        -65.16573       10.464946       10.464946
              2      -58.640095   1.0656427e-30       -65.16573        -65.16573       13.051269       13.051269
              2      -59.543537   2.5354428e-30       -65.16573        -65.16573       11.244387       11.244387
              1      -59.686318   2.4631689e-30       -65.16573        -65.16573       10.958824       10.958824
              3      -60.117952   2.0844065e-30       -65.16573        -65.16573       10.095555       10.095555
              1      -60.129079   2.0554182e-30       -65.16573        -65.16573       10.073301       10.073301
              7      -59.884153   2.3406317e-30       -65.16573        -65.16573       10.563154       10.563154
              2      -59.300477   2.6408934e-30       -65.16573        -65.16573       11.730506       11.730506
              1      -59.768327   1.5162829e-30       -65.16573        -65.16573       10.794805       10.794805
              1       -59.91798   2.3153993e-30       -65.16573        -65.16573       10.495501       10.495501
              1      -60.067793   2.1688397e-30       -65.16573        -65.16573       10.195873       10.195873
              2      -59.879363   1.5886541e-30       -65.16573        -65.16573       10.572734       10.572734
              1      -59.875396   2.3468915e-30       -65.16573        -65.16573       10.580668       10.580668
              2      -60.117619   2.0851661e-30       -65.16573        -65.16573       10.096222       10.096222
              2      -60.106279   2.1086027e-30       -65.16573        -65.16573       10.118901       10.118901
              2      -59.837511   1.5598598e-30       -65.16573        -65.16573       10.656438       10.656438
              2      -60.016817   2.2280887e-30       -65.16573        -65.16573       10.297826       10.297826
              1      -59.486728   2.5617638e-30       -65.16573        -65.16573       11.358004       11.358004
              3      -60.036128   1.7253594e-30       -65.16573        -65.16573       10.259204       10.259204
              2       -59.93673   1.6321293e-30       -65.16573        -65.16573          10.458          10.458
              2      -60.029733   2.2144187e-30       -65.16573        -65.16573       10.271994       10.271994
              2      -60.130088   1.8804139e-30       -65.16573        -65.16573       10.071283       10.071283
              1      -60.047063   2.1947953e-30       -65.16573        -65.16573       10.237333       10.237333
              1      -59.320653   1.2999471e-30       -65.16573        -65.16573       11.690154       11.690154
              2      -59.003452    1.181983e-30       -65.16573        -65.16573       12.324555       12.324555
              1      -60.105419   1.8224973e-30       -65.16573        -65.16573       10.120622       10.120622
              1      -60.143771   1.9642846e-30       -65.16573        -65.16573       10.043917       10.043917
              1      -59.874824   2.3472967e-30       -65.16573        -65.16573       10.581812       10.581812
              2      -55.577861     3.96812e-31       -65.16573        -65.16573       19.175737       19.175737
              1       -56.67053   3.3352839e-30       -65.16573        -65.16573         16.9904         16.9904
              2      -57.044426    3.259504e-30       -65.16573        -65.16573       16.242607       16.242607
              6      -58.951423   2.7684345e-30       -65.16573        -65.16573       12.428614       12.428614
              3      -59.962152   1.6533198e-30       -65.16573        -65.16573       10.407156       10.407156
              1      -58.493366   2.9100034e-30       -65.16573        -65.16573       13.344728       13.344728
              1      -58.210209   2.9877496e-30       -65.16573        -65.16573       13.911041       13.911041
              1      -60.079665    2.152351e-30       -65.16573        -65.16573        10.17213        10.17213
              3      -60.131352   2.0482467e-30       -65.16573        -65.16573       10.068756       10.068756
              3      -60.047697   1.7386775e-30       -65.16573        -65.16573       10.236065       10.236065
              1      -60.133872   2.0394736e-30       -65.16573        -65.16573       10.063716       10.063716
              1      -60.143741   1.9617932e-30       -65.16573        -65.16573       10.043978       10.043978
              2      -59.767697   1.5159051e-30       -65.16573        -65.16573       10.796066       10.796066
              9      -59.628393   2.4936852e-30       -65.16573        -65.16573       11.074674       11.074674
              5      -59.831294   2.3769678e-30       -65.16573        -65.16573       10.668872       10.668872
              1       -59.20969   2.6762742e-30       -65.16573        -65.16573       11.912079       11.912079
              2      -60.140643   1.9252237e-30       -65.16573        -65.16573       10.050174       10.050174
              1      -59.529512     1.39067e-30       -65.16573        -65.16573       11.272436       11.272436
              1      -60.018753    1.706638e-30       -65.16573        -65.16573       10.293953       10.293953
              1      -59.563744   1.4069413e-30       -65.16573        -65.16573       11.203971       11.203971
             10      -59.529322   1.3905811e-30       -65.16573        -65.16573       11.272815       11.272815
              2      -60.098794    2.122154e-30       -65.16573        -65.16573       10.133872       10.133872
              5      -59.552167   1.4013859e-30       -65.16573        -65.16573       11.227126       11.227126
              4      -59.904544   2.3256333e-30       -65.16573        -65.16573       10.522371       10.522371
              2      -59.313275   1.2969674e-30       -65.16573        -65.16573       11.704909       11.704909
              3      -60.038296   2.2049238e-30       -65.16573        -65.16573       10.254867       10.254867
              1      -60.136431   1.9033957e-30       -65.16573        -65.16573       10.058597       10.058597
              1      -60.021706   1.7097232e-30       -65.16573        -65.16573       10.288047       10.288047
              1      -59.754196   1.5078914e-30       -65.16573        -65.16573       10.823067       10.823067
              1      -59.943993   1.6380443e-30       -65.16573        -65.16573       10.443473       10.443473
              2      -59.851939   1.5695504e-30       -65.16573        -65.16573       10.627582       10.627582
              4      -59.996138   1.6841233e-30       -65.16573        -65.16573       10.339184       10.339184
              2      -60.137876   2.0227982e-30       -65.16573        -65.16573       10.055708       10.055708
              2      -59.991371   1.6796035e-30       -65.16573        -65.16573       10.348718       10.348718
              1      -59.832206   1.5563548e-30       -65.16573        -65.16573       10.667047       10.667047
              1      -59.823272   2.3822048e-30       -65.16573        -65.16573       10.684916       10.684916
              1      -60.022116   2.2225686e-30       -65.16573        -65.16573       10.287228       10.287228
              3      -59.812098   1.5433308e-30       -65.16573        -65.16573       10.707264       10.707264
              1      -59.552352   1.4014743e-30       -65.16573        -65.16573       11.226756       11.226756
              2      -60.097197   2.1248947e-30       -65.16573        -65.16573       10.137065       10.137065
              2      -59.345302   2.6227214e-30       -65.16573        -65.16573       11.640855       11.640855
              1      -59.660923   2.4767724e-30       -65.16573        -65.16573       11.009615       11.009615
              1      -59.714371   1.4850277e-30       -65.16573        -65.16573       10.902718       10.902718
              3      -59.578018   2.5188552e-30       -65.16573        -65.16573       11.175423       11.175423
              1      -59.921824   1.6203078e-30       -65.16573        -65.16573       10.487811       10.487811
              1      -59.664186   1.4576781e-30       -65.16573        -65.16573       11.003087       11.003087
              1      -59.062819   1.2026738e-30       -65.16573        -65.16573       12.205821       12.205821
              2      -59.933229   1.6293155e-30       -65.16573        -65.16573       10.465002       10.465002
              1      -59.731222   1.4945668e-30       -65.16573        -65.16573       10.869015       10.869015
              5      -60.031949   1.7207258e-30       -65.16573        -65.16573       10.267562       10.267562
              1      -60.040459    1.730257e-30       -65.16573        -65.16573       10.250542       10.250542
              3      -59.861568   1.5761516e-30       -65.16573        -65.16573       10.608324       10.608324
              1      -59.889079    2.337064e-30       -65.16573        -65.16573       10.553302       10.553302
              1      -59.907296   1.6091619e-30       -65.16573        -65.16573       10.516867       10.516867
              1      -60.046646    2.195287e-30       -65.16573        -65.16573       10.238167       10.238167
              1      -60.065691   2.1716213e-30       -65.16573        -65.16573       10.200078       10.200078
              2      -59.729269   2.4392713e-30       -65.16573        -65.16573       10.872921       10.872921
              2      -59.712099   1.4837562e-30       -65.16573        -65.16573       10.907261       10.907261
              1      -59.960847   1.6521979e-30       -65.16573        -65.16573       10.409765       10.409765
              3      -59.187475   2.6846665e-30       -65.16573        -65.16573        11.95651        11.95651
              1      -59.788405   2.4042404e-30       -65.16573        -65.16573        10.75465        10.75465
              2      -59.356048   2.6182897e-30       -65.16573        -65.16573       11.619363       11.619363
              1       -60.10934   2.1026738e-30       -65.16573        -65.16573       10.112779       10.112779
              1        -60.1327   1.8890451e-30       -65.16573        -65.16573        10.06606        10.06606
              3      -59.100486   1.2160971e-30       -65.16573        -65.16573       12.130489       12.130489
              1      -59.678935   1.4655607e-30       -65.16573        -65.16573        10.97359        10.97359
              1      -60.123654   1.8621586e-30       -65.16573        -65.16573       10.084151       10.084151
              2      -59.972216   2.2706058e-30       -65.16573        -65.16573       10.387027       10.387027
              1      -59.373694   2.6109466e-30       -65.16573        -65.16573       11.584072       11.584072
              6      -60.000251   1.6880827e-30       -65.16573        -65.16573       10.330958       10.330958
              1      -59.566672   2.5243678e-30       -65.16573        -65.16573       11.198115       11.198115
              1      -60.104752   2.1114713e-30       -65.16573        -65.16573       10.121956       10.121956
              1      -59.531725   2.5410144e-30       -65.16573        -65.16573       11.268009       11.268009
              3      -60.114314   2.0924469e-30       -65.16573        -65.16573       10.102831       10.102831
              1      -58.547849   1.0384258e-30       -65.16573        -65.16573       13.235761       13.235761
              1      -58.341433   9.8024072e-31       -65.16573        -65.16573       13.648594       13.648594
              3       -59.99274   1.6808945e-30       -65.16573        -65.16573       10.345979       10.345979
              5      -59.463744   2.5720879e-30       -65.16573        -65.16573       11.403971       11.403971
              5      -60.139122   2.0164908e-30       -65.16573        -65.16573       10.053216       10.053216
              1      -59.121798      1.2238e-30       -65.16573        -65.16573       12.087863       12.087863
              1      -59.252083   2.6599777e-30       -65.16573        -65.16573       11.827293       11.827293
              2      -60.037162   1.7265197e-30       -65.16573        -65.16573       10.257135       10.257135
              3      -60.143218   1.9837647e-30       -65.16573        -65.16573       10.045024       10.045024
              2      -60.131237   1.8840996e-30       -65.16573        -65.16573       10.068985       10.068985
              1      -60.113596   1.8387475e-30       -65.16573        -65.16573       10.104269       10.104269
              1      -60.091408   2.1344567e-30       -65.16573        -65.16573       10.148643       10.148643
              1      -59.941123   2.2970284e-30       -65.16573        -65.16573       10.449213       10.449213
              1      -59.268062   1.2789879e-30       -65.16573        -65.16573       11.795335       11.795335
              1       -55.53765   3.8991578e-31       -65.16573        -65.16573        19.25616        19.25616
              1      -56.809256   6.2505552e-31       -65.16573        -65.16573       16.712948       16.712948
              4      -59.483099   2.5634058e-30       -65.16573        -65.16573       11.365262       11.365262
              2      -60.130091   1.8804219e-30       -65.16573        -65.16573       10.071278       10.071278
              1      -59.607371   1.4283908e-30       -65.16573        -65.16573       11.116717       11.116717
              7       -59.80826   1.5408906e-30       -65.16573        -65.16573        10.71494        10.71494
              1      -59.904194   1.6068267e-30       -65.16573        -65.16573       10.523071       10.523071
              1        -59.6909   1.4720484e-30       -65.16573        -65.16573       10.949659       10.949659
              1      -60.128817   1.8765119e-30       -65.16573        -65.16573       10.073826       10.073826
              1       -59.82829   1.5537858e-30       -65.16573        -65.16573        10.67488        10.67488
              2      -59.401532   1.3335341e-30       -65.16573        -65.16573       11.528395       11.528395
              1      -58.028166   3.0347495e-30       -65.16573        -65.16573       14.275128       14.275128
              2       -56.43969    3.380043e-30       -65.16573        -65.16573       17.452079       17.452079
              1      -58.895051   2.7871755e-30       -65.16573        -65.16573       12.541357       12.541357
              2      -60.038775    2.204382e-30       -65.16573        -65.16573        10.25391        10.25391
              2      -58.641792   1.0661508e-30       -65.16573        -65.16573       13.047877       13.047877
              1       -60.07948   2.1526192e-30       -65.16573        -65.16573         10.1725         10.1725
              2      -58.748635   2.8339632e-30       -65.16573        -65.16573        12.83419        12.83419
              3      -60.143776   1.9676736e-30       -65.16573        -65.16573       10.043907       10.043907
              5      -59.888588   1.5953018e-30       -65.16573        -65.16573       10.554283       10.554283
              1      -59.687906   2.4623058e-30       -65.16573        -65.16573       10.955648       10.955648
              2       -59.55057   2.5320985e-30       -65.16573        -65.16573       11.230319       11.230319
              3      -59.502935   2.5543749e-30       -65.16573        -65.16573        11.32559        11.32559
              3      -59.999015    2.245836e-30       -65.16573        -65.16573        10.33343        10.33343
              3      -59.897381   1.6017505e-30       -65.16573        -65.16573       10.536697       10.536697
              1       -59.67142   1.4615288e-30       -65.16573        -65.16573        10.98862        10.98862
              1      -60.088341   1.7934125e-30       -65.16573        -65.16573       10.154778       10.154778
              1      -59.485587   2.5622806e-30       -65.16573        -65.16573       11.360286       11.360286
              1      -60.131825   2.0466715e-30       -65.16573        -65.16573       10.067809       10.067809
              2       -59.56008   1.4051772e-30       -65.16573        -65.16573       11.211299       11.211299
              5       -58.96421   1.1686007e-30       -65.16573        -65.16573       12.403039       12.403039
              1      -60.143521   1.9781675e-30       -65.16573        -65.16573       10.044418       10.044418
              1      -60.142863   1.9441286e-30       -65.16573        -65.16573       10.045733       10.045733
              1      -59.737383   2.4346201e-30       -65.16573        -65.16573       10.856694       10.856694
              7      -60.104928   1.8215799e-30       -65.16573        -65.16573       10.121603       10.121603
              2      -59.939276   2.2985316e-30       -65.16573        -65.16573       10.452907       10.452907
              1      -59.562703   2.5262835e-30       -65.16573        -65.16573       11.206054       11.206054
              3      -59.501906   2.5548464e-30       -65.16573        -65.16573       11.327647       11.327647
              3      -59.860577   2.3572558e-30       -65.16573        -65.16573       10.610306       10.610306
              2      -59.816514   1.5461565e-30       -65.16573        -65.16573       10.698432       10.698432
              1      -60.057565    1.750686e-30       -65.16573        -65.16573        10.21633        10.21633
              1      -60.117094   1.8463715e-30       -65.16573        -65.16573       10.097271       10.097271
              2      -59.896553    1.601138e-30       -65.16573        -65.16573       10.538354       10.538354
              6      -59.082401   2.7231002e-30       -65.16573        -65.16573       12.166657       12.166657
              4      -60.074642   1.7732234e-30       -65.16573        -65.16573       10.182176       10.182176
              3      -58.796539   1.1137846e-30       -65.16573        -65.16573       12.738382       12.738382
              2      -59.649409   1.4499008e-30       -65.16573        -65.16573       11.032642       11.032642
              1      -59.091667   2.7197897e-30       -65.16573        -65.16573       12.148125       12.148125
              1      -59.453121   2.5768006e-30       -65.16573        -65.16573       11.425217       11.425217
              3      -59.938172   1.6332954e-30       -65.16573        -65.16573       10.455116       10.455116
              6      -59.963832   1.6547715e-30       -65.16573        -65.16573       10.403795       10.403795
              1      -55.005561   3.6313727e-30       -65.16573        -65.16573       20.320338       20.320338
              2      -51.002328   4.1872076e-30       -65.16573        -65.16573       28.326805       28.326805
              3      -56.302799   3.4059286e-30       -65.16573        -65.16573       17.725862       17.725862
              1      -59.895538   1.6003894e-30       -65.16573        -65.16573       10.540383       10.540383
              2      -60.098679   1.8103696e-30       -65.16573        -65.16573       10.134102       10.134102
              1      -60.126718   2.0623041e-30       -65.16573        -65.16573       10.078023       10.078023
              2      -59.918863   2.3147162e-30       -65.16573        -65.16573       10.493735       10.493735
              3      -59.592354   2.5118105e-30       -65.16573        -65.16573       11.146751       11.146751
              1      -58.543855   2.8954576e-30       -65.16573        -65.16573       13.243751       13.243751
              2      -60.143208   1.9487998e-30       -65.16573        -65.16573       10.045044       10.045044
              1       -60.12415   2.0692723e-30       -65.16573        -65.16573       10.083159       10.083159
              1      -59.322575   2.6319971e-30       -65.16573        -65.16573        11.68631        11.68631
              3      -59.495609   2.5577263e-30       -65.16573        -65.16573       11.340242       11.340242
              8      -60.020915   1.7088928e-30       -65.16573        -65.16573        10.28963        10.28963
              1      -60.142222   1.9953492e-30       -65.16573        -65.16573       10.047016       10.047016
              3      -59.990965   1.6792222e-30       -65.16573        -65.16573       10.349529       10.349529
              1      -58.654042   1.0698294e-30       -65.16573        -65.16573       13.023376       13.023376
              3      -60.122845   2.0726386e-30       -65.16573        -65.16573        10.08577        10.08577
              2      -59.605252   1.4273292e-30       -65.16573        -65.16573       11.120955       11.120955
              6      -60.083004   1.7852801e-30       -65.16573        -65.16573       10.165451       10.165451
              1      -60.047992   1.7390273e-30       -65.16573        -65.16573       10.235475       10.235475
              1      -60.134166   2.0383789e-30       -65.16573        -65.16573       10.063127       10.063127
              1      -59.546485   1.3986793e-30       -65.16573        -65.16573        11.23849        11.23849
              1       -60.09297   1.8007902e-30       -65.16573        -65.16573       10.145521       10.145521
              2      -59.909022   2.3222554e-30       -65.16573        -65.16573       10.513416       10.513416
              1      -57.632905   8.0244065e-31       -65.16573        -65.16573       15.065649       15.065649
              2      -59.842692   1.5633127e-30       -65.16573        -65.16573       10.646077       10.646077
              2       -59.90672   1.6087267e-30       -65.16573        -65.16573        10.51802        10.51802
              1      -59.588283   2.5138201e-30       -65.16573        -65.16573       11.154893       11.154893
              1      -59.953411    2.286847e-30       -65.16573        -65.16573       10.424638       10.424638
              3      -59.705226   2.4527935e-30       -65.16573        -65.16573       10.921008       10.921008
              3      -59.996504   2.2482488e-30       -65.16573        -65.16573       10.338451       10.338451
              1      -60.014185   2.2307869e-30       -65.16573        -65.16573       10.303089       10.303089
              1      -59.709281   2.4505391e-30       -65.16573        -65.16573       10.912897       10.912897
              1      -60.143745   1.9620618e-30       -65.16573        -65.16573       10.043969       10.043969
              2      -58.651903   1.0691859e-30       -65.16573        -65.16573       13.027654       13.027654
              1      -58.263347   9.5910556e-31       -65.16573        -65.16573       13.804766       13.804766
              3      -58.378047   9.9030843e-31       -65.16573        -65.16573       13.575366       13.575366
              2      -59.497169   1.3757084e-30       -65.16573        -65.16573       11.337122       11.337122
              1      -59.719701   1.4880242e-30       -65.16573        -65.16573       10.892058       10.892058
              1      -59.110389    2.713056e-30       -65.16573        -65.16573       12.110681       12.110681
              3      -59.558928   1.4046235e-30       -65.16573        -65.16573       11.213604       11.213604
              1      -60.040477   1.7302772e-30       -65.16573        -65.16573       10.250506       10.250506
              2      -59.736372   1.4975209e-30       -65.16573        -65.16573       10.858715       10.858715
              1      -59.963799     2.27798e-30       -65.16573        -65.16573       10.403862       10.403862
              1      -58.808996   2.8149873e-30       -65.16573        -65.16573       12.713468       12.713468
              2      -58.284617   2.9679042e-30       -65.16573        -65.16573       13.762225       13.762225
              2      -60.124969   2.0671024e-30       -65.16573        -65.16573       10.081521       10.081521
              1      -60.095603   1.8051385e-30       -65.16573        -65.16573       10.140253       10.140253
              1      -59.944405   1.6383831e-30       -65.16573        -65.16573       10.442649       10.442649
              1       -60.05428   2.1861071e-30       -65.16573        -65.16573       10.222899       10.222899
              4      -60.094516     1.80333e-30       -65.16573        -65.16573       10.142427       10.142427
              2      -58.651709   1.0691275e-30       -65.16573        -65.16573       13.028043       13.028043
              1       -58.03609    8.999759e-31       -65.16573        -65.16573        14.25928        14.25928
              1      -59.554967   1.4027247e-30       -65.16573        -65.16573       11.221525       11.221525
              6      -59.885804   1.5932829e-30       -65.16573        -65.16573       10.559852       10.559852
              2      -60.130525   2.0509277e-30       -65.16573        -65.16573       10.070411       10.070411
              3      -59.242321   2.6637643e-30       -65.16573        -65.16573       11.846818       11.846818
              1      -58.323028   9.7521865e-31       -65.16573        -65.16573       13.685403       13.685403
              1      -59.582234     1.41593e-30       -65.16573        -65.16573       11.166991       11.166991
              3      -59.593296   2.5113445e-30       -65.16573        -65.16573       11.144868       11.144868
              1      -59.720711   2.4441284e-30       -65.16573        -65.16573       10.890038       10.890038
              1      -57.530791   3.1537138e-30       -65.16573        -65.16573       15.269878       15.269878
              2      -60.123368   1.8614189e-30       -65.16573        -65.16573       10.084724       10.084724
              3      -60.061394   2.1771926e-30       -65.16573        -65.16573       10.208671       10.208671
              2       -60.10903   2.1032877e-30       -65.16573        -65.16573         10.1134         10.1134
              2      -59.076211   2.7253036e-30       -65.16573        -65.16573       12.179038       12.179038
              9       -59.98825   1.6766823e-30       -65.16573        -65.16573        10.35496        10.35496
              3      -59.414668   2.5935638e-30       -65.16573        -65.16573       11.502123       11.502123
              1      -58.454613   1.0117049e-30       -65.16573        -65.16573       13.422234       13.422234
              3      -58.178346   9.3659176e-31       -65.16573        -65.16573       13.974767       13.974767
              1      -60.100462   1.8134848e-30       -65.16573        -65.16573       10.130535       10.130535
              1       -60.07104    2.164466e-30       -65.16573        -65.16573       10.189379       10.189379
              3      -60.133089   1.8904149e-30       -65.16573        -65.16573       10.065282       10.065282
              1      -60.118153   2.0839469e-30       -65.16573        -65.16573       10.095154       10.095154
              1      -60.113388   2.0944126e-30       -65.16573        -65.16573       10.104683       10.104683
              2      -59.709677   1.4824044e-30       -65.16573        -65.16573       10.912105       10.912105
              3      -60.084956   1.7882114e-30       -65.16573        -65.16573       10.161548       10.161548
              2      -58.179047   9.3677544e-31       -65.16573        -65.16573       13.973365       13.973365
              1      -60.137066   1.9061788e-30       -65.16573        -65.16573       10.057327       10.057327
              1      -60.076312   1.7755704e-30       -65.16573        -65.16573       10.178836       10.178836
              1       -60.13951   1.9183657e-30       -65.16573        -65.16573        10.05244        10.05244
              4      -59.793966   2.4008006e-30       -65.16573        -65.16573       10.743528       10.743528
              4      -59.827835   1.5534888e-30       -65.16573        -65.16573       10.675789       10.675789
              2      -59.903572   2.3263626e-30       -65.16573        -65.16573       10.524316       10.524316
              1      -60.133351   2.0413723e-30       -65.16573        -65.16573       10.064758       10.064758
