  0.100000000000000E+001  0.284919014103845E+002  0.107366174736745E-001  0.131046646148812E+001  0.100050033358353E-002 -0.142459507051923E+002
  0.100000000000000E+001  0.276753340773881E+002  0.788874257547972E+000  0.805399667262897E+000  0.100050033358353E-002 -0.138376670386941E+002
  0.100000000000000E+001  0.274365563079382E+002  0.210275094836854E-001  0.131025223586031E+001  0.100050033358353E-002 -0.137182781539691E+002
  0.100000000000000E+001  0.272145929183702E+002  0.125739810962127E-001  0.131043839428284E+001  0.100050033358353E-002 -0.136072964591851E+002
  0.100000000000000E+001  0.271224593683360E+002  0.456454818237918E-001  0.130917602443470E+001  0.100050033358353E-002 -0.135612296841680E+002
  0.100000000000000E+001  0.271046675755213E+002  0.629246915408599E-001  0.130794487006856E+001  0.100050033358353E-002 -0.135523337877607E+002
  0.100000000000000E+001  0.270870372410188E+002  0.620906603078566E-001  0.130801332689306E+001  0.100050033358353E-002 -0.135435186205094E+002
  0.100000000000000E+001  0.270708417026784E+002  0.657758302151499E-001  0.130770392330020E+001  0.100050033358353E-002 -0.135354208513392E+002
  0.100000000000000E+001  0.270550806339021E+002  0.740841056608880E-001  0.130694062649989E+001  0.100050033358353E-002 -0.135275403169511E+002
  0.100000000000000E+001  0.270396444049198E+002  0.779742194681429E-001  0.130655189195513E+001  0.100050033358353E-002 -0.135198222024599E+002
  0.100000000000000E+001  0.270168397971120E+002  0.876626424176607E-001  0.130549670182862E+001  0.100050033358353E-002 -0.135084198985560E+002
  0.100000000000000E+001  0.268588838596337E+002  0.127724206164752E+000  0.129980829834491E+001  0.100050033358353E-002 -0.134294419298168E+002
  0.100000000000000E+001  0.268329181644622E+002  0.185616414991006E-001  0.131031621706144E+001  0.100050033358353E-002 -0.134164590822311E+002
  0.100000000000000E+001  0.267967633560698E+002  0.141078237545917E+000  0.129743454858612E+001  0.100050033358353E-002 -0.133983816780349E+002
  0.100000000000000E+001  0.267880490014997E+002  0.142523800646190E+000  0.129716316832419E+001  0.100050033358353E-002 -0.133940245007499E+002
  0.100000000000000E+001  0.267356386010984E+002  0.151950455462519E+000  0.129532413250775E+001  0.100050033358353E-002 -0.133678193005492E+002
  0.100000000000000E+001  0.266652478715269E+002  0.164458619364423E+000  0.129269763824592E+001  0.100050033358353E-002 -0.133326239357635E+002
  0.100000000000000E+001  0.266597278448070E+002  0.165437937603813E+000  0.129248299727739E+001  0.100050033358353E-002 -0.133298639224035E+002
  0.100000000000000E+001  0.266477394465832E+002  0.167422845063047E+000  0.129204393743348E+001  0.100050033358353E-002 -0.133238697232916E+002
  0.100000000000000E+001  0.265786790927576E+002  0.178196918287221E+000  0.128956657437111E+001  0.100050033358353E-002 -0.132893395463788E+002
  0.100000000000000E+001  0.265446952129242E+002  0.183509173065355E+000  0.128828637247429E+001  0.100050033358353E-002 -0.132723476064621E+002
  0.100000000000000E+001  0.265338153102725E+002  0.185223050372138E+000  0.128786504350356E+001  0.100050033358353E-002 -0.132669076551362E+002
  0.100000000000000E+001  0.265227175312907E+002  0.186896595686106E+000  0.128744971508734E+001  0.100050033358353E-002 -0.132613587656453E+002
  0.100000000000000E+001  0.264755517103565E+002  0.779057301034284E+000  0.821647880552003E+000  0.100050033358353E-002 -0.132377758551783E+002
  0.100000000000000E+001  0.264679236248175E+002  0.194761047083884E+000  0.128544606403255E+001  0.100050033358353E-002 -0.132339618124088E+002
  0.100000000000000E+001  0.264633767883195E+002  0.195352188160826E+000  0.128529199126489E+001  0.100050033358353E-002 -0.132316883941597E+002
  0.100000000000000E+001  0.264290481741185E+002  0.199959214128121E+000  0.128407458419754E+001  0.100050033358353E-002 -0.132145240870593E+002
  0.100000000000000E+001  0.263821127822914E+002  0.206380781837953E+000  0.128232832910394E+001  0.100050033358353E-002 -0.131910563911457E+002
  0.100000000000000E+001  0.263184833582497E+002  0.214809719456100E+000  0.127994860160572E+001  0.100050033358353E-002 -0.131592416791248E+002
  0.100000000000000E+001  0.262265189636252E+002  0.226119982195787E+000  0.127659825160094E+001  0.100050033358353E-002 -0.131132594818126E+002
  0.100000000000000E+001  0.260533087930238E+002  0.246329902463542E+000  0.127015901057206E+001  0.100050033358353E-002 -0.130266543965119E+002
  0.100000000000000E+001  0.260230142207181E+002  0.249694402160575E+000  0.126903017606204E+001  0.100050033358353E-002 -0.130115071103590E+002
  0.100000000000000E+001  0.259390523275459E+002  0.258871034160785E+000  0.126586810586269E+001  0.100050033358353E-002 -0.129695261637730E+002
  0.100000000000000E+001  0.259187098575284E+002  0.161533293935519E+000  0.129333099669891E+001  0.100050033358353E-002 -0.129593549287642E+002
  0.100000000000000E+001  0.258869835537082E+002  0.264271929282327E+000  0.126394988441360E+001  0.100050033358353E-002 -0.129434917768541E+002
  0.100000000000000E+001  0.258740071767707E+002  0.265635996826466E+000  0.126345867947352E+001  0.100050033358353E-002 -0.129370035883854E+002
  0.100000000000000E+001  0.258549026743880E+002  0.267614434450680E+000  0.126274140112670E+001  0.100050033358353E-002 -0.129274513371940E+002
  0.100000000000000E+001  0.258473416523326E+002  0.268391627677544E+000  0.126245806307223E+001  0.100050033358353E-002 -0.129236708261663E+002
  0.100000000000000E+001  0.257766876584619E+002  0.275565436546659E+000  0.125980084837986E+001  0.100050033358353E-002 -0.128883438292309E+002
  0.100000000000000E+001  0.257124945678779E+002  0.771786209191118E+000  0.833350201367336E+000  0.100050033358353E-002 -0.128562472839389E+002
  0.100000000000000E+001  0.257012156580324E+002  0.283075644244510E+000  0.125693766866402E+001  0.100050033358353E-002 -0.128506078290162E+002
  0.100000000000000E+001  0.256790429060885E+002  0.771449969155400E+000  0.833884749603054E+000  0.100050033358353E-002 -0.128395214530443E+002
  0.100000000000000E+001  0.255766346731609E+002  0.294991849920794E+000  0.125222257821080E+001  0.100050033358353E-002 -0.127883173365805E+002
  0.100000000000000E+001  0.255242535819985E+002  0.299805635803076E+000  0.125025746689150E+001  0.100050033358353E-002 -0.127621267909992E+002
  0.100000000000000E+001  0.255165747302137E+002  0.300544802994163E+000  0.124995262622841E+001  0.100050033358353E-002 -0.127582873651068E+002
  0.100000000000000E+001  0.254865991734255E+002  0.303309368874396E+000  0.124880516838124E+001  0.100050033358353E-002 -0.127432995867128E+002
  0.100000000000000E+001  0.254708435086503E+002  0.304752154672207E+000  0.124820173194918E+001  0.100050033358353E-002 -0.127354217543252E+002
  0.100000000000000E+001  0.253843721466076E+002  0.312503619075114E+000  0.124490556017331E+001  0.100050033358353E-002 -0.126921860733038E+002
  0.100000000000000E+001  0.253168539476360E+002  0.318446931621385E+000  0.124231608774240E+001  0.100050033358353E-002 -0.126584269738180E+002
  0.100000000000000E+001  0.252899552908523E+002  0.320817096938132E+000  0.124126827934206E+001  0.100050033358353E-002 -0.126449776454262E+002
  0.100000000000000E+001  0.252705332174400E+002  0.322471459402210E+000  0.124053178131123E+001  0.100050033358353E-002 -0.126352666087200E+002
  0.100000000000000E+001  0.252343667547660E+002  0.766711765393256E+000  0.841356806771189E+000  0.100050033358353E-002 -0.126171833773830E+002
  0.100000000000000E+001  0.251565581369595E+002  0.332161655513977E+000  0.123613266692869E+001  0.100050033358353E-002 -0.125782790684797E+002
  0.100000000000000E+001  0.251045134612051E+002  0.336533479400758E+000  0.123410005327033E+001  0.100050033358353E-002 -0.125522567306025E+002
  0.100000000000000E+001  0.250844069884988E+002  0.338179233489992E+000  0.123332712110623E+001  0.100050033358353E-002 -0.125422034942494E+002
  0.100000000000000E+001  0.250815202155580E+002  0.338431684346026E+000  0.123320818043068E+001  0.100050033358353E-002 -0.125407601077790E+002
  0.100000000000000E+001  0.250695747856757E+002  0.339427703081219E+000  0.123273793408686E+001  0.100050033358353E-002 -0.125347873928378E+002
  0.100000000000000E+001  0.250579906213329E+002  0.764705781409542E+000  0.844486528708667E+000  0.100050033358353E-002 -0.125289953106665E+002
  0.100000000000000E+001  0.249736874124395E+002  0.347264090289657E+000  0.122898353255142E+001  0.100050033358353E-002 -0.124868437062198E+002
  0.100000000000000E+001  0.249275691168286E+002  0.350999872949517E+000  0.122715942905092E+001  0.100050033358353E-002 -0.124637845584143E+002
  0.100000000000000E+001  0.249001449779528E+002  0.353169110895009E+000  0.122609001899800E+001  0.100050033358353E-002 -0.124500724889764E+002
  0.100000000000000E+001  0.248472274789178E+002  0.357354240476219E+000  0.122400549866128E+001  0.100050033358353E-002 -0.124236137394589E+002
  0.100000000000000E+001  0.248247219368122E+002  0.359135133693398E+000  0.122310993788392E+001  0.100050033358353E-002 -0.124123609684061E+002
  0.100000000000000E+001  0.247388721283963E+002  0.365794462465100E+000  0.121971575142737E+001  0.100050033358353E-002 -0.123694360641982E+002
  0.100000000000000E+001  0.247360406921201E+002  0.760869939999505E+000  0.850416484388593E+000  0.100050033358353E-002 -0.123680203460600E+002
  0.100000000000000E+001  0.246973897689680E+002  0.369024143520569E+000  0.121804369542329E+001  0.100050033358353E-002 -0.123486948844840E+002
  0.100000000000000E+001  0.246376589275042E+002  0.373567432516107E+000  0.121566272456028E+001  0.100050033358353E-002 -0.123188294637521E+002
  0.100000000000000E+001  0.245995201963312E+002  0.376461018522602E+000  0.121412864799692E+001  0.100050033358353E-002 -0.122997600981656E+002
  0.100000000000000E+001  0.245925393533344E+002  0.377007439909275E+000  0.121383740731286E+001  0.100050033358353E-002 -0.122962696766672E+002
  0.100000000000000E+001  0.245679871455275E+002  0.378855805259486E+000  0.121284858251112E+001  0.100050033358353E-002 -0.122839935727638E+002
  0.100000000000000E+001  0.245404605350648E+002  0.380923115689206E+000  0.121173593526875E+001  0.100050033358353E-002 -0.122702302675324E+002
  0.100000000000000E+001  0.244931735528172E+002  0.384433878652603E+000  0.120983016247347E+001  0.100050033358353E-002 -0.122465867764086E+002
  0.100000000000000E+001  0.243886440277052E+002  0.756386736192217E+000  0.857257874718536E+000  0.100050033358353E-002 -0.121943220138526E+002
  0.100000000000000E+001  0.243581481580477E+002  0.394380522860987E+000  0.120431893475398E+001  0.100050033358353E-002 -0.121790740790238E+002
  0.100000000000000E+001  0.243566459086210E+002  0.394494948986780E+000  0.120425456592173E+001  0.100050033358353E-002 -0.121783229543105E+002
  0.100000000000000E+001  0.243386956143076E+002  0.395792866761176E+000  0.120352289126998E+001  0.100050033358353E-002 -0.121693478071538E+002
  0.100000000000000E+001  0.242223586442221E+002  0.404202859408394E+000  0.119871261978873E+001  0.100050033358353E-002 -0.121111793221111E+002
  0.100000000000000E+001  0.242162539709641E+002  0.404656884809123E+000  0.119844949736940E+001  0.100050033358353E-002 -0.121081269854820E+002
  0.100000000000000E+001  0.242077493464505E+002  0.405269159010259E+000  0.119809410518150E+001  0.100050033358353E-002 -0.121038746732253E+002
  0.100000000000000E+001  0.241728541106762E+002  0.407746627018588E+000  0.119664949756945E+001  0.100050033358353E-002 -0.120864270553381E+002
  0.100000000000000E+001  0.241534671276302E+002  0.409148797732733E+000  0.119582721416715E+001  0.100050033358353E-002 -0.120767335638151E+002
  0.100000000000000E+001  0.240844018235312E+002  0.414024821278795E+000  0.119294128902883E+001  0.100050033358353E-002 -0.120422009117656E+002
  0.100000000000000E+001  0.240385420082020E+002  0.417277219577884E+000  0.119099337353951E+001  0.100050033358353E-002 -0.120192710041010E+002
  0.100000000000000E+001  0.240348281108203E+002  0.417529499675824E+000  0.119084150802594E+001  0.100050033358353E-002 -0.120174140554102E+002
  0.100000000000000E+001  0.240100367179847E+002  0.751052383644210E+000  0.865275683459750E+000  0.100050033358353E-002 -0.120050183589924E+002
  0.100000000000000E+001  0.239814984443229E+002  0.421278055752361E+000  0.118857186092436E+001  0.100050033358353E-002 -0.119907492221615E+002
  0.100000000000000E+001  0.239733434051905E+002  0.421831332617037E+000  0.118823477977112E+001  0.100050033358353E-002 -0.119866717025952E+002
  0.100000000000000E+001  0.239536835092153E+002  0.423222453823556E+000  0.118738486710359E+001  0.100050033358353E-002 -0.119768417546076E+002
  0.100000000000000E+001  0.239517359760286E+002  0.423354520805553E+000  0.118730400298143E+001  0.100050033358353E-002 -0.119758679880143E+002
  0.100000000000000E+001  0.239262907713062E+002  0.425132746058207E+000  0.118621220625422E+001  0.100050033358353E-002 -0.119631453856531E+002
  0.100000000000000E+001  0.239088797813078E+002  0.426327869526873E+000  0.118547528384425E+001  0.100050033358353E-002 -0.119544398906539E+002
  0.100000000000000E+001  0.238900645467835E+002  0.427635043088406E+000  0.118466637450624E+001  0.100050033358353E-002 -0.119450322733918E+002
  0.100000000000000E+001  0.238833531741479E+002  0.428095280208854E+000  0.118438084780011E+001  0.100050033358353E-002 -0.119416765870739E+002
  0.100000000000000E+001  0.238590063461339E+002  0.748761626451378E+000  0.868678830012313E+000  0.100050033358353E-002 -0.119295031730669E+002
  0.100000000000000E+001  0.238082794509980E+002  0.747960080719396E+000  0.869864014211571E+000  0.100050033358353E-002 -0.119041397254990E+002
  0.100000000000000E+001  0.237999321264784E+002  0.433860216612588E+000  0.118077238719471E+001  0.100050033358353E-002 -0.118999660632392E+002
  0.100000000000000E+001  0.237896357862157E+002  0.747668888789148E+000  0.870293863724839E+000  0.100050033358353E-002 -0.118948178931079E+002
  0.100000000000000E+001  0.237814630206081E+002  0.435149544605853E+000  0.117995722560752E+001  0.100050033358353E-002 -0.118907315103040E+002
  0.100000000000000E+001  0.237810810637942E+002  0.435175434987654E+000  0.117994082618524E+001  0.100050033358353E-002 -0.118905405318971E+002
  0.100000000000000E+001  0.237709262384582E+002  0.435855856849665E+000  0.117950940339524E+001  0.100050033358353E-002 -0.118854631192291E+002
  0.100000000000000E+001  0.237422789188647E+002  0.437823047150775E+000  0.117825741801019E+001  0.100050033358353E-002 -0.118711394594323E+002
  0.100000000000000E+001  0.237384158761111E+002  0.438087133649715E+000  0.117808881374514E+001  0.100050033358353E-002 -0.118692079380555E+002
  0.100000000000000E+001  0.237053864673533E+002  0.440354022951199E+000  0.117663635217657E+001  0.100050033358353E-002 -0.118526932336766E+002
  0.100000000000000E+001  0.236908871800681E+002  0.441353757428546E+000  0.117599283854819E+001  0.100050033358353E-002 -0.118454435900341E+002
  0.100000000000000E+001  0.236707062163348E+002  0.442734051855842E+000  0.117510138444204E+001  0.100050033358353E-002 -0.118353531081674E+002
  0.100000000000000E+001  0.236346878652936E+002  0.445191214109668E+000  0.117350586632742E+001  0.100050033358353E-002 -0.118173439326468E+002
  0.100000000000000E+001  0.236262457285800E+002  0.445751611705938E+000  0.117314043956517E+001  0.100050033358353E-002 -0.118131228642900E+002
  0.100000000000000E+001  0.236193524194940E+002  0.744912981654509E+000  0.874343345957496E+000  0.100050033358353E-002 -0.118096762097470E+002
  0.100000000000000E+001  0.236168357879496E+002  0.446395675574020E+000  0.117271974659194E+001  0.100050033358353E-002 -0.118084178939748E+002
  0.100000000000000E+001  0.236031622950011E+002  0.447333010784084E+000  0.117210613731502E+001  0.100050033358353E-002 -0.118015811475005E+002
  0.100000000000000E+001  0.235942625716033E+002  0.447924683641863E+000  0.117171798107006E+001  0.100050033358353E-002 -0.117971312858017E+002
  0.100000000000000E+001  0.235631943940820E+002  0.450033963502914E+000  0.117032899839721E+001  0.100050033358353E-002 -0.117815971970410E+002
  0.100000000000000E+001  0.235631405852594E+002  0.450037627720821E+000  0.117032657835622E+001  0.100050033358353E-002 -0.117815702926297E+002
  0.100000000000000E+001  0.235458362789835E+002  0.451226262531008E+000  0.116954023691324E+001  0.100050033358353E-002 -0.117729181394917E+002
  0.100000000000000E+001  0.235429147512486E+002  0.451419589531898E+000  0.116941209523106E+001  0.100050033358353E-002 -0.117714573756243E+002
  0.100000000000000E+001  0.235413705709937E+002  0.451521374193439E+000  0.116934460226158E+001  0.100050033358353E-002 -0.117706852854969E+002
  0.100000000000000E+001  0.235401446861731E+002  0.451602242097528E+000  0.116929096547843E+001  0.100050033358353E-002 -0.117700723430865E+002
  0.100000000000000E+001  0.235136684928841E+002  0.453400580649352E+000  0.116809507108325E+001  0.100050033358353E-002 -0.117568342464420E+002
  0.100000000000000E+001  0.235069126918625E+002  0.453847523994541E+000  0.116779692598513E+001  0.100050033358353E-002 -0.117534563459312E+002
  0.100000000000000E+001  0.235018397337325E+002  0.454191456864731E+000  0.116756724478382E+001  0.100050033358353E-002 -0.117509198668663E+002
  0.100000000000000E+001  0.234991620223324E+002  0.454376183312677E+000  0.116744379245304E+001  0.100050033358353E-002 -0.117495810111662E+002
  0.100000000000000E+001  0.234868123931228E+002  0.455220958389624E+000  0.116687842440120E+001  0.100050033358353E-002 -0.117434061965614E+002
  0.100000000000000E+001  0.234760299489916E+002  0.455934847474338E+000  0.116639961928583E+001  0.100050033358353E-002 -0.117380149744958E+002
  0.100000000000000E+001  0.234732709841554E+002  0.456121807570422E+000  0.116627406873110E+001  0.100050033358353E-002 -0.117366354920777E+002
  0.100000000000000E+001  0.234645257846679E+002  0.456725345559548E+000  0.116586832716576E+001  0.100050033358353E-002 -0.117322628923340E+002
  0.100000000000000E+001  0.234470871993011E+002  0.457889522011624E+000  0.116508376816979E+001  0.100050033358353E-002 -0.117235435996506E+002
  0.100000000000000E+001  0.234446919648873E+002  0.741904932061919E+000  0.878725077814447E+000  0.100050033358353E-002 -0.117223459824436E+002
  0.100000000000000E+001  0.234114780715403E+002  0.460293979610717E+000  0.116345535368666E+001  0.100050033358353E-002 -0.117057390357701E+002
  0.100000000000000E+001  0.233881047744493E+002  0.461866155366206E+000  0.116238474818322E+001  0.100050033358353E-002 -0.116940523872247E+002
  0.100000000000000E+001  0.233716030042055E+002  0.740605240449347E+000  0.880606092942451E+000  0.100050033358353E-002 -0.116858015021028E+002
  0.100000000000000E+001  0.233626732390842E+002  0.463583295683765E+000  0.116121012121921E+001  0.100050033358353E-002 -0.116813366195421E+002
  0.100000000000000E+001  0.233600809400834E+002  0.463754220407533E+000  0.116109289474103E+001  0.100050033358353E-002 -0.116800404700417E+002
  0.100000000000000E+001  0.233586916530076E+002  0.463846481559666E+000  0.116102959576204E+001  0.100050033358353E-002 -0.116793458265038E+002
  0.100000000000000E+001  0.233363571795201E+002  0.465359179413078E+000  0.115998946673217E+001  0.100050033358353E-002 -0.116681785897600E+002
  0.100000000000000E+001  0.233287932263268E+002  0.465857550512507E+000  0.115964584090668E+001  0.100050033358353E-002 -0.116643966131634E+002
  0.100000000000000E+001  0.233204621653547E+002  0.466422764576318E+000  0.115925555840640E+001  0.100050033358353E-002 -0.116602310826774E+002
  0.100000000000000E+001  0.233122984474499E+002  0.739519538356995E+000  0.882171810038141E+000  0.100050033358353E-002 -0.116561492237250E+002
  0.100000000000000E+001  0.232993608630716E+002  0.467836199898407E+000  0.115827692672548E+001  0.100050033358353E-002 -0.116496804315358E+002
  0.100000000000000E+001  0.232970718198258E+002  0.467989210902583E+000  0.115817075793007E+001  0.100050033358353E-002 -0.116485359099129E+002
  0.100000000000000E+001  0.232923499394518E+002  0.468309759094141E+000  0.115794819701245E+001  0.100050033358353E-002 -0.116461749697259E+002
  0.100000000000000E+001  0.232589417634501E+002  0.470559038838086E+000  0.115638099445253E+001  0.100050033358353E-002 -0.116294708817250E+002
  0.100000000000000E+001  0.232412609923562E+002  0.471739742938698E+000  0.115555446966681E+001  0.100050033358353E-002 -0.116206304961781E+002
  0.100000000000000E+001  0.232409102245866E+002  0.738171601853773E+000  0.884108657082198E+000  0.100050033358353E-002 -0.116204551122933E+002
  0.100000000000000E+001  0.232278801683038E+002  0.472646171334115E+000  0.115491813722317E+001  0.100050033358353E-002 -0.116139400841519E+002
  0.100000000000000E+001  0.232206370166509E+002  0.473135966828967E+000  0.115457363552912E+001  0.100050033358353E-002 -0.116103185083255E+002
  0.100000000000000E+001  0.231804902310340E+002  0.475817385879844E+000  0.115267947753209E+001  0.100050033358353E-002 -0.115902451155170E+002
  0.100000000000000E+001  0.231632412912757E+002  0.736684771200905E+000  0.886236087069805E+000  0.100050033358353E-002 -0.115816206456379E+002
  0.100000000000000E+001  0.231250939019893E+002  0.479539270329645E+000  0.115002736678642E+001  0.100050033358353E-002 -0.115625469509946E+002
  0.100000000000000E+001  0.231156162083252E+002  0.480170573250596E+000  0.114957485810532E+001  0.100050033358353E-002 -0.115578081041626E+002
  0.100000000000000E+001  0.231139331976937E+002  0.480285043473521E+000  0.114949272467176E+001  0.100050033358353E-002 -0.115569665988468E+002
  0.100000000000000E+001  0.231050514971399E+002  0.480891496347410E+000  0.114905716448681E+001  0.100050033358353E-002 -0.115525257485699E+002
  0.100000000000000E+001  0.230820157566615E+002  0.482429665442163E+000  0.114794922799846E+001  0.100050033358353E-002 -0.115410078783308E+002
  0.100000000000000E+001  0.230814373655164E+002  0.482469265110541E+000  0.114792064367007E+001  0.100050033358353E-002 -0.115407186827582E+002
  0.100000000000000E+001  0.230666324663085E+002  0.734756168899655E+000  0.888981677598955E+000  0.100050033358353E-002 -0.115333162331543E+002
  0.100000000000000E+001  0.230651991913581E+002  0.734726578766399E+000  0.889023680591627E+000  0.100050033358353E-002 -0.115325995956791E+002
  0.100000000000000E+001  0.230603169648408E+002  0.483881627856237E+000  0.114689915299723E+001  0.100050033358353E-002 -0.115301584824204E+002
  0.100000000000000E+001  0.230378281707808E+002  0.734156535732628E+000  0.889832135906313E+000  0.100050033358353E-002 -0.115189140853904E+002
  0.100000000000000E+001  0.229851274409018E+002  0.488945240858713E+000  0.114320476281543E+001  0.100050033358353E-002 -0.114925637204509E+002
  0.100000000000000E+001  0.229680851655440E+002  0.490079359916767E+000  0.114237039290460E+001  0.100050033358353E-002 -0.114840425827720E+002
  0.100000000000000E+001  0.229672322355957E+002  0.490137124285150E+000  0.114232782766576E+001  0.100050033358353E-002 -0.114836161177979E+002
  0.100000000000000E+001  0.229629053631919E+002  0.490432327148576E+000  0.114211019632781E+001  0.100050033358353E-002 -0.114814526815960E+002
  0.100000000000000E+001  0.229573693724863E+002  0.732476518242654E+000  0.892206897117218E+000  0.100050033358353E-002 -0.114786846862432E+002
  0.100000000000000E+001  0.229253858696050E+002  0.492965347760802E+000  0.114023568388431E+001  0.100050033358353E-002 -0.114626929348025E+002
  0.100000000000000E+001  0.229164643308520E+002  0.493559149184247E+000  0.113979440777352E+001  0.100050033358353E-002 -0.114582321654260E+002
  0.100000000000000E+001  0.228978652804242E+002  0.494818974426784E+000  0.113885585727597E+001  0.100050033358353E-002 -0.114489326402121E+002
  0.100000000000000E+001  0.228755028822538E+002  0.730704818018623E+000  0.894698556690761E+000  0.100050033358353E-002 -0.114377514411269E+002
  0.100000000000000E+001  0.228717191132212E+002  0.496579443188922E+000  0.113753902388100E+001  0.100050033358353E-002 -0.114358595566106E+002
  0.100000000000000E+001  0.228692989773306E+002  0.496745425361454E+000  0.113741454889027E+001  0.100050033358353E-002 -0.114346494886653E+002
  0.100000000000000E+001  0.228684054806096E+002  0.496806496777313E+000  0.113736873571266E+001  0.100050033358353E-002 -0.114342027403048E+002
  0.100000000000000E+001  0.228624626432372E+002  0.730410304557211E+000  0.895111494386952E+000  0.100050033358353E-002 -0.114312313216186E+002
  0.100000000000000E+001  0.228423985035673E+002  0.729957678734701E+000  0.895745426318290E+000  0.100050033358353E-002 -0.114211992517837E+002
  0.100000000000000E+001  0.228360777395501E+002  0.498991938146589E+000  0.113572438193832E+001  0.100050033358353E-002 -0.114180388697750E+002
  0.100000000000000E+001  0.228306007598658E+002  0.499359090553365E+000  0.113544718936311E+001  0.100050033358353E-002 -0.114153003799329E+002
  0.100000000000000E+001  0.228078222917188E+002  0.500903771294462E+000  0.113427800907568E+001  0.100050033358353E-002 -0.114039111458594E+002
  0.100000000000000E+001  0.227931363589457E+002  0.501888499005399E+000  0.113353014493108E+001  0.100050033358353E-002 -0.113965681794729E+002
  0.100000000000000E+001  0.227890025484009E+002  0.502169365572474E+000  0.113331647739621E+001  0.100050033358353E-002 -0.113945012742004E+002
  0.100000000000000E+001  0.227659114747881E+002  0.503737056148113E+000  0.113212092738263E+001  0.100050033358353E-002 -0.113829557373941E+002
  0.100000000000000E+001  0.227441848836865E+002  0.727705441243392E+000  0.898887364515809E+000  0.100050033358353E-002 -0.113720924418432E+002
  0.100000000000000E+001  0.226959442661681E+002  0.508504144405976E+000  0.112845469448407E+001  0.100050033358353E-002 -0.113479721330841E+002
  0.100000000000000E+001  0.226914962514266E+002  0.508811959811832E+000  0.112821636383279E+001  0.100050033358353E-002 -0.113457481257133E+002
  0.100000000000000E+001  0.226826251942184E+002  0.509415133112081E+000  0.112774878347487E+001  0.100050033358353E-002 -0.113413125971092E+002
  0.100000000000000E+001  0.226795598838617E+002  0.509621342324704E+000  0.112758875836588E+001  0.100050033358353E-002 -0.113397799419309E+002
  0.100000000000000E+001  0.226683243695351E+002  0.510390102884850E+000  0.112699140358281E+001  0.100050033358353E-002 -0.113341621847676E+002
  0.100000000000000E+001  0.226585672613373E+002  0.511064589915134E+000  0.112646629975092E+001  0.100050033358353E-002 -0.113292836306687E+002
  0.100000000000000E+001  0.226559979055121E+002  0.725587821644006E+000  0.901822710519721E+000  0.100050033358353E-002 -0.113279989527560E+002
  0.100000000000000E+001  0.226440591580859E+002  0.512049210877007E+000  0.112569806344871E+001  0.100050033358353E-002 -0.113220295790430E+002
  0.100000000000000E+001  0.226427063405322E+002  0.512142446404385E+000  0.112562521392926E+001  0.100050033358353E-002 -0.113213531702661E+002
  0.100000000000000E+001  0.226374198729551E+002  0.512509438539727E+000  0.112533829015536E+001  0.100050033358353E-002 -0.113187099364776E+002
  0.100000000000000E+001  0.226270260464545E+002  0.513226676182112E+000  0.112477673051196E+001  0.100050033358353E-002 -0.113135130232272E+002
  0.100000000000000E+001  0.226132700125268E+002  0.514164510447664E+000  0.112404084611832E+001  0.100050033358353E-002 -0.113066350062634E+002
  0.100000000000000E+001  0.226037127733155E+002  0.514830217293906E+000  0.112351738177006E+001  0.100050033358353E-002 -0.113018563866577E+002
  0.100000000000000E+001  0.226036986779286E+002  0.514831195742094E+000  0.112351661171015E+001  0.100050033358353E-002 -0.113018493389643E+002
  0.100000000000000E+001  0.225956258989415E+002  0.724076369584059E+000  0.903906774205092E+000  0.100050033358353E-002 -0.112978129494708E+002
  0.100000000000000E+001  0.225835391850913E+002  0.723770167563255E+000  0.904327866879979E+000  0.100050033358353E-002 -0.112917695925457E+002
  0.100000000000000E+001  0.225666214449815E+002  0.517386812827173E+000  0.112149847846153E+001  0.100050033358353E-002 -0.112833107224908E+002
  0.100000000000000E+001  0.225658419420414E+002  0.517439931639744E+000  0.112145638667536E+001  0.100050033358353E-002 -0.112829209710207E+002
  0.100000000000000E+001  0.225597034343263E+002  0.517859553235009E+000  0.112112366755389E+001  0.100050033358353E-002 -0.112798517171632E+002
  0.100000000000000E+001  0.225467670736855E+002  0.518762656066173E+000  0.112040634408105E+001  0.100050033358353E-002 -0.112733835368428E+002
  0.100000000000000E+001  0.225364805071296E+002  0.519473041826100E+000  0.111984089156388E+001  0.100050033358353E-002 -0.112682402535648E+002
  0.100000000000000E+001  0.225344366490874E+002  0.519612888103035E+000  0.111972945196186E+001  0.100050033358353E-002 -0.112672183245437E+002
  0.100000000000000E+001  0.224995364185496E+002  0.721577069847295E+000  0.907332940924845E+000  0.100050033358353E-002 -0.112497682092748E+002
  0.100000000000000E+001  0.224851959201495E+002  0.523047136248683E+000  0.111697986958801E+001  0.100050033358353E-002 -0.112425979600748E+002
  0.100000000000000E+001  0.224696992271854E+002  0.720778147795792E+000  0.908422927300355E+000  0.100050033358353E-002 -0.112348496135927E+002
  0.100000000000000E+001  0.224639256053376E+002  0.524531247856390E+000  0.111578392186259E+001  0.100050033358353E-002 -0.112319628026688E+002
  0.100000000000000E+001  0.224576570456229E+002  0.524974480803503E+000  0.111542584328929E+001  0.100050033358353E-002 -0.112288285228114E+002
  0.100000000000000E+001  0.224522365417194E+002  0.525352488205514E+000  0.111512012914687E+001  0.100050033358353E-002 -0.112261182708597E+002
  0.100000000000000E+001  0.224476746075573E+002  0.525668726123062E+000  0.111486413766640E+001  0.100050033358353E-002 -0.112238373037786E+002
  0.100000000000000E+001  0.224155234722073E+002  0.527930888679132E+000  0.111302672211265E+001  0.100050033358353E-002 -0.112077617361037E+002
  0.100000000000000E+001  0.224141810109658E+002  0.528025660848030E+000  0.111294950594676E+001  0.100050033358353E-002 -0.112070905054829E+002
  0.100000000000000E+001  0.224108719735319E+002  0.528260645006862E+000  0.111275796834804E+001  0.100050033358353E-002 -0.112054359867659E+002
  0.100000000000000E+001  0.224007290090261E+002  0.528984317778774E+000  0.111216735357479E+001  0.100050033358353E-002 -0.112003645045130E+002
  0.100000000000000E+001  0.223800264353175E+002  0.530447356524544E+000  0.111096988425566E+001  0.100050033358353E-002 -0.111900132176588E+002
  0.100000000000000E+001  0.223733656497425E+002  0.530924987986420E+000  0.111057795569643E+001  0.100050033358353E-002 -0.111866828248713E+002
  0.100000000000000E+001  0.223674501024693E+002  0.717890458322744E+000  0.912341783398567E+000  0.100050033358353E-002 -0.111837250512346E+002
  0.100000000000000E+001  0.223656989025084E+002  0.531467134878944E+000  0.111013249256437E+001  0.100050033358353E-002 -0.111828494512542E+002
  0.100000000000000E+001  0.223353157516062E+002  0.716961464188034E+000  0.913595605906316E+000  0.100050033358353E-002 -0.111676578758031E+002
  0.100000000000000E+001  0.223328207731236E+002  0.533811811803485E+000  0.110819864665922E+001  0.100050033358353E-002 -0.111664103865618E+002
  0.100000000000000E+001  0.223237994086696E+002  0.716614017437097E+000  0.914063680931498E+000  0.100050033358353E-002 -0.111618997043348E+002
  0.100000000000000E+001  0.223233915399045E+002  0.534490900893998E+000  0.110763632403119E+001  0.100050033358353E-002 -0.111616957699523E+002
  0.100000000000000E+001  0.223132684584016E+002  0.535221177238548E+000  0.110703049843240E+001  0.100050033358353E-002 -0.111566342292008E+002
  0.100000000000000E+001  0.223102294921483E+002  0.535437657119583E+000  0.110685068744608E+001  0.100050033358353E-002 -0.111551147460741E+002
  0.100000000000000E+001  0.223036736950617E+002  0.535905762220648E+000  0.110646152467497E+001  0.100050033358353E-002 -0.111518368475308E+002
  0.100000000000000E+001  0.223011066793743E+002  0.536090919732114E+000  0.110630746088120E+001  0.100050033358353E-002 -0.111505533396872E+002
  0.100000000000000E+001  0.222892704460860E+002  0.715565762919449E+000  0.915473050970541E+000  0.100050033358353E-002 -0.111446352230430E+002
  0.100000000000000E+001  0.222880168773873E+002  0.537042715360445E+000  0.110551432194698E+001  0.100050033358353E-002 -0.111440084386937E+002
  0.100000000000000E+001  0.222756426584122E+002  0.537931841791296E+000  0.110477161902579E+001  0.100050033358353E-002 -0.111378213292061E+002
  0.100000000000000E+001  0.222755498816587E+002  0.537938559047696E+000  0.110476600140561E+001  0.100050033358353E-002 -0.111377749408294E+002
  0.100000000000000E+001  0.222728421420896E+002  0.538135279345589E+000  0.110460144106266E+001  0.100050033358353E-002 -0.111364210710448E+002
  0.100000000000000E+001  0.222629686370904E+002  0.538858192244736E+000  0.110399598257610E+001  0.100050033358353E-002 -0.111314843185452E+002
  0.100000000000000E+001  0.222361855630203E+002  0.713904979334901E+000  0.917697320295301E+000  0.100050033358353E-002 -0.111180927815102E+002
  0.100000000000000E+001  0.222351887315510E+002  0.540884356884545E+000  0.110229290489501E+001  0.100050033358353E-002 -0.111175943657755E+002
  0.100000000000000E+001  0.222249466875078E+002  0.541630418161588E+000  0.110166353319166E+001  0.100050033358353E-002 -0.111124733437539E+002
  0.100000000000000E+001  0.222217139927456E+002  0.541866126308906E+000  0.110146443638783E+001  0.100050033358353E-002 -0.111108569963728E+002
  0.100000000000000E+001  0.222211204018509E+002  0.541909595670937E+000  0.110142770550743E+001  0.100050033358353E-002 -0.111105602009255E+002
  0.100000000000000E+001  0.222155882221930E+002  0.542317495844933E+000  0.110108283342649E+001  0.100050033358353E-002 -0.111077941110965E+002
  0.100000000000000E+001  0.222149402002842E+002  0.542365529818621E+000  0.110104219739635E+001  0.100050033358353E-002 -0.111074701001421E+002
  0.100000000000000E+001  0.222145853577650E+002  0.542391846233678E+000  0.110101993193704E+001  0.100050033358353E-002 -0.111072926788825E+002
  0.100000000000000E+001  0.222129903778917E+002  0.542510223768858E+000  0.110091975764114E+001  0.100050033358353E-002 -0.111064951889458E+002
  0.100000000000000E+001  0.222078290194399E+002  0.542893050068058E+000  0.110059558746074E+001  0.100050033358353E-002 -0.111039145097200E+002
  0.100000000000000E+001  0.222066223711125E+002  0.542982182420083E+000  0.110052006531520E+001  0.100050033358353E-002 -0.111033111855563E+002
  0.100000000000000E+001  0.221953535365287E+002  0.543808182880041E+000  0.109981935537785E+001  0.100050033358353E-002 -0.110976767682644E+002
  0.100000000000000E+001  0.221878164407273E+002  0.544367208441408E+000  0.109934426644774E+001  0.100050033358353E-002 -0.110939082203637E+002
  0.100000000000000E+001  0.221759988592668E+002  0.545247111964344E+000  0.109859507287305E+001  0.100050033358353E-002 -0.110879994296334E+002
  0.100000000000000E+001  0.221702335023878E+002  0.545671983739184E+000  0.109823269948055E+001  0.100050033358353E-002 -0.110851167511939E+002
  0.100000000000000E+001  0.221700489375197E+002  0.545685613706284E+000  0.109822106782040E+001  0.100050033358353E-002 -0.110850244687599E+002
  0.100000000000000E+001  0.221625823151116E+002  0.546241570719332E+000  0.109774626760993E+001  0.100050033358353E-002 -0.110812911575558E+002
  0.100000000000000E+001  0.221584916759297E+002  0.546549113580304E+000  0.109748332281784E+001  0.100050033358353E-002 -0.110792458379649E+002
  0.100000000000000E+001  0.221531521724098E+002  0.546950478105262E+000  0.109713984433383E+001  0.100050033358353E-002 -0.110765760862049E+002
  0.100000000000000E+001  0.221521842602121E+002  0.711163162207406E+000  0.921346405032406E+000  0.100050033358353E-002 -0.110760921301060E+002
  0.100000000000000E+001  0.221396753044874E+002  0.710735805176442E+000  0.921912611873812E+000  0.100050033358353E-002 -0.110698376522437E+002
  0.100000000000000E+001  0.221364660944525E+002  0.548196202730113E+000  0.109607148894078E+001  0.100050033358353E-002 -0.110682330472262E+002
  0.100000000000000E+001  0.221323315584705E+002  0.548509187634287E+000  0.109580252152550E+001  0.100050033358353E-002 -0.110661657792353E+002
  0.100000000000000E+001  0.221189180497571E+002  0.549520043282300E+000  0.109493232947029E+001  0.100050033358353E-002 -0.110594590248786E+002
  0.100000000000000E+001  0.221156714452111E+002  0.549763592409697E+000  0.109472232787059E+001  0.100050033358353E-002 -0.110578357226055E+002
  0.100000000000000E+001  0.221145003975674E+002  0.549851792207716E+000  0.109464624420891E+001  0.100050033358353E-002 -0.110572501987837E+002
  0.100000000000000E+001  0.221122746105643E+002  0.550020063131116E+000  0.109450104037859E+001  0.100050033358353E-002 -0.110561373052822E+002
  0.100000000000000E+001  0.221060401004436E+002  0.550494902969125E+000  0.109409094943060E+001  0.100050033358353E-002 -0.110530200502218E+002
  0.100000000000000E+001  0.221007444070615E+002  0.709379434078267E+000  0.923705124598402E+000  0.100050033358353E-002 -0.110503722035307E+002
  0.100000000000000E+001  0.220992710980274E+002  0.551011521600714E+000  0.109364419975872E+001  0.100050033358353E-002 -0.110496355490137E+002
  0.100000000000000E+001  0.220837125626902E+002  0.552192536170744E+000  0.109262064702704E+001  0.100050033358353E-002 -0.110418562813451E+002
  0.100000000000000E+001  0.220721549460841E+002  0.708350043797217E+000  0.925060917528458E+000  0.100050033358353E-002 -0.110360774730421E+002
  0.100000000000000E+001  0.220597200656733E+002  0.554032593882109E+000  0.109101963071973E+001  0.100050033358353E-002 -0.110298600328366E+002
  0.100000000000000E+001  0.220489710970808E+002  0.707504940762732E+000  0.926171036397636E+000  0.100050033358353E-002 -0.110244855485404E+002
  0.100000000000000E+001  0.220430910247884E+002  0.555320848392155E+000  0.108989415793954E+001  0.100050033358353E-002 -0.110215455123942E+002
  0.100000000000000E+001  0.220353493859890E+002  0.707006289272224E+000  0.926824815390169E+000  0.100050033358353E-002 -0.110176746929945E+002
  0.100000000000000E+001  0.220346195261213E+002  0.555974845102072E+000  0.108932135280682E+001  0.100050033358353E-002 -0.110173097630606E+002
  0.100000000000000E+001  0.220268333251657E+002  0.556583638581121E+000  0.108878726188473E+001  0.100050033358353E-002 -0.110134166625829E+002
  0.100000000000000E+001  0.220219375740398E+002  0.556967363686368E+000  0.108845018698130E+001  0.100050033358353E-002 -0.110109687870199E+002
  0.100000000000000E+001  0.220184866744161E+002  0.557303716276127E+000  0.108815444840867E+001  0.100050033358353E-002 -0.110092433372080E+002
  0.100000000000000E+001  0.220019791015044E+002  0.558530285083865E+000  0.108707378968909E+001  0.100050033358353E-002 -0.110009895507522E+002
  0.100000000000000E+001  0.220002178780214E+002  0.705657361895735E+000  0.928588774418599E+000  0.100050033358353E-002 -0.110001089390107E+002
  0.100000000000000E+001  0.219895709105765E+002  0.559509295886650E+000  0.108620876130725E+001  0.100050033358353E-002 -0.109947854552883E+002
  0.100000000000000E+001  0.219885759215273E+002  0.559587516105958E+000  0.108613955285867E+001  0.100050033358353E-002 -0.109942879607637E+002
  0.100000000000000E+001  0.219874440754121E+002  0.559676605776261E+000  0.108606071007309E+001  0.100050033358353E-002 -0.109937220377060E+002
  0.100000000000000E+001  0.219851397445005E+002  0.559858510027351E+000  0.108589967126135E+001  0.100050033358353E-002 -0.109925698722502E+002
  0.100000000000000E+001  0.219760283283046E+002  0.704719435453384E+000  0.929811324339622E+000  0.100050033358353E-002 -0.109880141641523E+002
  0.100000000000000E+001  0.219725693422395E+002  0.560861083369828E+000  0.108501072991689E+001  0.100050033358353E-002 -0.109862846711198E+002
  0.100000000000000E+001  0.219675347663887E+002  0.561262436947362E+000  0.108465421556374E+001  0.100050033358353E-002 -0.109837673831944E+002
  0.100000000000000E+001  0.219457978608273E+002  0.563007338749527E+000  0.108309992077658E+001  0.100050033358353E-002 -0.109728989304137E+002
  0.100000000000000E+001  0.219405619131253E+002  0.703288622498107E+000  0.931670117990953E+000  0.100050033358353E-002 -0.109702809565627E+002
  0.100000000000000E+001  0.219355482185781E+002  0.563832632191680E+000  0.108236231907456E+001  0.100050033358353E-002 -0.109677741092890E+002
  0.100000000000000E+001  0.219345156123093E+002  0.563916223688709E+000  0.108228752129048E+001  0.100050033358353E-002 -0.109672578061547E+002
  0.100000000000000E+001  0.219265585308426E+002  0.702709292150294E+000  0.932420609524216E+000  0.100050033358353E-002 -0.109632792654213E+002
  0.100000000000000E+001  0.219248996402352E+002  0.564700097315876E+000  0.108158531853216E+001  0.100050033358353E-002 -0.109624498201176E+002
  0.100000000000000E+001  0.219208721591743E+002  0.702465401250316E+000  0.932736191692062E+000  0.100050033358353E-002 -0.109604360795871E+002
  0.100000000000000E+001  0.219070291663318E+002  0.566160027219177E+000  0.108027367622003E+001  0.100050033358353E-002 -0.109535145831659E+002
  0.100000000000000E+001  0.218981901994180E+002  0.566890540547044E+000  0.107961549140632E+001  0.100050033358353E-002 -0.109490950997090E+002
  0.100000000000000E+001  0.218968523719935E+002  0.701446888716504E+000  0.934051759543023E+000  0.100050033358353E-002 -0.109484261859967E+002
  0.100000000000000E+001  0.218815145024745E+002  0.568271038797755E+000  0.107836825935897E+001  0.100050033358353E-002 -0.109407572512372E+002
  0.100000000000000E+001  0.218694034210365E+002  0.700238498655854E+000  0.935607714652308E+000  0.100050033358353E-002 -0.109347017105182E+002
  0.100000000000000E+001  0.218624301772131E+002  0.569868407202037E+000  0.107691949687593E+001  0.100050033358353E-002 -0.109312150886065E+002
  0.100000000000000E+001  0.218554165025774E+002  0.570460926426985E+000  0.107638056971000E+001  0.100050033358353E-002 -0.109277082512887E+002
  0.100000000000000E+001  0.218473535897474E+002  0.699258176694433E+000  0.936866137887906E+000  0.100050033358353E-002 -0.109236767948737E+002
  0.100000000000000E+001  0.218450959582104E+002  0.571336505929324E+000  0.107558266378808E+001  0.100050033358353E-002 -0.109225479791052E+002
  0.100000000000000E+001  0.218413410869354E+002  0.698985727297824E+000  0.937215263911165E+000  0.100050033358353E-002 -0.109206705434677E+002
  0.100000000000000E+001  0.218276842975257E+002  0.698339544938125E+000  0.938042241207887E+000  0.100050033358353E-002 -0.109138421487628E+002
  0.100000000000000E+001  0.218264877349944E+002  0.572927929527056E+000  0.107412776052325E+001  0.100050033358353E-002 -0.109132438674972E+002
  0.100000000000000E+001  0.218256787739841E+002  0.572997584392123E+000  0.107406394347737E+001  0.100050033358353E-002 -0.109128393869920E+002
  0.100000000000000E+001  0.218225021250559E+002  0.573270903862853E+000  0.107381341948094E+001  0.100050033358353E-002 -0.109112510625279E+002
  0.100000000000000E+001  0.218194154206441E+002  0.573536402113668E+000  0.107356989398944E+001  0.100050033358353E-002 -0.109097077103220E+002
  0.100000000000000E+001  0.217938090735863E+002  0.575766631027817E+000  0.107151759385988E+001  0.100050033358353E-002 -0.108969045367932E+002
  0.100000000000000E+001  0.217935396154036E+002  0.575790265401250E+000  0.107149578130687E+001  0.100050033358353E-002 -0.108967698077018E+002
  0.100000000000000E+001  0.217910781439825E+002  0.696594587501416E+000  0.940267974418245E+000  0.100050033358353E-002 -0.108955390719912E+002
  0.100000000000000E+001  0.217907015557606E+002  0.696575589923879E+000  0.940292146667289E+000  0.100050033358353E-002 -0.108953507778803E+002
  0.100000000000000E+001  0.217818565180960E+002  0.696128393705910E+000  0.940860783155340E+000  0.100050033358353E-002 -0.108909282590480E+002
  0.100000000000000E+001  0.217797116760055E+002  0.577012740298647E+000  0.107036571076354E+001  0.100050033358353E-002 -0.108898558380028E+002
  0.100000000000000E+001  0.217783626825017E+002  0.695953865956410E+000  0.941082513300376E+000  0.100050033358353E-002 -0.108891813412508E+002
  0.100000000000000E+001  0.217735773883440E+002  0.577557510941637E+000  0.106986096094138E+001  0.100050033358353E-002 -0.108867886941720E+002
  0.100000000000000E+001  0.217728581518391E+002  0.577621534823937E+000  0.106980159355784E+001  0.100050033358353E-002 -0.108864290759196E+002
  0.100000000000000E+001  0.217727576288524E+002  0.577630457851497E+000  0.106979331872381E+001  0.100050033358353E-002 -0.108863788144262E+002
  0.100000000000000E+001  0.217693808423218E+002  0.695511707437975E+000  0.941643774684545E+000  0.100050033358353E-002 -0.108846904211609E+002
  0.100000000000000E+001  0.217624846083948E+002  0.578549713747678E+000  0.106893981144030E+001  0.100050033358353E-002 -0.108812423041974E+002
  0.100000000000000E+001  0.217577404198965E+002  0.694928298471190E+000  0.942383277969488E+000  0.100050033358353E-002 -0.108788702099483E+002
  0.100000000000000E+001  0.217542113022553E+002  0.579296854216512E+000  0.106824460600059E+001  0.100050033358353E-002 -0.108771056511276E+002
  0.100000000000000E+001  0.217524366667372E+002  0.694650006007150E+000  0.942735606339238E+000  0.100050033358353E-002 -0.108762183333686E+002
  0.100000000000000E+001  0.217486496675356E+002  0.694447567980099E+000  0.942991728902565E+000  0.100050033358353E-002 -0.108743248337678E+002
  0.100000000000000E+001  0.217485970708609E+002  0.579805100003444E+000  0.106777091742767E+001  0.100050033358353E-002 -0.108742985354304E+002
  0.100000000000000E+001  0.217445335606291E+002  0.694227001044111E+000  0.943270623873428E+000  0.100050033358353E-002 -0.108722667803146E+002
  0.100000000000000E+001  0.217402172346726E+002  0.580569302632540E+000  0.106705749693490E+001  0.100050033358353E-002 -0.108701086173363E+002
  0.100000000000000E+001  0.217280638470133E+002  0.581686307362027E+000  0.106601216670193E+001  0.100050033358353E-002 -0.108640319235067E+002
  0.100000000000000E+001  0.217272013399841E+002  0.581766011065238E+000  0.106593746129468E+001  0.100050033358353E-002 -0.108636006699921E+002
  0.100000000000000E+001  0.217254219313861E+002  0.581930543570431E+000  0.106578319784030E+001  0.100050033358353E-002 -0.108627109656930E+002
  0.100000000000000E+001  0.217238762234694E+002  0.582074062940934E+000  0.106564858215379E+001  0.100050033358353E-002 -0.108619381117347E+002
  0.100000000000000E+001  0.217126181061423E+002  0.583123153572806E+000  0.106466304909650E+001  0.100050033358353E-002 -0.108563090530711E+002
  0.100000000000000E+001  0.217120508497305E+002  0.583176289126611E+000  0.106461306116277E+001  0.100050033358353E-002 -0.108560254248652E+002
  0.100000000000000E+001  0.217119094041101E+002  0.692481847457049E+000  0.945471259893866E+000  0.100050033358353E-002 -0.108559547020550E+002
  0.100000000000000E+001  0.217107543844546E+002  0.692416171897490E+000  0.945553868665291E+000  0.100050033358353E-002 -0.108553771922273E+002
  0.100000000000000E+001  0.217071795405322E+002  0.692213175908171E+000  0.945809108229073E+000  0.100050033358353E-002 -0.108535897702661E+002
  0.100000000000000E+001  0.216966500404093E+002  0.584628892674068E+000  0.106324382938544E+001  0.100050033358353E-002 -0.108483250202047E+002
  0.100000000000000E+001  0.216937076772163E+002  0.691465792859818E+000  0.946747602376235E+000  0.100050033358353E-002 -0.108468538386081E+002
  0.100000000000000E+001  0.216901916347489E+002  0.585244531725856E+000  0.106266196348313E+001  0.100050033358353E-002 -0.108450958173745E+002
  0.100000000000000E+001  0.216893835092973E+002  0.585321824025190E+000  0.106258884554067E+001  0.100050033358353E-002 -0.108446917546487E+002
  0.100000000000000E+001  0.216837475646494E+002  0.690904311730242E+000  0.947451380537666E+000  0.100050033358353E-002 -0.108418737823247E+002
  0.100000000000000E+001  0.216832057041920E+002  0.585914902048058E+000  0.106202730913075E+001  0.100050033358353E-002 -0.108416028520960E+002
  0.100000000000000E+001  0.216794752736856E+002  0.690651929644749E+000  0.947767367844411E+000  0.100050033358353E-002 -0.108397376368428E+002
  0.100000000000000E+001  0.216762098575820E+002  0.690455466441010E+000  0.948013190833387E+000  0.100050033358353E-002 -0.108381049287910E+002
  0.100000000000000E+001  0.216600327290117E+002  0.689497016294398E+000  0.949210529483773E+000  0.100050033358353E-002 -0.108300163645058E+002
  0.100000000000000E+001  0.216547252950384E+002  0.689184348448410E+000  0.949600442094936E+000  0.100050033358353E-002 -0.108273626475192E+002
  0.100000000000000E+001  0.216527979066024E+002  0.588886142178759E+000  0.105920102028277E+001  0.100050033358353E-002 -0.108263989533012E+002
  0.100000000000000E+001  0.216467709704047E+002  0.688694616515742E+000  0.950210485868597E+000  0.100050033358353E-002 -0.108233854852023E+002
  0.100000000000000E+001  0.216463532789353E+002  0.589529927498175E+000  0.105858575929308E+001  0.100050033358353E-002 -0.108231766394677E+002
  0.100000000000000E+001  0.216457996330717E+002  0.589587403750921E+000  0.105853077956453E+001  0.100050033358353E-002 -0.108228998165359E+002
  0.100000000000000E+001  0.216356755595157E+002  0.687985986790305E+000  0.951091744308524E+000  0.100050033358353E-002 -0.108178377797578E+002
  0.100000000000000E+001  0.216322816809082E+002  0.687773727874014E+000  0.951355376126181E+000  0.100050033358353E-002 -0.108161408404541E+002
  0.100000000000000E+001  0.216254736804007E+002  0.591645131320849E+000  0.105655700855245E+001  0.100050033358353E-002 -0.108127368402003E+002
  0.100000000000000E+001  0.216222084379568E+002  0.591981446872240E+000  0.105623340958500E+001  0.100050033358353E-002 -0.108111042189784E+002
  0.100000000000000E+001  0.216212448622174E+002  0.687083313670347E+000  0.952211823997201E+000  0.100050033358353E-002 -0.108106224311087E+002
  0.100000000000000E+001  0.216197948738351E+002  0.686989439571829E+000  0.952328147454888E+000  0.100050033358353E-002 -0.108098974369176E+002
  0.100000000000000E+001  0.216196055983921E+002  0.592249718358631E+000  0.105597507883462E+001  0.100050033358353E-002 -0.108098027991961E+002
  0.100000000000000E+001  0.216191454554323E+002  0.592295778716721E+000  0.105593070710034E+001  0.100050033358353E-002 -0.108095727277162E+002
  0.100000000000000E+001  0.216156934913463E+002  0.592653373142329E+000  0.105558604160244E+001  0.100050033358353E-002 -0.108078467456731E+002
  0.100000000000000E+001  0.216133324561301E+002  0.592898398428593E+000  0.105534969013383E+001  0.100050033358353E-002 -0.108066662280650E+002
  0.100000000000000E+001  0.216122563491123E+002  0.593010566783275E+000  0.105524144223377E+001  0.100050033358353E-002 -0.108061281745561E+002
  0.100000000000000E+001  0.216067119122565E+002  0.593592298095961E+000  0.105467953641332E+001  0.100050033358353E-002 -0.108033559561282E+002
  0.100000000000000E+001  0.216060159978460E+002  0.593666369354056E+000  0.105460792847243E+001  0.100050033358353E-002 -0.108030079989230E+002
  0.100000000000000E+001  0.216026987029308E+002  0.594016130667212E+000  0.105426961238168E+001  0.100050033358353E-002 -0.108013493514654E+002
  0.100000000000000E+001  0.215967737916954E+002  0.594642386342162E+000  0.105366308008834E+001  0.100050033358353E-002 -0.107983868958477E+002
  0.100000000000000E+001  0.215960270431276E+002  0.685394732129264E+000  0.954299628896922E+000  0.100050033358353E-002 -0.107980135215638E+002
  0.100000000000000E+001  0.215956004802793E+002  0.594766987034596E+000  0.105354228567848E+001  0.100050033358353E-002 -0.107978002401397E+002
  0.100000000000000E+001  0.215947482998066E+002  0.685309563201373E+000  0.954404676993650E+000  0.100050033358353E-002 -0.107973741499033E+002
  0.100000000000000E+001  0.215836813809031E+002  0.684534337163959E+000  0.955359716916606E+000  0.100050033358353E-002 -0.107918406904515E+002
  0.100000000000000E+001  0.215834850089909E+002  0.684519983068432E+000  0.955377381258577E+000  0.100050033358353E-002 -0.107917425044954E+002
  0.100000000000000E+001  0.215818259715640E+002  0.596253212937749E+000  0.105209843736578E+001  0.100050033358353E-002 -0.107909129857820E+002
  0.100000000000000E+001  0.215794268631035E+002  0.596515251314838E+000  0.105184329109248E+001  0.100050033358353E-002 -0.107897134315517E+002
  0.100000000000000E+001  0.215753512266407E+002  0.596958177433177E+000  0.105141161895207E+001  0.100050033358353E-002 -0.107876756133204E+002
  0.100000000000000E+001  0.215715373111696E+002  0.597379625924342E+000  0.105100041646231E+001  0.100050033358353E-002 -0.107857686555848E+002
  0.100000000000000E+001  0.215624235452137E+002  0.683006574417414E+000  0.957235898959264E+000  0.100050033358353E-002 -0.107812117726068E+002
  0.100000000000000E+001  0.215615736022336E+002  0.598490367010301E+000  0.104991451548298E+001  0.100050033358353E-002 -0.107807868011168E+002
  0.100000000000000E+001  0.215605930502567E+002  0.682869472104755E+000  0.957403884104126E+000  0.100050033358353E-002 -0.107802965251284E+002
  0.100000000000000E+001  0.215605405105869E+002  0.682865496349232E+000  0.957408754471284E+000  0.100050033358353E-002 -0.107802702552934E+002
  0.100000000000000E+001  0.215577108441207E+002  0.598923583508326E+000  0.104949013536093E+001  0.100050033358353E-002 -0.107788554220604E+002
  0.100000000000000E+001  0.215568683925178E+002  0.599018899115901E+000  0.104939669965933E+001  0.100050033358353E-002 -0.107784341962589E+002
  0.100000000000000E+001  0.215547232148700E+002  0.682414512393952E+000  0.957960872734666E+000  0.100050033358353E-002 -0.107773616074350E+002
  0.100000000000000E+001  0.215466199759889E+002  0.600193386923483E+000  0.104824347086363E+001  0.100050033358353E-002 -0.107733099879944E+002
  0.100000000000000E+001  0.215465132565837E+002  0.681779745583687E+000  0.958736831588455E+000  0.100050033358353E-002 -0.107732566282919E+002
  0.100000000000000E+001  0.215454923836317E+002  0.681702620916950E+000  0.958831019241130E+000  0.100050033358353E-002 -0.107727461918158E+002
  0.100000000000000E+001  0.215410291791837E+002  0.600836738179892E+000  0.104761026785466E+001  0.100050033358353E-002 -0.107705145895919E+002
  0.100000000000000E+001  0.215402812868742E+002  0.600923677125681E+000  0.104752461888096E+001  0.100050033358353E-002 -0.107701406434371E+002
  0.100000000000000E+001  0.215312376633688E+002  0.680583591308815E+000  0.960195385201766E+000  0.100050033358353E-002 -0.107656188316844E+002
  0.100000000000000E+001  0.215308638399432E+002  0.680552186062879E+000  0.960233615464261E+000  0.100050033358353E-002 -0.107654319199716E+002
  0.100000000000000E+001  0.215308598223161E+002  0.602036776100986E+000  0.104642632005669E+001  0.100050033358353E-002 -0.107654299111581E+002
  0.100000000000000E+001  0.215254440173038E+002  0.602678664230753E+000  0.104579151729417E+001  0.100050033358353E-002 -0.107627220086519E+002
  0.100000000000000E+001  0.215243429592619E+002  0.680005139472764E+000  0.960899019909767E+000  0.100050033358353E-002 -0.107621714796309E+002
  0.100000000000000E+001  0.215171055644783E+002  0.679416706044534E+000  0.961613654867674E+000  0.100050033358353E-002 -0.107585527822392E+002
  0.100000000000000E+001  0.215086957553818E+002  0.604722536548894E+000  0.104376311766954E+001  0.100050033358353E-002 -0.107543478776909E+002
  0.100000000000000E+001  0.215058337548238E+002  0.605078551457307E+000  0.104340869144976E+001  0.100050033358353E-002 -0.107529168774119E+002
  0.100000000000000E+001  0.215056518034123E+002  0.605101391366028E+000  0.104338594223080E+001  0.100050033358353E-002 -0.107528259017061E+002
  0.100000000000000E+001  0.215021436769754E+002  0.678098078816118E+000  0.963210921208285E+000  0.100050033358353E-002 -0.107510718384877E+002
  0.100000000000000E+001  0.215004460782067E+002  0.677957531386813E+000  0.963380828726947E+000  0.100050033358353E-002 -0.107502230391034E+002
  0.100000000000000E+001  0.214971723889083E+002  0.606179015106726E+000  0.104231105596431E+001  0.100050033358353E-002 -0.107485861944541E+002
  0.100000000000000E+001  0.214969352390297E+002  0.677649893551945E+000  0.963752504119807E+000  0.100050033358353E-002 -0.107484676195148E+002
  0.100000000000000E+001  0.214952950445129E+002  0.606417039219604E+000  0.104207322893937E+001  0.100050033358353E-002 -0.107476475222564E+002
  0.100000000000000E+001  0.214904471260463E+002  0.677082293945234E+000  0.964437436361139E+000  0.100050033358353E-002 -0.107452235630232E+002
  0.100000000000000E+001  0.214842125190662E+002  0.676481976062195E+000  0.965160697581080E+000  0.100050033358353E-002 -0.107421062595331E+002
  0.100000000000000E+001  0.214812281640638E+002  0.608255134175130E+000  0.104023167437531E+001  0.100050033358353E-002 -0.107406140820319E+002
  0.100000000000000E+001  0.214772766445694E+002  0.675808536489838E+000  0.965970648509833E+000  0.100050033358353E-002 -0.107386383222847E+002
  0.100000000000000E+001  0.214761364146197E+002  0.608929811213185E+000  0.103955350853637E+001  0.100050033358353E-002 -0.107380682073099E+002
  0.100000000000000E+001  0.214744796623098E+002  0.609154197071964E+000  0.103932769761684E+001  0.100050033358353E-002 -0.107372398311549E+002
  0.100000000000000E+001  0.214712515112020E+002  0.609598206773519E+000  0.103888047806386E+001  0.100050033358353E-002 -0.107356257556010E+002
  0.100000000000000E+001  0.214695140592044E+002  0.675070648203414E+000  0.966856408413560E+000  0.100050033358353E-002 -0.107347570296022E+002
  0.100000000000000E+001  0.214688945083083E+002  0.609924563361232E+000  0.103855143147991E+001  0.100050033358353E-002 -0.107344472541541E+002
  0.100000000000000E+001  0.214685332461676E+002  0.609974486785809E+000  0.103850107183320E+001  0.100050033358353E-002 -0.107342666230838E+002
  0.100000000000000E+001  0.214623927652142E+002  0.610820130516446E+000  0.103764704091484E+001  0.100050033358353E-002 -0.107311963826071E+002
  0.100000000000000E+001  0.214576020534525E+002  0.673822926353514E+000  0.968350131284767E+000  0.100050033358353E-002 -0.107288010267263E+002
  0.100000000000000E+001  0.214572339761077E+002  0.611555285356282E+000  0.103690306069825E+001  0.100050033358353E-002 -0.107286169880539E+002
  0.100000000000000E+001  0.214536141417630E+002  0.612079302664982E+000  0.103637187990183E+001  0.100050033358353E-002 -0.107268070708815E+002
  0.100000000000000E+001  0.214512368494108E+002  0.673168058658805E+000  0.969132087467456E+000  0.100050033358353E-002 -0.107256184247054E+002
  0.100000000000000E+001  0.214509446546657E+002  0.612462366248786E+000  0.103598311936811E+001  0.100050033358353E-002 -0.107254723273328E+002
  0.100000000000000E+001  0.214501232796016E+002  0.673049088420886E+000  0.969273996673801E+000  0.100050033358353E-002 -0.107250616398008E+002
  0.100000000000000E+001  0.214494251392612E+002  0.672973189001583E+000  0.969364506504876E+000  0.100050033358353E-002 -0.107247125696306E+002
  0.100000000000000E+001  0.214482336610771E+002  0.612854131213629E+000  0.103558512537440E+001  0.100050033358353E-002 -0.107241168305385E+002
  0.100000000000000E+001  0.214468620910420E+002  0.613578942738477E+000  0.103484771425168E+001  0.100050033358353E-002 -0.107234310455210E+002
  0.100000000000000E+001  0.214443402200016E+002  0.613432194455750E+000  0.103499712630312E+001  0.100050033358353E-002 -0.107221701100008E+002
  0.100000000000000E+001  0.214427555425562E+002  0.672208368566439E+000  0.970275512299186E+000  0.100050033358353E-002 -0.107213777712781E+002
  0.100000000000000E+001  0.214421602463363E+002  0.672137661309497E+000  0.970359638843965E+000  0.100050033358353E-002 -0.107210801231681E+002
  0.100000000000000E+001  0.214360416640303E+002  0.671450062038154E+000  0.971176894161886E+000  0.100050033358353E-002 -0.107180208320152E+002
  0.100000000000000E+001  0.214348199796608E+002  0.614877796312966E+000  0.103352278217630E+001  0.100050033358353E-002 -0.107174099898304E+002
  0.100000000000000E+001  0.214346517660943E+002  0.614903704579534E+000  0.103349630792345E+001  0.100050033358353E-002 -0.107173258830471E+002
  0.100000000000000E+001  0.214339894994453E+002  0.615006314942573E+000  0.103339143833575E+001  0.100050033358353E-002 -0.107169947497227E+002
  0.100000000000000E+001  0.214329410482719E+002  0.671097099679452E+000  0.971595820664160E+000  0.100050033358353E-002 -0.107164705241359E+002
  0.100000000000000E+001  0.214306902090941E+002  0.670826909401891E+000  0.971916235258341E+000  0.100050033358353E-002 -0.107153451045470E+002
  0.100000000000000E+001  0.214304542537485E+002  0.615566911657995E+000  0.103281800154006E+001  0.100050033358353E-002 -0.107152271268742E+002
  0.100000000000000E+001  0.214295984273632E+002  0.615704507595860E+000  0.103267712550369E+001  0.100050033358353E-002 -0.107147992136816E+002
  0.100000000000000E+001  0.214291602887746E+002  0.615774960703614E+000  0.103260497326058E+001  0.100050033358353E-002 -0.107145801443873E+002
  0.100000000000000E+001  0.214259978499638E+002  0.670229730664261E+000  0.972623588751779E+000  0.100050033358353E-002 -0.107129989249819E+002
  0.100000000000000E+001  0.214238681106019E+002  0.669961083358480E+000  0.972941426346491E+000  0.100050033358353E-002 -0.107119340553010E+002
  0.100000000000000E+001  0.214235840975913E+002  0.616662206563690E+000  0.103169519027807E+001  0.100050033358353E-002 -0.107117920487956E+002
  0.100000000000000E+001  0.214233775418404E+002  0.669900268869581E+000  0.973013344092398E+000  0.100050033358353E-002 -0.107116887709202E+002
  0.100000000000000E+001  0.214229671087584E+002  0.616761028140304E+000  0.103159372773450E+001  0.100050033358353E-002 -0.107114835543792E+002
  0.100000000000000E+001  0.214227980343204E+002  0.616788241323825E+000  0.103156578268186E+001  0.100050033358353E-002 -0.107113990171602E+002
  0.100000000000000E+001  0.214161010307406E+002  0.668997920038437E+000  0.974079049921658E+000  0.100050033358353E-002 -0.107080505153703E+002
  0.100000000000000E+001  0.214155413054590E+002  0.668923937963049E+000  0.974166309979401E+000  0.100050033358353E-002 -0.107077706527295E+002
  0.100000000000000E+001  0.214150868105107E+002  0.618082483807631E+000  0.103023443203567E+001  0.100050033358353E-002 -0.107075434052553E+002
  0.100000000000000E+001  0.214149889015313E+002  0.618098987059047E+000  0.103021742646693E+001  0.100050033358353E-002 -0.107074944507657E+002
  0.100000000000000E+001  0.214144529309546E+002  0.618189126773268E+000  0.103012453015949E+001  0.100050033358353E-002 -0.107072264654773E+002
  0.100000000000000E+001  0.214099145169205E+002  0.668136835364429E+000  0.975093597960738E+000  0.100050033358353E-002 -0.107049572584602E+002
  0.100000000000000E+001  0.214092564875344E+002  0.619070923249276E+000  0.102921460984158E+001  0.100050033358353E-002 -0.107046282437672E+002
  0.100000000000000E+001  0.214085011910891E+002  0.667941127696397E+000  0.975323855551262E+000  0.100050033358353E-002 -0.107042505955446E+002
  0.100000000000000E+001  0.214062782351808E+002  0.667640696328740E+000  0.975677087667291E+000  0.100050033358353E-002 -0.107031391175904E+002
  0.100000000000000E+001  0.214029553135677E+002  0.667189698734945E+000  0.976206809921110E+000  0.100050033358353E-002 -0.107014776567838E+002
  0.100000000000000E+001  0.214023813996807E+002  0.667108974853653E+000  0.976301556616899E+000  0.100050033358353E-002 -0.107011906998403E+002
  0.100000000000000E+001  0.213970022961224E+002  0.621292587930813E+000  0.102691274739044E+001  0.100050033358353E-002 -0.106985011480612E+002
  0.100000000000000E+001  0.213943958315427E+002  0.621799482561132E+000  0.102638567435238E+001  0.100050033358353E-002 -0.106971979157713E+002
  0.100000000000000E+001  0.213938876986888E+002  0.665806529974435E+000  0.977827402390274E+000  0.100050033358353E-002 -0.106969438493444E+002
  0.100000000000000E+001  0.213931912445250E+002  0.665702393281301E+000  0.977949169644108E+000  0.100050033358353E-002 -0.106965956222625E+002
  0.100000000000000E+001  0.213907989701977E+002  0.622489789325464E+000  0.102566676038834E+001  0.100050033358353E-002 -0.106953994850988E+002
  0.100000000000000E+001  0.213904677749636E+002  0.665294601490057E+000  0.978425672351091E+000  0.100050033358353E-002 -0.106952338874818E+002
  0.100000000000000E+001  0.213874919874402E+002  0.664817837578800E+000  0.978982104618647E+000  0.100050033358353E-002 -0.106937459937201E+002
  0.100000000000000E+001  0.213857857032854E+002  0.623492721612886E+000  0.102461994318455E+001  0.100050033358353E-002 -0.106928928516427E+002
  0.100000000000000E+001  0.213806883737994E+002  0.663636992599194E+000  0.980357197130746E+000  0.100050033358353E-002 -0.106903441868997E+002
  0.100000000000000E+001  0.213797183118585E+002  0.624754828109838E+000  0.102329869040366E+001  0.100050033358353E-002 -0.106898591559293E+002
  0.100000000000000E+001  0.213783862274389E+002  0.663249373033644E+000  0.980807627033450E+000  0.100050033358353E-002 -0.106891931137195E+002
  0.100000000000000E+001  0.213776323598940E+002  0.625206866391782E+000  0.102282440249808E+001  0.100050033358353E-002 -0.106888161799470E+002
  0.100000000000000E+001  0.213748725117241E+002  0.662594095716212E+000  0.981568018318459E+000  0.100050033358353E-002 -0.106874362558620E+002
  0.100000000000000E+001  0.213744910571881E+002  0.625926377255024E+000  0.102206831461475E+001  0.100050033358353E-002 -0.106872455285941E+002
  0.100000000000000E+001  0.213742488255881E+002  0.662467887668439E+000  0.981714317659925E+000  0.100050033358353E-002 -0.106871244127940E+002
  0.100000000000000E+001  0.213740968602420E+002  0.662436969122865E+000  0.981750150612046E+000  0.100050033358353E-002 -0.106870484301210E+002
  0.100000000000000E+001  0.213728690495495E+002  0.626292057893108E+000  0.102168349624816E+001  0.100050033358353E-002 -0.106864345247748E+002
  0.100000000000000E+001  0.213726851619176E+002  0.662151314990981E+000  0.982081067664714E+000  0.100050033358353E-002 -0.106863425809588E+002
  0.100000000000000E+001  0.213715652398122E+002  0.626582689571225E+000  0.102137739071276E+001  0.100050033358353E-002 -0.106857826199061E+002
  0.100000000000000E+001  0.213705054612135E+002  0.661728891576001E+000  0.982569959900181E+000  0.100050033358353E-002 -0.106852527306067E+002
  0.100000000000000E+001  0.213686962653644E+002  0.627257030827113E+000  0.102066624495538E+001  0.100050033358353E-002 -0.106843481326822E+002
  0.100000000000000E+001  0.213683657843383E+002  0.627339465035187E+000  0.102057922513275E+001  0.100050033358353E-002 -0.106841828921692E+002
  0.100000000000000E+001  0.213674497141236E+002  0.661143017192206E+000  0.983247103987851E+000  0.100050033358353E-002 -0.106837248570618E+002
  0.100000000000000E+001  0.213657224401995E+002  0.660777760212950E+000  0.983668722881460E+000  0.100050033358353E-002 -0.106828612200998E+002
  0.100000000000000E+001  0.213649728400035E+002  0.628195486840114E+000  0.101967446938877E+001  0.100050033358353E-002 -0.106824864200018E+002
  0.100000000000000E+001  0.213640111884149E+002  0.660381904016693E+000  0.984125195810031E+000  0.100050033358353E-002 -0.106820055942074E+002
  0.100000000000000E+001  0.213630924791554E+002  0.660167270542997E+000  0.984372492902707E+000  0.100050033358353E-002 -0.106815462395777E+002
  0.100000000000000E+001  0.213624361843785E+002  0.660017549577466E+000  0.984544914531233E+000  0.100050033358353E-002 -0.106812180921893E+002
  0.100000000000000E+001  0.213611967904820E+002  0.629148059385947E+000  0.101866526917580E+001  0.100050033358353E-002 -0.106805983952410E+002
  0.100000000000000E+001  0.213608103335253E+002  0.659660214965681E+000  0.984956148188010E+000  0.100050033358353E-002 -0.106804051667626E+002
  0.100000000000000E+001  0.213605066982890E+002  0.629338762118356E+000  0.101846292574212E+001  0.100050033358353E-002 -0.106802533491445E+002
  0.100000000000000E+001  0.213591301709134E+002  0.659293742947430E+000  0.985377488072037E+000  0.100050033358353E-002 -0.106795650854567E+002
  0.100000000000000E+001  0.213583087737986E+002  0.659106061464788E+000  0.985593108695502E+000  0.100050033358353E-002 -0.106791543868993E+002
  0.100000000000000E+001  0.213577462815269E+002  0.658971326680880E+000  0.985747833800273E+000  0.100050033358353E-002 -0.106788731407634E+002
  0.100000000000000E+001  0.213574598576298E+002  0.630198926899368E+000  0.101754899266537E+001  0.100050033358353E-002 -0.106787299288149E+002
  0.100000000000000E+001  0.213566803269024E+002  0.630411316549086E+000  0.101732300799920E+001  0.100050033358353E-002 -0.106783401634512E+002
  0.100000000000000E+001  0.213560400766159E+002  0.630585893274835E+000  0.101713716202190E+001  0.100050033358353E-002 -0.106780200383079E+002
  0.100000000000000E+001  0.213557943514606E+002  0.658456489177533E+000  0.986338541945011E+000  0.100050033358353E-002 -0.106778971757303E+002
  0.100000000000000E+001  0.213540050651861E+002  0.657969897355053E+000  0.986896092872270E+000  0.100050033358353E-002 -0.106770025325931E+002
  0.100000000000000E+001  0.213533703545086E+002  0.631376151492791E+000  0.101629482177638E+001  0.100050033358353E-002 -0.106766851772543E+002
  0.100000000000000E+001  0.213525246904772E+002  0.631651153532701E+000  0.101600128429927E+001  0.100050033358353E-002 -0.106762623452386E+002
  0.100000000000000E+001  0.213523859104180E+002  0.631696540038250E+000  0.101595281824865E+001  0.100050033358353E-002 -0.106761929552090E+002
  0.100000000000000E+001  0.213507298228266E+002  0.632225065948168E+000  0.101538800417249E+001  0.100050033358353E-002 -0.106753649114133E+002
  0.100000000000000E+001  0.213503242524043E+002  0.657012822386251E+000  0.987990617917470E+000  0.100050033358353E-002 -0.106751621262022E+002
  0.100000000000000E+001  0.213500189000214E+002  0.632443956128065E+000  0.101515385474539E+001  0.100050033358353E-002 -0.106750094500107E+002
  0.100000000000000E+001  0.213499971229386E+002  0.632449455137560E+000  0.101514797065030E+001  0.100050033358353E-002 -0.106749985614693E+002
  0.100000000000000E+001  0.213498190943712E+002  0.656864224470605E+000  0.988160305171288E+000  0.100050033358353E-002 -0.106749095471856E+002
  0.100000000000000E+001  0.213497381154397E+002  0.632530457421106E+000  0.101506128604517E+001  0.100050033358353E-002 -0.106748690577198E+002
  0.100000000000000E+001  0.213485554179412E+002  0.632907555854758E+000  0.101465749040739E+001  0.100050033358353E-002 -0.106742777089706E+002
  0.100000000000000E+001  0.213485532211586E+002  0.656456391767332E+000  0.988625671595018E+000  0.100050033358353E-002 -0.106742766105793E+002
  0.100000000000000E+001  0.213476803165765E+002  0.656165297278543E+000  0.988957520725657E+000  0.100050033358353E-002 -0.106738401582883E+002
  0.100000000000000E+001  0.213473203604114E+002  0.656049107072327E+000  0.989089905948370E+000  0.100050033358353E-002 -0.106736601802057E+002
  0.100000000000000E+001  0.213472478698258E+002  0.656026024976084E+000  0.989116200411084E+000  0.100050033358353E-002 -0.106736239349129E+002
  0.100000000000000E+001  0.213467645731070E+002  0.633554921922647E+000  0.101396335649562E+001  0.100050033358353E-002 -0.106733822865535E+002
  0.100000000000000E+001  0.213444367573018E+002  0.655160940097544E+000  0.990100510376705E+000  0.100050033358353E-002 -0.106722183786509E+002
  0.100000000000000E+001  0.213435133151567E+002  0.654837486973955E+000  0.990467956906925E+000  0.100050033358353E-002 -0.106717566575784E+002
  0.100000000000000E+001  0.213433605687586E+002  0.634807677179200E+000  0.101261672806920E+001  0.100050033358353E-002 -0.106716802843793E+002
  0.100000000000000E+001  0.213428413248702E+002  0.635011235958237E+000  0.101239749531595E+001  0.100050033358353E-002 -0.106714206624351E+002
  0.100000000000000E+001  0.213425321057836E+002  0.654441155894812E+000  0.990917760657845E+000  0.100050033358353E-002 -0.106712660528918E+002
  0.100000000000000E+001  0.213420201553771E+002  0.654226253683216E+000  0.991161458145089E+000  0.100050033358353E-002 -0.106710100776885E+002
  0.100000000000000E+001  0.213412983342064E+002  0.653937470516455E+000  0.991488715767840E+000  0.100050033358353E-002 -0.106706491671032E+002
  0.100000000000000E+001  0.213409186633636E+002  0.635874509995502E+000  0.101146643939861E+001  0.100050033358353E-002 -0.106704593316818E+002
  0.100000000000000E+001  0.213405541318005E+002  0.636038569323715E+000  0.101128925853413E+001  0.100050033358353E-002 -0.106702770659003E+002
  0.100000000000000E+001  0.213401414584189E+002  0.653505321661399E+000  0.991977968251696E+000  0.100050033358353E-002 -0.106700707292095E+002
  0.100000000000000E+001  0.213396090989952E+002  0.636444254806017E+000  0.101085079644279E+001  0.100050033358353E-002 -0.106698045494976E+002
  0.100000000000000E+001  0.213387525701999E+002  0.652946366582355E+000  0.992609946027846E+000  0.100050033358353E-002 -0.106693762850999E+002
  0.100000000000000E+001  0.213382585280219E+002  0.652704662975107E+000  0.992882934181273E+000  0.100050033358353E-002 -0.106691292640109E+002
  0.100000000000000E+001  0.213370254599699E+002  0.637763805274791E+000  0.100942138136897E+001  0.100050033358353E-002 -0.106685127299849E+002
  0.100000000000000E+001  0.213351986423724E+002  0.638769100528343E+000  0.100832903570778E+001  0.100050033358353E-002 -0.106675993211862E+002
  0.100000000000000E+001  0.213346525729516E+002  0.650789668378804E+000  0.995039581522871E+000  0.100050033358353E-002 -0.106673262864758E+002
  0.100000000000000E+001  0.213345289912590E+002  0.639203481101123E+000  0.100785614214782E+001  0.100050033358353E-002 -0.106672644956295E+002
  0.100000000000000E+001  0.213344015176084E+002  0.650601718396171E+000  0.995250655985642E+000  0.100050033358353E-002 -0.106672007588042E+002
  0.100000000000000E+001  0.213342437570813E+002  0.639427734245230E+000  0.100761179355771E+001  0.100050033358353E-002 -0.106671218785406E+002
  0.100000000000000E+001  0.213341768155080E+002  0.650418543239540E+000  0.995456266439848E+000  0.100050033358353E-002 -0.106670884077540E+002
  0.100000000000000E+001  0.213330145123293E+002  0.640396199357888E+000  0.100655487702758E+001  0.100050033358353E-002 -0.106665072561647E+002
  0.100000000000000E+001  0.213325917073389E+002  0.640702163809974E+000  0.100622040481353E+001  0.100050033358353E-002 -0.106662958536694E+002
  0.100000000000000E+001  0.213322043433467E+002  0.648965999857290E+000  0.997083169852103E+000  0.100050033358353E-002 -0.106661021716734E+002
  0.100000000000000E+001  0.213319759499685E+002  0.641295384830809E+000  0.100557113885109E+001  0.100050033358353E-002 -0.106659879749843E+002
  0.100000000000000E+001  0.213319294868541E+002  0.641356675538901E+000  0.100550399950731E+001  0.100050033358353E-002 -0.106659647434271E+002
  0.100000000000000E+001  0.213314441902478E+002  0.642044816096724E+000  0.100474944473992E+001  0.100050033358353E-002 -0.106657220951239E+002
  0.100000000000000E+001  0.213314313506474E+002  0.647951330459805E+000  0.998215911166279E+000  0.100050033358353E-002 -0.106657156753237E+002
  0.100000000000000E+001  0.213313845093179E+002  0.647896553495470E+000  0.998276975286545E+000  0.100050033358353E-002 -0.106656922546589E+002
  0.100000000000000E+001  0.213312535904027E+002  0.647751472285892E+000  0.998438665551559E+000  0.100050033358353E-002 -0.106656267952013E+002
  0.100000000000000E+001  0.213312432046664E+002  0.642278363450616E+000  0.100449304427654E+001  0.100050033358353E-002 -0.106656216023332E+002
  0.100000000000000E+001  0.213311876976445E+002  0.647681222205094E+000  0.998516935520231E+000  0.100050033358353E-002 -0.106655938488223E+002
  0.100000000000000E+001  0.213308355683281E+002  0.647295902675185E+000  0.998945983913723E+000  0.100050033358353E-002 -0.106654177841641E+002
  0.100000000000000E+001  0.213307732386765E+002  0.647217319833099E+000  0.999033430951098E+000  0.100050033358353E-002 -0.106653866193382E+002
  0.100000000000000E+001  0.213307320565402E+002  0.642882256248958E+000  0.100382932302716E+001  0.100050033358353E-002 -0.106653660282701E+002
  0.100000000000000E+001  0.213305771090526E+002  0.643201447206100E+000  0.100347807991601E+001  0.100050033358353E-002 -0.106652885545263E+002
  0.100000000000000E+001  0.213304923361421E+002  0.643607176074251E+000  0.100303117967266E+001  0.100050033358353E-002 -0.106652461680710E+002
  0.100000000000000E+001  0.213304825853213E+002  0.643675554496156E+000  0.100295581517809E+001  0.100050033358353E-002 -0.106652412926606E+002
  0.100000000000000E+001  0.213304668882855E+002  0.646336528692265E+000  0.100001232706034E+001  0.100050033358353E-002 -0.106652334441427E+002
  0.100000000000000E+001  0.213301613316427E+002  0.644706996946801E+000  0.100181733234387E+001  0.100050033358353E-002 -0.106650806658214E+002
