  0.268435919484466E+000  0.000000000000000E+000 -0.773294558416276E+001 -0.773294558416276E+001
  0.268435919299761E+000  0.000000000000000E+000 -0.889888647067833E+001 -0.889888647067833E+001
  0.264472899602034E+000  0.000000000000000E+000 -0.108727310650931E+002 -0.108727310650931E+002
  0.268435156045829E+000  0.000000000000000E+000 -0.109704861047606E+002 -0.109704861047606E+002
  0.268435919297551E+000  0.000000000000000E+000 -0.784092251403606E+001 -0.784092251403606E+001
  0.268435919294310E+000  0.000000000000000E+000 -0.109857046278052E+002 -0.109857046278052E+002
  0.268435919478733E+000  0.000000000000000E+000 -0.107491379918334E+002 -0.107491379918334E+002
  0.268435919478733E+000  0.000000000000000E+000 -0.114062200250276E+002 -0.114062200250276E+002
  0.264472899602033E+000  0.000000000000000E+000 -0.935675958041878E+001 -0.935675958041878E+001
  0.268435037699058E+000  0.000000000000000E+000 -0.100528792586805E+002 -0.100528792586805E+002
  0.268435919478405E+000  0.000000000000000E+000 -0.112535023906635E+002 -0.112535023906635E+002
  0.268435920215189E+000  0.000000000000000E+000 -0.838575100510038E+001 -0.838575100510038E+001
