  0.292915977608442E+000  0.000000000000000E+000 -0.931569334171433E+001 -0.931569334171433E+001
  0.288483740098826E+000  0.000000000000000E+000 -0.108250842414735E+002 -0.108250842414735E+002
  0.288473709515010E+000  0.000000000000000E+000 -0.109332372453221E+002 -0.109332372453221E+002
  0.291843021128995E+000  0.000000000000000E+000 -0.941297266031536E+001 -0.941297266031536E+001
  0.291843021129012E+000  0.000000000000000E+000 -0.104520116492595E+002 -0.104520116492595E+002
  0.288483745764803E+000  0.000000000000000E+000 -0.106621654794192E+002 -0.106621654794192E+002
  0.280706365027828E+000  0.000000000000000E+000 -0.109430854685678E+002 -0.109430854685678E+002
  0.287441619533903E+000  0.000000000000000E+000 -0.107656236644635E+002 -0.107656236644635E+002
  0.280706251129167E+000  0.000000000000000E+000 -0.856411737761417E+001 -0.856411737761417E+001
  0.291843021128981E+000  0.000000000000000E+000 -0.100007947764837E+002 -0.100007947764837E+002
  0.288483747436678E+000  0.000000000000000E+000 -0.108639262994496E+002 -0.108639262994496E+002
