  0.310599400630873E+000  0.000000000000000E+000 -0.627887777478562E+001 -0.627887777478562E+001
  0.298857673547968E+000  0.000000000000000E+000 -0.112120634915311E+002 -0.112120634915311E+002
  0.298766916670947E+000  0.000000000000000E+000 -0.107753046088030E+002 -0.107753046088030E+002
  0.298769351781676E+000  0.000000000000000E+000 -0.112488067232666E+002 -0.112488067232666E+002
  0.298769351781978E+000  0.000000000000000E+000 -0.102556949630884E+002 -0.102556949630884E+002
  0.299048558342728E+000  0.000000000000000E+000 -0.889803102324918E+001 -0.889803102324918E+001
  0.299048558342728E+000  0.000000000000000E+000 -0.906986771461555E+001 -0.906986771461555E+001
  0.298769350673209E+000  0.000000000000000E+000 -0.995501257832097E+001 -0.995501257832097E+001
  0.300396020878834E+000  0.000000000000000E+000 -0.101046787512869E+002 -0.101046787512869E+002
  0.298769350126980E+000  0.000000000000000E+000 -0.999519080006902E+001 -0.999519080006902E+001
  0.298857673547968E+000  0.000000000000000E+000 -0.103426300620114E+002 -0.103426300620114E+002
  0.298857488951526E+000  0.000000000000000E+000 -0.109823933074546E+002 -0.109823933074546E+002
  0.298857530737320E+000  0.000000000000000E+000 -0.913502116724233E+001 -0.913502116724233E+001
  0.298857673547974E+000  0.000000000000000E+000 -0.104936038585258E+002 -0.104936038585258E+002
  0.298766916671199E+000  0.000000000000000E+000 -0.999556438720936E+001 -0.999556438720936E+001
  0.298769350127059E+000  0.000000000000000E+000 -0.514138722616882E+001 -0.514138722616882E+001
  0.298769350127074E+000  0.000000000000000E+000 -0.849915274905554E+001 -0.849915274905554E+001
  0.299048558342728E+000  0.000000000000000E+000 -0.903187825024147E+001 -0.903187825024147E+001
  0.310599396973201E+000  0.000000000000000E+000 -0.109655020732885E+002 -0.109655020732885E+002
  0.298857673474991E+000  0.000000000000000E+000 -0.114197839079753E+002 -0.114197839079753E+002
  0.298766916671200E+000  0.000000000000000E+000 -0.102877170693537E+002 -0.102877170693537E+002
  0.299061944342115E+000  0.000000000000000E+000 -0.998224970453384E+001 -0.998224970453384E+001
