  0.742509985536299E-002  0.196323123193698E+002  0.233345911621459E+000  0.000000000000000E+000 -0.981615615968490E+001
  0.742509985536299E-002  0.219409699646222E+002  0.233594480132729E+000  0.000000000000000E+000 -0.114286303482482E+002
  0.742509985536299E-002  0.208720528420193E+002  0.233346946429960E+000  0.000000000000000E+000 -0.104360264210097E+002
  0.742509985536299E-002  0.197421906883370E+002  0.233947728233352E+000  0.000000000000000E+000 -0.987109534416848E+001
  0.742509985536299E-002  0.200514013594952E+002  0.233947728232813E+000  0.000000000000000E+000 -0.100257006797476E+002
  0.742509985536299E-002  0.224069082888009E+002  0.233173958768549E+000  0.000000000000000E+000 -0.116615995103375E+002
  0.742509985536299E-002  0.248862665952817E+002  0.233327042297892E+000  0.000000000000000E+000 -0.129012786635779E+002
  0.742509985536299E-002  0.224826437239494E+002  0.233174610547660E+000  0.000000000000000E+000 -0.116994672279118E+002
  0.742509985536299E-002  0.199284722069063E+002  0.233345911621460E+000  0.000000000000000E+000 -0.996423610345314E+001
  0.742509985536299E-002  0.182109330723023E+002  0.233346932343023E+000  0.000000000000000E+000 -0.910546653615113E+001
