  0.233327042914330E+000  0.000000000000000E+000 -0.113096654855216E+002 -0.113096654855216E+002
  0.233283159087677E+000  0.000000000000000E+000 -0.102543294319295E+002 -0.102543294319295E+002
  0.233947728232813E+000  0.000000000000000E+000 -0.100257006797476E+002 -0.100257006797476E+002
  0.233281558582245E+000  0.000000000000000E+000 -0.842557110435237E+001 -0.842557110435237E+001
  0.233346949499136E+000  0.000000000000000E+000 -0.111495141822127E+002 -0.111495141822127E+002
  0.233281558582127E+000  0.000000000000000E+000 -0.113551665506665E+002 -0.113551665506665E+002
  0.233346932343023E+000  0.000000000000000E+000 -0.910546653615113E+001 -0.910546653615113E+001
  0.233346946429960E+000  0.000000000000000E+000 -0.104360264210097E+002 -0.104360264210097E+002
  0.233327042298925E+000  0.000000000000000E+000 -0.979087099978298E+001 -0.979087099978298E+001
  0.233281558571334E+000  0.000000000000000E+000 -0.951953476535277E+001 -0.951953476535277E+001
  0.233281558968575E+000  0.000000000000000E+000 -0.103021103032281E+002 -0.103021103032281E+002
  0.233327044251975E+000  0.000000000000000E+000 -0.103220269439492E+002 -0.103220269439492E+002
