  0.238799696655079E+000  0.000000000000000E+000 -0.103671178582115E+002 -0.103671178582115E+002
  0.238862740977474E+000  0.000000000000000E+000 -0.825035618418038E+001 -0.825035618418038E+001
  0.238862740972509E+000  0.000000000000000E+000 -0.110184267869127E+002 -0.110184267869127E+002
  0.239234986555090E+000  0.000000000000000E+000 -0.111679964595589E+002 -0.111679964595589E+002
  0.238800645754125E+000  0.000000000000000E+000 -0.108388199989126E+002 -0.108388199989126E+002
  0.238799365620703E+000  0.000000000000000E+000 -0.648690385183599E+001 -0.648690385183599E+001
  0.238799446990600E+000  0.000000000000000E+000 -0.105055785718043E+002 -0.105055785718043E+002
  0.238799428483178E+000  0.000000000000000E+000 -0.981380838454001E+001 -0.981380838454001E+001
  0.239234986555069E+000  0.000000000000000E+000 -0.105342681054745E+002 -0.105342681054745E+002
  0.238799044967328E+000  0.000000000000000E+000 -0.107596178041189E+002 -0.107596178041189E+002
  0.238799428138980E+000  0.000000000000000E+000 -0.110260770750416E+002 -0.110260770750416E+002
  0.238862743770655E+000  0.000000000000000E+000 -0.104792557921500E+002 -0.104792557921500E+002
  0.238799428109466E+000  0.000000000000000E+000 -0.956975587099070E+001 -0.956975587099070E+001
  0.238799347928860E+000  0.000000000000000E+000 -0.109791026698229E+002 -0.109791026698229E+002
  0.239235285689908E+000  0.000000000000000E+000 -0.111327848571925E+002 -0.111327848571925E+002
  0.238862740972633E+000  0.000000000000000E+000 -0.968498188671403E+001 -0.968498188671403E+001
  0.238799045402620E+000  0.000000000000000E+000 -0.105326198649130E+002 -0.105326198649130E+002
  0.238818664280164E+000  0.000000000000000E+000 -0.111464945972005E+002 -0.111464945972005E+002
