  0.222532604442381E+000  0.000000000000000E+000 -0.110911896278372E+002 -0.110911896278372E+002
  0.222532692842467E+000  0.000000000000000E+000 -0.112770688792208E+002 -0.112770688792208E+002
  0.222532429665946E+000  0.000000000000000E+000 -0.955485700942225E+001 -0.955485700942225E+001
  0.222537724541748E+000  0.000000000000000E+000 -0.965050268771258E+001 -0.965050268771258E+001
  0.222532694027549E+000  0.000000000000000E+000 -0.113524171017334E+002 -0.113524171017334E+002
  0.222063480867088E+000  0.000000000000000E+000 -0.111403919895605E+002 -0.111403919895605E+002
  0.222537724541721E+000  0.000000000000000E+000 -0.998269164363643E+001 -0.998269164363643E+001
  0.222532429666117E+000  0.000000000000000E+000 -0.109350030907500E+002 -0.109350030907500E+002
  0.222532330447815E+000  0.000000000000000E+000 -0.112084902392877E+002 -0.112084902392877E+002
  0.222532337543191E+000  0.000000000000000E+000 -0.990185442528984E+001 -0.990185442528984E+001
  0.222537724930224E+000  0.000000000000000E+000 -0.100971925677801E+002 -0.100971925677801E+002
