  0.174157058653597E+000  0.000000000000000E+000 -0.913876717199468E+001 -0.913876717199468E+001
  0.174157058658111E+000  0.000000000000000E+000 -0.100028150993359E+002 -0.100028150993359E+002
  0.188025088888483E+000  0.000000000000000E+000 -0.105052061194391E+002 -0.105052061194391E+002
  0.174157729394641E+000  0.000000000000000E+000 -0.111815573399164E+002 -0.111815573399164E+002
  0.165825851074625E+000  0.000000000000000E+000 -0.107214418799594E+002 -0.107214418799594E+002
  0.183649138317739E+000  0.000000000000000E+000 -0.102390829605379E+002 -0.102390829605379E+002
  0.183649138317759E+000  0.000000000000000E+000 -0.786527457263303E+001 -0.786527457263303E+001
  0.173922591849188E+000  0.000000000000000E+000 -0.916180775049008E+001 -0.916180775049008E+001
  0.161408218621937E+000  0.000000000000000E+000 -0.110210095193790E+002 -0.110210095193790E+002
  0.174157736538538E+000  0.000000000000000E+000 -0.102493508295312E+002 -0.102493508295312E+002
  0.173923149567209E+000  0.000000000000000E+000 -0.104893642365304E+002 -0.104893642365304E+002
  0.187618256893054E+000  0.000000000000000E+000 -0.986816942053767E+001 -0.986816942053767E+001
  0.166676609204962E+000  0.000000000000000E+000 -0.104771214014532E+002 -0.104771214014532E+002
  0.174156566820794E+000  0.000000000000000E+000 -0.816731671181615E+001 -0.816731671181615E+001
  0.173923111623785E+000  0.000000000000000E+000 -0.110525371782628E+002 -0.110525371782628E+002
  0.187618256893053E+000  0.000000000000000E+000 -0.102381143372086E+002 -0.102381143372086E+002
  0.174156538192920E+000  0.000000000000000E+000 -0.109926271037518E+002 -0.109926271037518E+002
  0.174156538163611E+000  0.000000000000000E+000 -0.111889651327871E+002 -0.111889651327871E+002
  0.161408629251245E+000  0.000000000000000E+000 -0.112275848863098E+002 -0.112275848863098E+002
  0.188025094311242E+000  0.000000000000000E+000 -0.112703631820467E+002 -0.112703631820467E+002
  0.175024771886641E+000  0.000000000000000E+000 -0.946026149834451E+001 -0.946026149834451E+001
  0.174157043406126E+000  0.000000000000000E+000 -0.922902575474858E+001 -0.922902575474858E+001
  0.174156537539664E+000  0.000000000000000E+000 -0.110949744822460E+002 -0.110949744822460E+002
