  0.128480683794570E+000  0.000000000000000E+000 -0.155418490267857E+002 -0.155418490267857E+002
  0.128288664690592E+000  0.000000000000000E+000 -0.147499003073067E+002 -0.147499003073067E+002
  0.128293504361530E+000  0.000000000000000E+000 -0.144193003821913E+002 -0.144193003821913E+002
  0.128294895129977E+000  0.000000000000000E+000 -0.109751151926948E+002 -0.109751151926948E+002
  0.128293504360642E+000  0.000000000000000E+000 -0.143298013844163E+002 -0.143298013844163E+002
  0.128297987502548E+000  0.000000000000000E+000 -0.144340057119860E+002 -0.144340057119860E+002
  0.128293504366397E+000  0.000000000000000E+000 -0.149896397536585E+002 -0.149896397536585E+002
  0.128294895129920E+000  0.000000000000000E+000 -0.155219140754195E+002 -0.155219140754195E+002
  0.128311500598367E+000  0.000000000000000E+000 -0.133463421916237E+002 -0.133463421916237E+002
  0.128311499914714E+000  0.000000000000000E+000 -0.149991021297380E+002 -0.149991021297380E+002
  0.128289464290586E+000  0.000000000000000E+000 -0.141036900685192E+002 -0.141036900685192E+002
  0.128293504366257E+000  0.000000000000000E+000 -0.145447755366004E+002 -0.145447755366004E+002
  0.128293504366257E+000  0.000000000000000E+000 -0.153844520322226E+002 -0.153844520322226E+002
  0.128293504389425E+000  0.000000000000000E+000 -0.150256046353702E+002 -0.150256046353702E+002
  0.128293504366314E+000  0.000000000000000E+000 -0.157134009310782E+002 -0.157134009310782E+002
  0.128480683794571E+000  0.000000000000000E+000 -0.157490375625300E+002 -0.157490375625300E+002
  0.128297987485520E+000  0.000000000000000E+000 -0.151612549804941E+002 -0.151612549804941E+002
  0.128294232067824E+000  0.000000000000000E+000 -0.152068847158268E+002 -0.152068847158268E+002
  0.128294895129836E+000  0.000000000000000E+000 -0.152602402421683E+002 -0.152602402421683E+002
  0.128293504366286E+000  0.000000000000000E+000 -0.155675103429824E+002 -0.155675103429824E+002
  0.128295177524683E+000  0.000000000000000E+000 -0.140736411626389E+002 -0.140736411626389E+002
  0.128293504366257E+000  0.000000000000000E+000 -0.157378878629360E+002 -0.157378878629360E+002
  0.128311499908119E+000  0.000000000000000E+000 -0.112773480963688E+002 -0.112773480963688E+002
  0.128294895135862E+000  0.000000000000000E+000 -0.154307001182858E+002 -0.154307001182858E+002
  0.128314153903295E+000  0.000000000000000E+000 -0.156698834169155E+002 -0.156698834169155E+002
  0.128293504366397E+000  0.000000000000000E+000 -0.145862247501555E+002 -0.145862247501555E+002
