  0.343956472390130E-002  0.310333108993491E+002  0.144798342543624E+000  0.000000000000000E+000 -0.155166554496746E+002
  0.343956472390130E-002  0.416515922982204E+002  0.140008532912560E+000  0.000000000000000E+000 -0.239066963171717E+002
  0.343956472390130E-002  0.326413091644640E+002  0.144798343142274E+000  0.000000000000000E+000 -0.180983286129767E+002
  0.343956472390130E-002  0.320462668946774E+002  0.132800442600621E+000  0.000000000000000E+000 -0.178008074780834E+002
  0.343956472390130E-002  0.325267892883514E+002  0.144798343140661E+000  0.000000000000000E+000 -0.180410686749204E+002
  0.343956472390130E-002  0.337166751134775E+002  0.129574695179760E+000  0.000000000000000E+000 -0.186360115874835E+002
  0.343956472390130E-002  0.367917404249360E+002  0.129337180797013E+000  0.000000000000000E+000 -0.208338157349912E+002
  0.343956472390130E-002  0.420347474932889E+002  0.375808545726709E-001  0.000000000000000E+000 -0.240982739147060E+002
  0.343956472390130E-002  0.375167989767162E+002  0.111838947554331E+000  0.000000000000000E+000 -0.211963450108814E+002
  0.343956472390130E-002  0.349264417138071E+002  0.144810101066545E+000  0.000000000000000E+000 -0.192408948876483E+002
  0.343956472390130E-002  0.446204959151918E+002  0.429192589683110E-002  0.000000000000000E+000 -0.253911481256574E+002
  0.343956472390130E-002  0.375630762280726E+002  0.134726575037901E+000  0.000000000000000E+000 -0.212194836365596E+002
  0.343956472390130E-002  0.293681520618765E+002  0.144798342543624E+000  0.000000000000000E+000 -0.146840760309382E+002
