  0.118142617729502E+000  0.000000000000000E+000 -0.140567781334816E+002 -0.140567781334816E+002
  0.118625204391926E+000  0.000000000000000E+000 -0.156490748254408E+002 -0.156490748254408E+002
  0.118027630852444E+000  0.000000000000000E+000 -0.147237015124534E+002 -0.147237015124534E+002
  0.118027630853380E+000  0.000000000000000E+000 -0.132456091130393E+002 -0.132456091130393E+002
  0.118025256669527E+000  0.000000000000000E+000 -0.141805979702909E+002 -0.141805979702909E+002
  0.118717491843331E+000  0.000000000000000E+000 -0.123344012896496E+002 -0.123344012896496E+002
  0.118142617729502E+000  0.000000000000000E+000 -0.150046801960213E+002 -0.150046801960213E+002
  0.118717491843334E+000  0.000000000000000E+000 -0.156318551369297E+002 -0.156318551369297E+002
  0.118717491844486E+000  0.000000000000000E+000 -0.147730223743756E+002 -0.147730223743756E+002
  0.118728755120238E+000  0.000000000000000E+000 -0.138825312138492E+002 -0.138825312138492E+002
