  0.883182718347498E-001  0.000000000000000E+000 -0.152614618537642E+002 -0.152614618537642E+002
  0.883871763982939E-001  0.000000000000000E+000 -0.142148805683570E+002 -0.142148805683570E+002
  0.894343071172083E-001  0.000000000000000E+000 -0.153316508146307E+002 -0.153316508146307E+002
  0.883183392988144E-001  0.000000000000000E+000 -0.143584440892923E+002 -0.143584440892923E+002
  0.877361481555751E-001  0.000000000000000E+000 -0.156650720920817E+002 -0.156650720920817E+002
  0.877661252158518E-001  0.000000000000000E+000 -0.148547471182447E+002 -0.148547471182447E+002
  0.909244094117075E-001  0.000000000000000E+000 -0.145316074969760E+002 -0.145316074969760E+002
  0.883180477976854E-001  0.000000000000000E+000 -0.152930195896135E+002 -0.152930195896135E+002
  0.883183396590438E-001  0.000000000000000E+000 -0.156176797897055E+002 -0.156176797897055E+002
  0.883183389862867E-001  0.000000000000000E+000 -0.148464771827585E+002 -0.148464771827585E+002
  0.879921607705697E-001  0.000000000000000E+000 -0.138004682219305E+002 -0.138004682219305E+002
  0.909609006386546E-001  0.000000000000000E+000 -0.149314123461836E+002 -0.149314123461836E+002
  0.883870159458298E-001  0.000000000000000E+000 -0.153459331434209E+002 -0.153459331434209E+002
