  0.787665732524291E-002  0.287898474846285E+002  0.113551219685408E+000  0.000000000000000E+000 -0.143949237423142E+002
  0.787665732524291E-002  0.445072484409707E+002  0.105752653008402E+000  0.000000000000000E+000 -0.248642737847345E+002
  0.787665732524291E-002  0.387946939083622E+002  0.118290869357388E+000  0.000000000000000E+000 -0.213650418728920E+002
  0.787665732524291E-002  0.345040814211123E+002  0.113551202516627E+000  0.000000000000000E+000 -0.172520407105561E+002
  0.787665732524291E-002  0.457516418994433E+002  0.380737570559120E-003  0.000000000000000E+000 -0.254864705139708E+002
  0.787665732524291E-002  0.330256434610086E+002  0.116074588957837E+000  0.000000000000000E+000 -0.175628521449456E+002
  0.787665732524291E-002  0.439428500454006E+002  0.563609558217830E-001  0.000000000000000E+000 -0.245820745869495E+002
  0.787665732524291E-002  0.388193880190164E+002  0.196663119927699E+000  0.000000000000000E+000 -0.213773889282191E+002
  0.787665732524291E-002  0.425497265542783E+002  0.735523844554096E-001  0.000000000000000E+000 -0.238855128413883E+002
  0.787665732524291E-002  0.363947127020921E+002  0.117975207931693E+000  0.000000000000000E+000 -0.198421787989243E+002
  0.787665732524291E-002  0.423248680669804E+002  0.108764856833252E+000  0.000000000000000E+000 -0.233142394196690E+002
  0.787665732524291E-002  0.432908082741712E+002  0.958244804540628E-001  0.000000000000000E+000 -0.242560537013348E+002
  0.787665732524291E-002  0.277951028674948E+002  0.113551202516620E+000  0.000000000000000E+000 -0.138975514337474E+002
