  0.275152162740079E-002  0.315398359873357E+002  0.100027440478273E+000  0.000000000000000E+000 -0.157699179936679E+002
  0.275152162740079E-002  0.351907856380875E+002  0.877629682862085E-001  0.000000000000000E+000 -0.191844197342177E+002
  0.275152162740079E-002  0.348818399951791E+002  0.879944127054547E-001  0.000000000000000E+000 -0.190299469127635E+002
  0.275152162740079E-002  0.424478620007054E+002  0.127786034829634E+000  0.000000000000000E+000 -0.234017276891556E+002
  0.275152162740079E-002  0.423555516010036E+002  0.112664467170967E+000  0.000000000000000E+000 -0.233555724893047E+002
  0.275152162740079E-002  0.355090766654837E+002  0.883183391239410E-001  0.000000000000000E+000 -0.193435652479158E+002
  0.275152162740079E-002  0.356305981549640E+002  0.100053815549167E+000  0.000000000000000E+000 -0.194043259926560E+002
  0.275152162740079E-002  0.356511566323357E+002  0.901916169240894E-001  0.000000000000000E+000 -0.194146052313418E+002
  0.275152162740079E-002  0.357182866312518E+002  0.894314710511969E-001  0.000000000000000E+000 -0.194481702307999E+002
  0.275152162740079E-002  0.431176570245841E+002  0.323578221889427E-001  0.000000000000000E+000 -0.241954693791653E+002
  0.275152162740079E-002  0.455090145175683E+002  0.429192589683110E-002  0.000000000000000E+000 -0.253911481256574E+002
  0.275152162740079E-002  0.357886659245647E+002  0.861543115916193E-001  0.000000000000000E+000 -0.194833598774563E+002
  0.275152162740079E-002  0.427343397535374E+002  0.123895913725160E+000  0.000000000000000E+000 -0.235449665655715E+002
  0.275152162740079E-002  0.456996592941951E+002  0.380737570559120E-003  0.000000000000000E+000 -0.254864705139708E+002
  0.275152162740079E-002  0.368297268458791E+002  0.926108650806519E-001  0.000000000000000E+000 -0.200038903381135E+002
  0.275152162740079E-002  0.373297819130435E+002  0.884971446553524E-001  0.000000000000000E+000 -0.202539178716957E+002
  0.275152162740079E-002  0.433281942168420E+002  0.565956266216720E-001  0.000000000000000E+000 -0.243007379752943E+002
  0.275152162740079E-002  0.415045007459413E+002  0.917259004919289E-001  0.000000000000000E+000 -0.229300470617735E+002
  0.275152162740079E-002  0.444703635618842E+002  0.854635831594108E-002  0.000000000000000E+000 -0.248718226478153E+002
  0.275152162740079E-002  0.407147340867399E+002  0.126798139098889E+000  0.000000000000000E+000 -0.225351637321728E+002
  0.275152162740079E-002  0.300696662151261E+002  0.100027472365214E+000  0.000000000000000E+000 -0.150348331075630E+002
