  0.978078379015925E-002  0.378464347695627E+002  0.111763630630781E+000  0.000000000000000E+000 -0.204953485090321E+002
  0.978078379015925E-002  0.303281264472187E+002  0.116373634472320E+000  0.000000000000000E+000 -0.151640632236093E+002
  0.978078379015925E-002  0.310569559446757E+002  0.116373634472292E+000  0.000000000000000E+000 -0.155284779723379E+002
  0.978078379015925E-002  0.410416607334536E+002  0.107480036646549E+000  0.000000000000000E+000 -0.222770719584455E+002
  0.978078379015925E-002  0.335786946549497E+002  0.116373642787479E+000  0.000000000000000E+000 -0.171073417108348E+002
  0.978078379015925E-002  0.298144031386365E+002  0.116373634582739E+000  0.000000000000000E+000 -0.149072015693182E+002
  0.978078379015925E-002  0.335100388633484E+002  0.111771169819002E+000  0.000000000000000E+000 -0.174094860516554E+002
  0.978078379015925E-002  0.315158751210255E+002  0.116406831914058E+000  0.000000000000000E+000 -0.160759319438728E+002
  0.978078379015925E-002  0.333615758837081E+002  0.116373557096729E+000  0.000000000000000E+000 -0.169987823252140E+002
  0.978078379015925E-002  0.293180007713277E+002  0.116373634596978E+000  0.000000000000000E+000 -0.146590003856639E+002
  0.978078379015925E-002  0.381450598573536E+002  0.106412979523398E+000  0.000000000000000E+000 -0.203217885820949E+002
  0.978078379015925E-002  0.400222022535104E+002  0.103464584544155E+000  0.000000000000000E+000 -0.215832322510060E+002
  0.978078379015925E-002  0.366472930156745E+002  0.101696370164598E+000  0.000000000000000E+000 -0.195729051612554E+002
  0.978078379015925E-002  0.465427694883635E+002  0.380737570559120E-003  0.000000000000000E+000 -0.254864705139708E+002
  0.978078379015925E-002  0.457310680573574E+002  0.370124898510132E-001  0.000000000000000E+000 -0.250806197984678E+002
  0.978078379015925E-002  0.321870570916413E+002  0.116373627289636E+000  0.000000000000000E+000 -0.164115229291806E+002
  0.978078379015925E-002  0.330166346338732E+002  0.116378317885626E+000  0.000000000000000E+000 -0.168263117002966E+002
  0.978078379015925E-002  0.459251104926998E+002  0.682330933899228E-001  0.000000000000000E+000 -0.251776410161390E+002
  0.978078379015925E-002  0.398194100448141E+002  0.108172667980943E+000  0.000000000000000E+000 -0.214818361466579E+002
  0.978078379015925E-002  0.473134977418175E+002  0.302341904542056E-001  0.000000000000000E+000 -0.258718346406978E+002
  0.978078379015925E-002  0.440819358630914E+002  0.958244804540628E-001  0.000000000000000E+000 -0.242560537013348E+002
  0.978078379015925E-002  0.340371242067172E+002  0.116373634598070E+000  0.000000000000000E+000 -0.176730287233398E+002
  0.978078379015925E-002  0.373129445642698E+002  0.103445220746020E+000  0.000000000000000E+000 -0.199057309355531E+002
  0.978078379015925E-002  0.347365368771874E+002  0.111769690743905E+000  0.000000000000000E+000 -0.180227350585749E+002
  0.978078379015925E-002  0.396105156079366E+002  0.196663119927699E+000  0.000000000000000E+000 -0.213773889282191E+002
  0.978078379015925E-002  0.459579167336500E+002  0.389160481015092E-001  0.000000000000000E+000 -0.251940441366141E+002
  0.978078379015925E-002  0.459524122114415E+002  0.104922149187102E+000  0.000000000000000E+000 -0.251912918755099E+002
  0.978078379015925E-002  0.395858214972824E+002  0.118290869357388E+000  0.000000000000000E+000 -0.213650418728920E+002
  0.978078379015925E-002  0.328617902998405E+002  0.116373634596978E+000  0.000000000000000E+000 -0.167488895332802E+002
  0.978078379015925E-002  0.287635523043919E+002  0.116373634472316E+000  0.000000000000000E+000 -0.143817761521960E+002
