  0.106441020595611E+000  0.000000000000000E+000 -0.144218166170688E+002 -0.144218166170688E+002
  0.106441032926356E+000  0.000000000000000E+000 -0.150405064585385E+002 -0.150405064585385E+002
  0.106441038024709E+000  0.000000000000000E+000 -0.143368562405669E+002 -0.143368562405669E+002
  0.106438775278662E+000  0.000000000000000E+000 -0.120641239283073E+002 -0.120641239283073E+002
  0.106441033519674E+000  0.000000000000000E+000 -0.147288071355214E+002 -0.147288071355214E+002
  0.106441038024710E+000  0.000000000000000E+000 -0.134275389762804E+002 -0.134275389762804E+002
  0.106438775291185E+000  0.000000000000000E+000 -0.138447558665785E+002 -0.138447558665785E+002
  0.106441032926356E+000  0.000000000000000E+000 -0.153120028442696E+002 -0.153120028442696E+002
  0.106441038024710E+000  0.000000000000000E+000 -0.151943314056729E+002 -0.151943314056729E+002
  0.106438775276594E+000  0.000000000000000E+000 -0.122726721288175E+002 -0.122726721288175E+002
  0.106088193600507E+000  0.000000000000000E+000 -0.135027821748790E+002 -0.135027821748790E+002
