  0.100000000000000E+001  0.177773491952294E+002  0.422603046967839E-002  0.131053029724441E+001  0.100050033358353E-002 -0.888867459761468E+001
  0.100000000000000E+001  0.175410634562217E+002  0.182004471801224E-001  0.131032491938893E+001  0.100050033358353E-002 -0.877053172811087E+001
  0.100000000000000E+001  0.172655136817661E+002  0.201215015358042E-001  0.131027667041013E+001  0.100050033358353E-002 -0.863275684088303E+001
  0.100000000000000E+001  0.169058091093568E+002  0.736353582573064E-001  0.130698418254796E+001  0.100050033358353E-002 -0.845290455467839E+001
  0.100000000000000E+001  0.168937199764532E+002  0.287697635584460E-001  0.130999952037939E+001  0.100050033358353E-002 -0.844685998822659E+001
  0.100000000000000E+001  0.168872153662580E+002  0.431445314088576E-001  0.130932167725297E+001  0.100050033358353E-002 -0.844360768312902E+001
  0.100000000000000E+001  0.168795441124033E+002  0.316049782050090E-001  0.130988730288003E+001  0.100050033358353E-002 -0.843977205620164E+001
  0.100000000000000E+001  0.168786960868525E+002  0.337373960839557E-001  0.130979595040259E+001  0.100050033358353E-002 -0.843934804342626E+001
  0.100000000000000E+001  0.168769796748178E+002  0.341089066569999E-001  0.130977942437961E+001  0.100050033358353E-002 -0.843848983740892E+001
  0.100000000000000E+001  0.168733433573379E+002  0.396715038414709E-001  0.130951030992481E+001  0.100050033358353E-002 -0.843667167866895E+001
  0.100000000000000E+001  0.168711769296535E+002  0.415795737049109E-001  0.130940863748832E+001  0.100050033358353E-002 -0.843558846482674E+001
  0.100000000000000E+001  0.168698203449251E+002  0.448504035690287E-001  0.130922322038439E+001  0.100050033358353E-002 -0.843491017246253E+001
  0.100000000000000E+001  0.168695913416194E+002  0.101098910157076E-001  0.131047502310754E+001  0.100050033358353E-002 -0.843479567080968E+001
  0.100000000000000E+001  0.168687963395723E+002  0.489258162931766E-001  0.130897251474933E+001  0.100050033358353E-002 -0.843439816978614E+001
  0.100000000000000E+001  0.168658156033276E+002  0.568982104757930E-001  0.130841890177421E+001  0.100050033358353E-002 -0.843290780166381E+001
  0.100000000000000E+001  0.168656725995376E+002  0.457182441523392E-001  0.130917166374721E+001  0.100050033358353E-002 -0.843283629976882E+001
  0.100000000000000E+001  0.168629975960481E+002  0.641799011476474E-001  0.130784011444588E+001  0.100050033358353E-002 -0.843149879802404E+001
  0.100000000000000E+001  0.168617324697629E+002  0.671250808047120E-001  0.130758616199934E+001  0.100050033358353E-002 -0.843086623488145E+001
  0.100000000000000E+001  0.168594723476250E+002  0.725964303118789E-001  0.130708400131386E+001  0.100050033358353E-002 -0.842973617381252E+001
  0.100000000000000E+001  0.168590763893402E+002  0.733074750687950E-001  0.130701583911816E+001  0.100050033358353E-002 -0.842953819467008E+001
  0.100000000000000E+001  0.168590695581205E+002  0.733408167126061E-001  0.130701262652603E+001  0.100050033358353E-002 -0.842953477906027E+001
  0.100000000000000E+001  0.168539479115874E+002  0.691088474920092E-001  0.130740865849680E+001  0.100050033358353E-002 -0.842697395579371E+001
  0.100000000000000E+001  0.168517796859842E+002  0.149425567838402E-001  0.131039568292112E+001  0.100050033358353E-002 -0.842588984299212E+001
  0.100000000000000E+001  0.168512051733417E+002  0.891105809524991E-001  0.130532832174209E+001  0.100050033358353E-002 -0.842560258667084E+001
  0.100000000000000E+001  0.168494431217063E+002  0.922393046203981E-001  0.130495498671825E+001  0.100050033358353E-002 -0.842472156085316E+001
  0.100000000000000E+001  0.168484003775449E+002  0.940388214009233E-001  0.130473437385386E+001  0.100050033358353E-002 -0.842420018877247E+001
  0.100000000000000E+001  0.168466291037652E+002  0.970383159135209E-001  0.130435708899065E+001  0.100050033358353E-002 -0.842331455188260E+001
  0.100000000000000E+001  0.168434353751920E+002  0.102231890634138E+000  0.130367553914747E+001  0.100050033358353E-002 -0.842171768759601E+001
  0.100000000000000E+001  0.168430635034640E+002  0.102808397334180E+000  0.130359767116774E+001  0.100050033358353E-002 -0.842153175173198E+001
  0.100000000000000E+001  0.168427693087787E+002  0.103296041981055E+000  0.130353146016695E+001  0.100050033358353E-002 -0.842138465438936E+001
  0.100000000000000E+001  0.168420773698332E+002  0.104363966406739E+000  0.130338535415008E+001  0.100050033358353E-002 -0.842103868491662E+001
  0.100000000000000E+001  0.168387503207372E+002  0.109416144236782E+000  0.130267354496671E+001  0.100050033358353E-002 -0.841937516036862E+001
  0.100000000000000E+001  0.168386972395451E+002  0.113607804381647E+000  0.130205712509948E+001  0.100050033358353E-002 -0.841934861977253E+001
  0.100000000000000E+001  0.168381787259838E+002  0.109948216421195E+000  0.130259659901934E+001  0.100050033358353E-002 -0.841908936299189E+001
  0.100000000000000E+001  0.168380277509708E+002  0.110469090953259E+000  0.130252090642580E+001  0.100050033358353E-002 -0.841901387548539E+001
  0.100000000000000E+001  0.168346857030434E+002  0.115266164761228E+000  0.130180676857010E+001  0.100050033358353E-002 -0.841734285152168E+001
  0.100000000000000E+001  0.168338077169965E+002  0.115375299445960E+000  0.130179016397381E+001  0.100050033358353E-002 -0.841690385849827E+001
  0.100000000000000E+001  0.168328352396056E+002  0.117836196987302E+000  0.130141151432371E+001  0.100050033358353E-002 -0.841641761980282E+001
  0.100000000000000E+001  0.168299591554719E+002  0.121729878107977E+000  0.130079584759386E+001  0.100050033358353E-002 -0.841497957773596E+001
  0.100000000000000E+001  0.168250752696350E+002  0.128658869420124E+000  0.129964996821774E+001  0.100050033358353E-002 -0.841253763481752E+001
  0.100000000000000E+001  0.168223560783692E+002  0.131428210459865E+000  0.129917395364112E+001  0.100050033358353E-002 -0.841117803918461E+001
  0.100000000000000E+001  0.168190034578250E+002  0.136100415476863E+000  0.129834746878597E+001  0.100050033358353E-002 -0.840950172891248E+001
  0.100000000000000E+001  0.168169496443635E+002  0.137947733606383E+000  0.129801257619786E+001  0.100050033358353E-002 -0.840847482218176E+001
  0.100000000000000E+001  0.168134295903339E+002  0.141973904083008E+000  0.129726673492404E+001  0.100050033358353E-002 -0.840671479516696E+001
  0.100000000000000E+001  0.168085754446240E+002  0.147428689152218E+000  0.129622129832399E+001  0.100050033358353E-002 -0.840428772231198E+001
  0.100000000000000E+001  0.168079630801385E+002  0.148098996031031E+000  0.129609005217349E+001  0.100050033358353E-002 -0.840398154006925E+001
  0.100000000000000E+001  0.168072489907819E+002  0.148858169801269E+000  0.129594067069730E+001  0.100050033358353E-002 -0.840362449539094E+001
  0.100000000000000E+001  0.168057108225245E+002  0.150502440711370E+000  0.129561445153662E+001  0.100050033358353E-002 -0.840285541126224E+001
  0.100000000000000E+001  0.168040736486527E+002  0.152509335098276E+000  0.129521131913669E+001  0.100050033358353E-002 -0.840203682432637E+001
  0.100000000000000E+001  0.167991149244377E+002  0.157458449910153E+000  0.129419379205880E+001  0.100050033358353E-002 -0.839955746221886E+001
  0.100000000000000E+001  0.167959589598371E+002  0.160604591025909E+000  0.129352962789884E+001  0.100050033358353E-002 -0.839797947991856E+001
  0.100000000000000E+001  0.167951796487611E+002  0.161354436628109E+000  0.129336934216301E+001  0.100050033358353E-002 -0.839758982438056E+001
  0.100000000000000E+001  0.167868730732404E+002  0.169151985226125E+000  0.129165706171932E+001  0.100050033358353E-002 -0.839343653662022E+001
  0.100000000000000E+001  0.167838059716275E+002  0.172438262090810E+000  0.129091051016151E+001  0.100050033358353E-002 -0.839190298581374E+001
  0.100000000000000E+001  0.167807788246129E+002  0.175260882191219E+000  0.129025746732388E+001  0.100050033358353E-002 -0.839038941230644E+001
  0.100000000000000E+001  0.167779843921524E+002  0.177802368770467E+000  0.128966010697363E+001  0.100050033358353E-002 -0.838899219607619E+001
  0.100000000000000E+001  0.167766281089984E+002  0.179024853068185E+000  0.128936960652340E+001  0.100050033358353E-002 -0.838831405449922E+001
  0.100000000000000E+001  0.167710185701691E+002  0.183994430560791E+000  0.128816749122187E+001  0.100050033358353E-002 -0.838550928508456E+001
  0.100000000000000E+001  0.167697477052135E+002  0.185122897051092E+000  0.128788977613454E+001  0.100050033358353E-002 -0.838487385260676E+001
  0.100000000000000E+001  0.167625830567781E+002  0.191276769083667E+000  0.128634433831300E+001  0.100050033358353E-002 -0.838129152838903E+001
  0.100000000000000E+001  0.167607697177607E+002  0.192778470287557E+000  0.128595925306087E+001  0.100050033358353E-002 -0.838038485888034E+001
  0.100000000000000E+001  0.167531655399760E+002  0.199029568087682E+000  0.128432262207589E+001  0.100050033358353E-002 -0.837658276998800E+001
  0.100000000000000E+001  0.167504169580317E+002  0.201162995602968E+000  0.128375161535547E+001  0.100050033358353E-002 -0.837520847901584E+001
  0.100000000000000E+001  0.167457508567191E+002  0.205093082810458E+000  0.128268311733343E+001  0.100050033358353E-002 -0.837287542835953E+001
  0.100000000000000E+001  0.167437789208576E+002  0.206478159112245E+000  0.128230140529361E+001  0.100050033358353E-002 -0.837188946042879E+001
  0.100000000000000E+001  0.167377701682390E+002  0.210677410539680E+000  0.128112772314965E+001  0.100050033358353E-002 -0.836888508411950E+001
  0.100000000000000E+001  0.167357120211437E+002  0.211684050377292E+000  0.128084269603706E+001  0.100050033358353E-002 -0.836785601057185E+001
  0.100000000000000E+001  0.167336944414580E+002  0.214192740644438E+000  0.128012617556128E+001  0.100050033358353E-002 -0.836684722072899E+001
  0.100000000000000E+001  0.167302620820475E+002  0.216737545644256E+000  0.127939029812691E+001  0.100050033358353E-002 -0.836513104102376E+001
  0.100000000000000E+001  0.167280466163934E+002  0.218927703743423E+000  0.127874967004752E+001  0.100050033358353E-002 -0.836402330819671E+001
  0.100000000000000E+001  0.167247693996431E+002  0.220765093912066E+000  0.127820700823953E+001  0.100050033358353E-002 -0.836238469982156E+001
  0.100000000000000E+001  0.167189548971390E+002  0.224988788261313E+000  0.127694147556825E+001  0.100050033358353E-002 -0.835947744856951E+001
  0.100000000000000E+001  0.167188499407578E+002  0.225052021584444E+000  0.127692233732560E+001  0.100050033358353E-002 -0.835942497037892E+001
  0.100000000000000E+001  0.167161904693776E+002  0.226942333780528E+000  0.127634759695496E+001  0.100050033358353E-002 -0.835809523468879E+001
  0.100000000000000E+001  0.167161902385774E+002  0.226942530407930E+000  0.127634753690777E+001  0.100050033358353E-002 -0.835809511928871E+001
  0.100000000000000E+001  0.167161316795632E+002  0.226976142457424E+000  0.127633727146380E+001  0.100050033358353E-002 -0.835806583978158E+001
  0.100000000000000E+001  0.167150973541198E+002  0.227714073554210E+000  0.127611149624339E+001  0.100050033358353E-002 -0.835754867705992E+001
  0.100000000000000E+001  0.167142494513169E+002  0.228310635721629E+000  0.127592840882140E+001  0.100050033358353E-002 -0.835712472565845E+001
  0.100000000000000E+001  0.167104112164519E+002  0.230993866057552E+000  0.127509866222906E+001  0.100050033358353E-002 -0.835520560822597E+001
  0.100000000000000E+001  0.166886921002399E+002  0.245612041047248E+000  0.127039775181403E+001  0.100050033358353E-002 -0.834434605011994E+001
  0.100000000000000E+001  0.166878721790853E+002  0.246145261571109E+000  0.127022048797492E+001  0.100050033358353E-002 -0.834393608954263E+001
  0.100000000000000E+001  0.166871644507457E+002  0.246606891541120E+000  0.127006669319401E+001  0.100050033358353E-002 -0.834358222537286E+001
  0.100000000000000E+001  0.166863279547152E+002  0.247148026325967E+000  0.126988602024134E+001  0.100050033358353E-002 -0.834316397735761E+001
  0.100000000000000E+001  0.166838624771901E+002  0.248742951987767E+000  0.126935105533927E+001  0.100050033358353E-002 -0.834193123859503E+001
  0.100000000000000E+001  0.166726209549963E+002  0.474733494146934E+000  0.115344680381524E+001  0.100050033358353E-002 -0.833631047749813E+001
  0.100000000000000E+001  0.166725288212404E+002  0.255936711456655E+000  0.126689248492656E+001  0.100050033358353E-002 -0.833626441062022E+001
  0.100000000000000E+001  0.166714888801315E+002  0.261496658856319E+000  0.126494088009183E+001  0.100050033358353E-002 -0.833574444006577E+001
  0.100000000000000E+001  0.166610900660935E+002  0.262997893587773E+000  0.126440621350740E+001  0.100050033358353E-002 -0.833054503304676E+001
  0.100000000000000E+001  0.166597283395047E+002  0.262423244405616E+000  0.126461126379862E+001  0.100050033358353E-002 -0.832986416975237E+001
  0.100000000000000E+001  0.166551280387478E+002  0.102611653767735E-001  0.131047300370752E+001  0.100050033358353E-002 -0.832756401937392E+001
  0.100000000000000E+001  0.166517618910575E+002  0.268602491163565E+000  0.126238103676250E+001  0.100050033358353E-002 -0.832588094552873E+001
  0.100000000000000E+001  0.166470940223723E+002  0.998457484961851E+000  0.727634200664686E-001  0.100050033358353E-002 -0.832354701118617E+001
  0.100000000000000E+001  0.166434247264994E+002  0.273521796480262E+000  0.126056553583124E+001  0.100050033358353E-002 -0.832171236324972E+001
  0.100000000000000E+001  0.166432705699361E+002  0.273611832358105E+000  0.126053197588505E+001  0.100050033358353E-002 -0.832163528496806E+001
  0.100000000000000E+001  0.166431516376585E+002  0.273656702751709E+000  0.126051524645038E+001  0.100050033358353E-002 -0.832157581882926E+001
  0.100000000000000E+001  0.166367013550625E+002  0.277420367291441E+000  0.125910143771760E+001  0.100050033358353E-002 -0.831835067753125E+001
  0.100000000000000E+001  0.166359088229405E+002  0.277878543277077E+000  0.125892789745662E+001  0.100050033358353E-002 -0.831795441147026E+001
  0.100000000000000E+001  0.166319537612488E+002  0.998222873798349E+000  0.780965846875763E-001  0.100050033358353E-002 -0.831597688062442E+001
  0.100000000000000E+001  0.166275538167837E+002  0.282638741767780E+000  0.125710652241383E+001  0.100050033358353E-002 -0.831377690839184E+001
  0.100000000000000E+001  0.166268992092762E+002  0.283010825500914E+000  0.125696273767512E+001  0.100050033358353E-002 -0.831344960463808E+001
  0.100000000000000E+001  0.166253634566587E+002  0.283874823561065E+000  0.125662806863480E+001  0.100050033358353E-002 -0.831268172832935E+001
  0.100000000000000E+001  0.166241822229609E+002  0.284532606513473E+000  0.125637253289218E+001  0.100050033358353E-002 -0.831209111148045E+001
  0.100000000000000E+001  0.166215373309155E+002  0.537221331375875E-002  0.131052308829960E+001  0.100050033358353E-002 -0.831076866545777E+001
  0.100000000000000E+001  0.166107933851835E+002  0.291946305791073E+000  0.125344785774171E+001  0.100050033358353E-002 -0.830539669259175E+001
  0.100000000000000E+001  0.166031462803970E+002  0.296096288609262E+000  0.125177480111700E+001  0.100050033358353E-002 -0.830157314019848E+001
  0.100000000000000E+001  0.166011846165739E+002  0.297147465202809E+000  0.125134691442866E+001  0.100050033358353E-002 -0.830059230828694E+001
  0.100000000000000E+001  0.165998858463699E+002  0.297842274077368E+000  0.125106317594857E+001  0.100050033358353E-002 -0.829994292318495E+001
  0.100000000000000E+001  0.165987282907380E+002  0.298455634216011E+000  0.125081209424458E+001  0.100050033358353E-002 -0.829936414536901E+001
  0.100000000000000E+001  0.165923186365915E+002  0.301864464022048E+000  0.124940633114875E+001  0.100050033358353E-002 -0.829615931829574E+001
  0.100000000000000E+001  0.165916672393478E+002  0.302186705556346E+000  0.124927253405187E+001  0.100050033358353E-002 -0.829583361967389E+001
  0.100000000000000E+001  0.165871692728039E+002  0.304569299025094E+000  0.124827838485491E+001  0.100050033358353E-002 -0.829358463640196E+001
  0.100000000000000E+001  0.165867691218503E+002  0.304779125019684E+000  0.124819042171446E+001  0.100050033358353E-002 -0.829338456092515E+001
  0.100000000000000E+001  0.165805026683070E+002  0.321921546216489E+000  0.124077706350108E+001  0.100050033358353E-002 -0.829025133415351E+001
  0.100000000000000E+001  0.165782273424823E+002  0.309207878087935E+000  0.124631819894568E+001  0.100050033358353E-002 -0.828911367124115E+001
  0.100000000000000E+001  0.165759010982526E+002  0.310453086039794E+000  0.124578641938466E+001  0.100050033358353E-002 -0.828795054912632E+001
  0.100000000000000E+001  0.165668741720935E+002  0.314996813065353E+000  0.124382588291634E+001  0.100050033358353E-002 -0.828343708604677E+001
  0.100000000000000E+001  0.165640945057241E+002  0.316276319386409E+000  0.124326809457443E+001  0.100050033358353E-002 -0.828204725286204E+001
  0.100000000000000E+001  0.165630429068972E+002  0.316931851175570E+000  0.124298134851674E+001  0.100050033358353E-002 -0.828152145344860E+001
  0.100000000000000E+001  0.165583490705912E+002  0.319271356465273E+000  0.124195260544592E+001  0.100050033358353E-002 -0.827917453529562E+001
  0.100000000000000E+001  0.165525644929447E+002  0.322144606541242E+000  0.124067762642524E+001  0.100050033358353E-002 -0.827628224647234E+001
  0.100000000000000E+001  0.165486867615051E+002  0.324058582959033E+000  0.123982124244667E+001  0.100050033358353E-002 -0.827434338075253E+001
  0.100000000000000E+001  0.165285122034641E+002  0.333789005278512E+000  0.123537955056277E+001  0.100050033358353E-002 -0.826425610173207E+001
  0.100000000000000E+001  0.165260809038869E+002  0.334947689849326E+000  0.123484080144705E+001  0.100050033358353E-002 -0.826304045194346E+001
  0.100000000000000E+001  0.165199102256195E+002  0.337868678467094E+000  0.123347329974292E+001  0.100050033358353E-002 -0.825995511280973E+001
  0.100000000000000E+001  0.165118094572201E+002  0.341634792018333E+000  0.123169034129045E+001  0.100050033358353E-002 -0.825590472861006E+001
  0.100000000000000E+001  0.165086821859517E+002  0.125019644815495E-001  0.131043957771974E+001  0.100050033358353E-002 -0.825434109297585E+001
  0.100000000000000E+001  0.164906903234525E+002  0.351299137190029E+000  0.122701234221259E+001  0.100050033358353E-002 -0.824534516172626E+001
  0.100000000000000E+001  0.164896038821325E+002  0.351788350124796E+000  0.122677158856843E+001  0.100050033358353E-002 -0.824480194106625E+001
  0.100000000000000E+001  0.164894906424425E+002  0.351839588384200E+000  0.122674635084986E+001  0.100050033358353E-002 -0.824474532122123E+001
  0.100000000000000E+001  0.164831573607032E+002  0.354679017462724E+000  0.122534120779078E+001  0.100050033358353E-002 -0.824157868035158E+001
  0.100000000000000E+001  0.164828408600546E+002  0.354820694679514E+000  0.122527075802105E+001  0.100050033358353E-002 -0.824142043002729E+001
  0.100000000000000E+001  0.164769476144388E+002  0.357441503403273E+000  0.122396173556702E+001  0.100050033358353E-002 -0.823847380721938E+001
  0.100000000000000E+001  0.164719250971127E+002  0.359675667351768E+000  0.122283710785227E+001  0.100050033358353E-002 -0.823596254855634E+001
  0.100000000000000E+001  0.164501953742670E+002  0.369093993346448E+000  0.121800734523133E+001  0.100050033358353E-002 -0.822509768713349E+001
  0.100000000000000E+001  0.164489757969240E+002  0.369614127753902E+000  0.121773641420252E+001  0.100050033358353E-002 -0.822448789846199E+001
  0.100000000000000E+001  0.164489564216408E+002  0.369624459809888E+000  0.121773102789756E+001  0.100050033358353E-002 -0.822447821082038E+001
  0.100000000000000E+001  0.164446499021204E+002  0.371469576826265E+000  0.121676633337650E+001  0.100050033358353E-002 -0.822232495106020E+001
  0.100000000000000E+001  0.164332555993678E+002  0.376346685293199E+000  0.121418952493809E+001  0.100050033358353E-002 -0.821662779968388E+001
  0.100000000000000E+001  0.164292108640120E+002  0.377977975650971E+000  0.121331890077400E+001  0.100050033358353E-002 -0.821460543200599E+001
  0.100000000000000E+001  0.164238326459165E+002  0.380215105119050E+000  0.121211779050651E+001  0.100050033358353E-002 -0.821191632295823E+001
  0.100000000000000E+001  0.164142983996683E+002  0.994543846181328E+000  0.136714960180685E+000  0.100050033358353E-002 -0.820714919983413E+001
  0.100000000000000E+001  0.164131711484160E+002  0.384617978871632E+000  0.120972966030007E+001  0.100050033358353E-002 -0.820658557420800E+001
  0.100000000000000E+001  0.164127135740792E+002  0.385945228558325E+000  0.120900342920279E+001  0.100050033358353E-002 -0.820635678703958E+001
  0.100000000000000E+001  0.164108080706359E+002  0.385582761176596E+000  0.120920205209569E+001  0.100050033358353E-002 -0.820540403531797E+001
  0.100000000000000E+001  0.164013941555013E+002  0.389421191084866E+000  0.120708753872224E+001  0.100050033358353E-002 -0.820069707775066E+001
  0.100000000000000E+001  0.163822226307129E+002  0.397116873817422E+000  0.120277357216226E+001  0.100050033358353E-002 -0.819111131535643E+001
  0.100000000000000E+001  0.163677398805239E+002  0.402812462866647E+000  0.119951620461633E+001  0.100050033358353E-002 -0.818386994026194E+001
  0.100000000000000E+001  0.163574810155957E+002  0.406804980184369E+000  0.119719981305561E+001  0.100050033358353E-002 -0.817874050779785E+001
  0.100000000000000E+001  0.163541859550206E+002  0.408088493827155E+000  0.119644932683208E+001  0.100050033358353E-002 -0.817709297751031E+001
  0.100000000000000E+001  0.163465752849179E+002  0.411054928525166E+000  0.119470394997935E+001  0.100050033358353E-002 -0.817328764245895E+001
  0.100000000000000E+001  0.163458352291999E+002  0.411299474686551E+000  0.119455938678343E+001  0.100050033358353E-002 -0.817291761459993E+001
  0.100000000000000E+001  0.163440572288526E+002  0.411979719590949E+000  0.119415671630798E+001  0.100050033358353E-002 -0.817202861442631E+001
  0.100000000000000E+001  0.163415536449638E+002  0.412923332669260E+000  0.119359681787386E+001  0.100050033358353E-002 -0.817077682248192E+001
  0.100000000000000E+001  0.163372592242594E+002  0.415553969449970E+000  0.119202775158787E+001  0.100050033358353E-002 -0.816862961212969E+001
  0.100000000000000E+001  0.163367338648160E+002  0.414768310865555E+000  0.119249762458835E+001  0.100050033358353E-002 -0.816836693240798E+001
  0.100000000000000E+001  0.163365923489605E+002  0.414822321808172E+000  0.119246535704953E+001  0.100050033358353E-002 -0.816829617448024E+001
  0.100000000000000E+001  0.163351426586662E+002  0.415372739173994E+000  0.119213623397536E+001  0.100050033358353E-002 -0.816757132933308E+001
  0.100000000000000E+001  0.163315473861681E+002  0.416732982838779E+000  0.119132061031650E+001  0.100050033358353E-002 -0.816577369308404E+001
  0.100000000000000E+001  0.163308438854411E+002  0.417023617405465E+000  0.119114592289698E+001  0.100050033358353E-002 -0.816542194272055E+001
  0.100000000000000E+001  0.163284141040244E+002  0.714353319996912E-001  0.130719387087980E+001  0.100050033358353E-002 -0.816420705201218E+001
  0.100000000000000E+001  0.163269326178701E+002  0.418473279673258E+000  0.119027239279722E+001  0.100050033358353E-002 -0.816346630893506E+001
  0.100000000000000E+001  0.163252348713715E+002  0.419110576271733E+000  0.118988721104390E+001  0.100050033358353E-002 -0.816261743568576E+001
  0.100000000000000E+001  0.163059561057169E+002  0.426223166991822E+000  0.118553994524785E+001  0.100050033358353E-002 -0.815297805285847E+001
  0.100000000000000E+001  0.163015866337960E+002  0.427896798573474E+000  0.118450403001459E+001  0.100050033358353E-002 -0.815079331689799E+001
  0.100000000000000E+001  0.162848372376678E+002  0.434007609581422E+000  0.118067935073664E+001  0.100050033358353E-002 -0.814241861883391E+001
  0.100000000000000E+001  0.162830723995447E+002  0.434645509641684E+000  0.118027625046205E+001  0.100050033358353E-002 -0.814153619977237E+001
  0.100000000000000E+001  0.162772114842455E+002  0.436762978533384E+000  0.117893294661200E+001  0.100050033358353E-002 -0.813860574212273E+001
  0.100000000000000E+001  0.162667308846393E+002  0.440518517680153E+000  0.117653059393871E+001  0.100050033358353E-002 -0.813336544231966E+001
  0.100000000000000E+001  0.162659589719203E+002  0.440792767744797E+000  0.117635416196138E+001  0.100050033358353E-002 -0.813297948596017E+001
  0.100000000000000E+001  0.162645568661690E+002  0.441293081674715E+000  0.117603194623644E+001  0.100050033358353E-002 -0.813227843308450E+001
  0.100000000000000E+001  0.162630777596153E+002  0.441820738412858E+000  0.117569162912672E+001  0.100050033358353E-002 -0.813153887980766E+001
  0.100000000000000E+001  0.162614321936139E+002  0.442405131724702E+000  0.117531412939395E+001  0.100050033358353E-002 -0.813071609680694E+001
  0.100000000000000E+001  0.162572218287529E+002  0.443897847987103E+000  0.117434706338891E+001  0.100050033358353E-002 -0.812861091437645E+001
  0.100000000000000E+001  0.162522005361008E+002  0.991366868057872E+000  0.171834661398111E+000  0.100050033358353E-002 -0.812610026805040E+001
  0.100000000000000E+001  0.162460714137327E+002  0.991238139730830E+000  0.173105436010000E+000  0.100050033358353E-002 -0.812303570686633E+001
  0.100000000000000E+001  0.162427216321097E+002  0.448971982414546E+000  0.117102934551723E+001  0.100050033358353E-002 -0.812136081605485E+001
  0.100000000000000E+001  0.162414832383729E+002  0.449434207355840E+000  0.117072477581020E+001  0.100050033358353E-002 -0.812074161918644E+001
  0.100000000000000E+001  0.162371779370965E+002  0.450938735980440E+000  0.116973068880556E+001  0.100050033358353E-002 -0.811858896854826E+001
  0.100000000000000E+001  0.162346711226676E+002  0.451868819632427E+000  0.116911406869164E+001  0.100050033358353E-002 -0.811733556133380E+001
  0.100000000000000E+001  0.162346637864310E+002  0.451810981192135E+000  0.116915246054006E+001  0.100050033358353E-002 -0.811733189321550E+001
  0.100000000000000E+001  0.162341311103938E+002  0.452053532618297E+000  0.116899141903389E+001  0.100050033358353E-002 -0.811706555519692E+001
  0.100000000000000E+001  0.162262304427119E+002  0.454734695381912E+000  0.116720401897249E+001  0.100050033358353E-002 -0.811311522135596E+001
  0.100000000000000E+001  0.162260803457461E+002  0.454747871229876E+000  0.116719520240145E+001  0.100050033358353E-002 -0.811304017287307E+001
  0.100000000000000E+001  0.162246508918251E+002  0.455278139773137E+000  0.116684010774596E+001  0.100050033358353E-002 -0.811232544591257E+001
  0.100000000000000E+001  0.162232702370512E+002  0.455753916965151E+000  0.116652105888438E+001  0.100050033358353E-002 -0.811163511852560E+001
  0.100000000000000E+001  0.162125809037128E+002  0.459422080637515E+000  0.116404709470854E+001  0.100050033358353E-002 -0.810629045185641E+001
  0.100000000000000E+001  0.162125013414765E+002  0.459449036598392E+000  0.116402882152707E+001  0.100050033358353E-002 -0.810625067073826E+001
  0.100000000000000E+001  0.162055511109491E+002  0.461818246823953E+000  0.116241744100808E+001  0.100050033358353E-002 -0.810277555547454E+001
  0.100000000000000E+001  0.161868642920963E+002  0.468216030664361E+000  0.115801329411164E+001  0.100050033358353E-002 -0.809343214604813E+001
  0.100000000000000E+001  0.161725967079624E+002  0.472888785597984E+000  0.115474754992724E+001  0.100050033358353E-002 -0.808629835398120E+001
  0.100000000000000E+001  0.161521665361977E+002  0.479619078813292E+000  0.114997020393544E+001  0.100050033358353E-002 -0.807608326809886E+001
  0.100000000000000E+001  0.161498114510548E+002  0.989128838628858E+000  0.192717153279562E+000  0.100050033358353E-002 -0.807490572552739E+001
  0.100000000000000E+001  0.161403068293582E+002  0.483522609575020E+000  0.114715918211283E+001  0.100050033358353E-002 -0.807015341467908E+001
  0.100000000000000E+001  0.161399551578867E+002  0.483597075795468E+000  0.114710526856071E+001  0.100050033358353E-002 -0.806997757894334E+001
  0.100000000000000E+001  0.161275621492277E+002  0.988616012569473E+000  0.197184881375750E+000  0.100050033358353E-002 -0.806378107461385E+001
  0.100000000000000E+001  0.161215775869477E+002  0.489525210796116E+000  0.114277839731301E+001  0.100050033358353E-002 -0.806078879347385E+001
  0.100000000000000E+001  0.161202413611159E+002  0.988445080999381E+000  0.198651201781572E+000  0.100050033358353E-002 -0.806012068055793E+001
  0.100000000000000E+001  0.161191288120323E+002  0.490308894753159E+000  0.114220121493073E+001  0.100050033358353E-002 -0.805956440601616E+001
  0.100000000000000E+001  0.161111077646414E+002  0.492869360119188E+000  0.114030695000470E+001  0.100050033358353E-002 -0.805555388232072E+001
  0.100000000000000E+001  0.161092661755514E+002  0.988186799284823E+000  0.200846065355572E+000  0.100050033358353E-002 -0.805463308777570E+001
  0.100000000000000E+001  0.161080646028063E+002  0.493841024137374E+000  0.113958469010927E+001  0.100050033358353E-002 -0.805403230140314E+001
  0.100000000000000E+001  0.161060490343952E+002  0.494477668626244E+000  0.113911043757843E+001  0.100050033358353E-002 -0.805302451719760E+001
  0.100000000000000E+001  0.160975817994126E+002  0.497153295967904E+000  0.113710843989122E+001  0.100050033358353E-002 -0.804879089970629E+001
  0.100000000000000E+001  0.160920834984556E+002  0.498869360317930E+000  0.113581686524796E+001  0.100050033358353E-002 -0.804604174922778E+001
  0.100000000000000E+001  0.160909201363578E+002  0.499256928249301E+000  0.113552434708629E+001  0.100050033358353E-002 -0.804546006817892E+001
  0.100000000000000E+001  0.160873799730013E+002  0.500367278436978E+000  0.113468463039608E+001  0.100050033358353E-002 -0.804368998650063E+001
  0.100000000000000E+001  0.160793886668290E+002  0.502869567687887E+000  0.113278310663973E+001  0.100050033358353E-002 -0.803969433341449E+001
  0.100000000000000E+001  0.160682695480079E+002  0.506326786999782E+000  0.113013499888204E+001  0.100050033358353E-002 -0.803413477400397E+001
  0.100000000000000E+001  0.160603460429472E+002  0.508777332723037E+000  0.112824318408418E+001  0.100050033358353E-002 -0.803017302147359E+001
  0.100000000000000E+001  0.160573841363355E+002  0.509692576638812E+000  0.112753345787255E+001  0.100050033358353E-002 -0.802869206816777E+001
  0.100000000000000E+001  0.160569786762985E+002  0.509815454929801E+000  0.112743804067779E+001  0.100050033358353E-002 -0.802848933814925E+001
  0.100000000000000E+001  0.160568130929293E+002  0.509869307296809E+000  0.112739621355513E+001  0.100050033358353E-002 -0.802840654646464E+001
  0.100000000000000E+001  0.160566259628802E+002  0.509923902366084E+000  0.112735380348157E+001  0.100050033358353E-002 -0.802831298144011E+001
  0.100000000000000E+001  0.160513622801674E+002  0.511539802705088E+000  0.112609577186813E+001  0.100050033358353E-002 -0.802568114008370E+001
  0.100000000000000E+001  0.160388356826404E+002  0.515372960168719E+000  0.112308992545652E+001  0.100050033358353E-002 -0.801941784132021E+001
  0.100000000000000E+001  0.160305957788767E+002  0.517877726916419E+000  0.112110924926635E+001  0.100050033358353E-002 -0.801529788943834E+001
  0.100000000000000E+001  0.160303628076325E+002  0.517946668583909E+000  0.112105454735893E+001  0.100050033358353E-002 -0.801518140381625E+001
  0.100000000000000E+001  0.160227796125266E+002  0.520243052426881E+000  0.111922678160766E+001  0.100050033358353E-002 -0.801138980626328E+001
  0.100000000000000E+001  0.160099851439821E+002  0.524092555477471E+000  0.111613792140971E+001  0.100050033358353E-002 -0.800499257199103E+001
  0.100000000000000E+001  0.159999413028640E+002  0.985471395134298E+000  0.222584396908008E+000  0.100050033358353E-002 -0.799997065143201E+001
  0.100000000000000E+001  0.159864513608328E+002  0.531103697685215E+000  0.111043118616376E+001  0.100050033358353E-002 -0.799322568041642E+001
  0.100000000000000E+001  0.159747703358310E+002  0.534551154829134E+000  0.110758638217276E+001  0.100050033358353E-002 -0.798738516791549E+001
  0.100000000000000E+001  0.159733275314208E+002  0.534973160077267E+000  0.110723637944935E+001  0.100050033358353E-002 -0.798666376571041E+001
  0.100000000000000E+001  0.159691059232983E+002  0.536215539548661E+000  0.110620372656662E+001  0.100050033358353E-002 -0.798455296164914E+001
  0.100000000000000E+001  0.159619928603781E+002  0.538298383044022E+000  0.110446493743250E+001  0.100050033358353E-002 -0.798099643018905E+001
  0.100000000000000E+001  0.159292851714311E+002  0.547789602465839E+000  0.109642057816464E+001  0.100050033358353E-002 -0.796464258571555E+001
  0.100000000000000E+001  0.159270952398254E+002  0.548410941453370E+000  0.109588697422662E+001  0.100050033358353E-002 -0.796354761991269E+001
  0.100000000000000E+001  0.159199384877169E+002  0.550463568409177E+000  0.109411802687232E+001  0.100050033358353E-002 -0.795996924385844E+001
  0.100000000000000E+001  0.159106904728866E+002  0.553105653452379E+000  0.109182711173706E+001  0.100050033358353E-002 -0.795534523644332E+001
  0.100000000000000E+001  0.159089660787662E+002  0.553597469873375E+000  0.109139892092232E+001  0.100050033358353E-002 -0.795448303938310E+001
  0.100000000000000E+001  0.159057746333534E+002  0.554505613398940E+000  0.109060681975574E+001  0.100050033358353E-002 -0.795288731667671E+001
  0.100000000000000E+001  0.159048719935263E+002  0.554930515633335E+000  0.109023556764859E+001  0.100050033358353E-002 -0.795243599676314E+001
  0.100000000000000E+001  0.159045909875443E+002  0.554842151038612E+000  0.109031280875308E+001  0.100050033358353E-002 -0.795229549377216E+001
  0.100000000000000E+001  0.159028337006256E+002  0.555341401680547E+000  0.108987617111585E+001  0.100050033358353E-002 -0.795141685031279E+001
  0.100000000000000E+001  0.158973603653578E+002  0.556894181073193E+000  0.108851449862757E+001  0.100050033358353E-002 -0.794868018267890E+001
  0.100000000000000E+001  0.158923945576249E+002  0.558312989696375E+000  0.108726548757237E+001  0.100050033358353E-002 -0.794619727881245E+001
  0.100000000000000E+001  0.158830500542980E+002  0.560935405801739E+000  0.108494473886451E+001  0.100050033358353E-002 -0.794152502714900E+001
  0.100000000000000E+001  0.158813929029409E+002  0.982199387608317E+000  0.246173944367054E+000  0.100050033358353E-002 -0.794069645147043E+001
  0.100000000000000E+001  0.158785398530162E+002  0.562203853930564E+000  0.108381651193188E+001  0.100050033358353E-002 -0.793926992650812E+001
  0.100000000000000E+001  0.158749634985364E+002  0.563207826776550E+000  0.108292088118542E+001  0.100050033358353E-002 -0.793748174926822E+001
  0.100000000000000E+001  0.158740940408754E+002  0.563450881744099E+000  0.108270370330315E+001  0.100050033358353E-002 -0.793704702043772E+001
  0.100000000000000E+001  0.158713706510938E+002  0.981905309084077E+000  0.248180684916927E+000  0.100050033358353E-002 -0.793568532554689E+001
  0.100000000000000E+001  0.158537740993273E+002  0.569123748518561E+000  0.107759562707139E+001  0.100050033358353E-002 -0.792688704966365E+001
  0.100000000000000E+001  0.158425730708556E+002  0.572229548498655E+000  0.107476697174804E+001  0.100050033358353E-002 -0.792128653542778E+001
  0.100000000000000E+001  0.158337866537020E+002  0.574655436052654E+000  0.107254162363313E+001  0.100050033358353E-002 -0.791689332685100E+001
  0.100000000000000E+001  0.158308027754665E+002  0.575477537482444E+000  0.107178429469729E+001  0.100050033358353E-002 -0.791540138773326E+001
  0.100000000000000E+001  0.158201959796669E+002  0.578389360576783E+000  0.106908884236889E+001  0.100050033358353E-002 -0.791009798983343E+001
  0.100000000000000E+001  0.158109746847521E+002  0.980069371369176E+000  0.260346441010602E+000  0.100050033358353E-002 -0.790548734237607E+001
  0.100000000000000E+001  0.158103148100932E+002  0.980048686853799E+000  0.260480142524357E+000  0.100050033358353E-002 -0.790515740504660E+001
  0.100000000000000E+001  0.158068902256309E+002  0.582028441517275E+000  0.106569137874880E+001  0.100050033358353E-002 -0.790344511281544E+001
  0.100000000000000E+001  0.157983794513031E+002  0.584344858408148E+000  0.106351196824497E+001  0.100050033358353E-002 -0.789918972565156E+001
  0.100000000000000E+001  0.157918412301024E+002  0.586120167452682E+000  0.106183275862939E+001  0.100050033358353E-002 -0.789592061505118E+001
  0.100000000000000E+001  0.157845968813286E+002  0.588080144587599E+000  0.105996985622403E+001  0.100050033358353E-002 -0.789229844066429E+001
  0.100000000000000E+001  0.157823808264344E+002  0.588683184431384E+000  0.105939477215178E+001  0.100050033358353E-002 -0.789119041321721E+001
  0.100000000000000E+001  0.157769949217579E+002  0.590133556221733E+000  0.105800793948986E+001  0.100050033358353E-002 -0.788849746087894E+001
  0.100000000000000E+001  0.157687333756042E+002  0.592357986874932E+000  0.105587077112452E+001  0.100050033358353E-002 -0.788436668780212E+001
  0.100000000000000E+001  0.157643412971640E+002  0.593537285825483E+000  0.105473271026525E+001  0.100050033358353E-002 -0.788217064858200E+001
  0.100000000000000E+001  0.157633749717114E+002  0.593796018953608E+000  0.105448255729136E+001  0.100050033358353E-002 -0.788168748585569E+001
  0.100000000000000E+001  0.157624581780921E+002  0.594044735153659E+000  0.105424193029971E+001  0.100050033358353E-002 -0.788122908904606E+001
  0.100000000000000E+001  0.157601789628696E+002  0.594653976660902E+000  0.105365184548057E+001  0.100050033358353E-002 -0.788008948143482E+001
  0.100000000000000E+001  0.157600473877909E+002  0.594690386937299E+000  0.105361655044466E+001  0.100050033358353E-002 -0.788002369389544E+001
  0.100000000000000E+001  0.157584230300565E+002  0.595137751370464E+000  0.105318261568664E+001  0.100050033358353E-002 -0.787921151502827E+001
  0.100000000000000E+001  0.157473626422147E+002  0.598079781525200E+000  0.105031628466472E+001  0.100050033358353E-002 -0.787368132110736E+001
  0.100000000000000E+001  0.157452263668791E+002  0.598631311864037E+000  0.104977649802739E+001  0.100050033358353E-002 -0.787261318343954E+001
  0.100000000000000E+001  0.157300781444006E+002  0.602662897572837E+000  0.104580712263698E+001  0.100050033358353E-002 -0.786503907220029E+001
  0.100000000000000E+001  0.157291833369805E+002  0.602914113894212E+000  0.104555840032097E+001  0.100050033358353E-002 -0.786459166849027E+001
  0.100000000000000E+001  0.157284731334267E+002  0.977369693929598E+000  0.277229916655632E+000  0.100050033358353E-002 -0.786423656671334E+001
  0.100000000000000E+001  0.157267375473135E+002  0.603561607873425E+000  0.104491658329474E+001  0.100050033358353E-002 -0.786336877365677E+001
  0.100000000000000E+001  0.157155851288921E+002  0.609099459300378E+000  0.103938279522113E+001  0.100050033358353E-002 -0.785779256444603E+001
  0.100000000000000E+001  0.157101147109168E+002  0.976735896607176E+000  0.281040188332037E+000  0.100050033358353E-002 -0.785505735545838E+001
  0.100000000000000E+001  0.157060072277355E+002  0.609034638390394E+000  0.103944803206810E+001  0.100050033358353E-002 -0.785300361386776E+001
  0.100000000000000E+001  0.157044411375176E+002  0.609446599829813E+000  0.103903323929108E+001  0.100050033358353E-002 -0.785222056875880E+001
  0.100000000000000E+001  0.156984978589669E+002  0.611008058226293E+000  0.103745699305883E+001  0.100050033358353E-002 -0.784924892948344E+001
  0.100000000000000E+001  0.156975025466520E+002  0.976293029969362E+000  0.283670803301944E+000  0.100050033358353E-002 -0.784875127332599E+001
  0.100000000000000E+001  0.156869923161776E+002  0.614022942645343E+000  0.103439530569097E+001  0.100050033358353E-002 -0.784349615808878E+001
  0.100000000000000E+001  0.156861359463905E+002  0.614246918795151E+000  0.103416688845360E+001  0.100050033358353E-002 -0.784306797319524E+001
  0.100000000000000E+001  0.156811816174303E+002  0.975710710071727E+000  0.287091298885439E+000  0.100050033358353E-002 -0.784059080871513E+001
  0.100000000000000E+001  0.156691987905321E+002  0.618666156949368E+000  0.102963254656063E+001  0.100050033358353E-002 -0.783459939526607E+001
  0.100000000000000E+001  0.156680050004467E+002  0.975232759972147E+000  0.289867076361396E+000  0.100050033358353E-002 -0.783400250022337E+001
  0.100000000000000E+001  0.156641046669159E+002  0.619989224390701E+000  0.102826478416433E+001  0.100050033358353E-002 -0.783205233345796E+001
  0.100000000000000E+001  0.156626866460011E+002  0.620357791366445E+000  0.102788292149588E+001  0.100050033358353E-002 -0.783134332300054E+001
  0.100000000000000E+001  0.156436108749193E+002  0.625299249848108E+000  0.102272740256577E+001  0.100050033358353E-002 -0.782180543745964E+001
  0.100000000000000E+001  0.156415403954000E+002  0.625833358387433E+000  0.102216614262242E+001  0.100050033358353E-002 -0.782077019769999E+001
  0.100000000000000E+001  0.156400140978137E+002  0.626228447039379E+000  0.102175046270938E+001  0.100050033358353E-002 -0.782000704890687E+001
  0.100000000000000E+001  0.156272643232653E+002  0.629512767052133E+000  0.101827821075810E+001  0.100050033358353E-002 -0.781363216163266E+001
  0.100000000000000E+001  0.156241676770777E+002  0.630309209299836E+000  0.101743166688130E+001  0.100050033358353E-002 -0.781208383853887E+001
  0.100000000000000E+001  0.156164495799945E+002  0.973291528026884E+000  0.300864599428375E+000  0.100050033358353E-002 -0.780822478999726E+001
  0.100000000000000E+001  0.156089732249964E+002  0.634207248642415E+000  0.101326270401615E+001  0.100050033358353E-002 -0.780448661249818E+001
  0.100000000000000E+001  0.156071872721888E+002  0.634667670755457E+000  0.101276744661983E+001  0.100050033358353E-002 -0.780359363609439E+001
  0.100000000000000E+001  0.156041287143684E+002  0.635447271565544E+000  0.101192748856726E+001  0.100050033358353E-002 -0.780206435718420E+001
  0.100000000000000E+001  0.156039445586688E+002  0.635494330912697E+000  0.101187673052250E+001  0.100050033358353E-002 -0.780197227933441E+001
  0.100000000000000E+001  0.156021449131051E+002  0.635954518556003E+000  0.101138004130633E+001  0.100050033358353E-002 -0.780107245655257E+001
  0.100000000000000E+001  0.155757043790090E+002  0.642693760541177E+000  0.100403660732460E+001  0.100050033358353E-002 -0.778785218950450E+001
  0.100000000000000E+001  0.155625672819435E+002  0.646027824108942E+000  0.100035487409335E+001  0.100050033358353E-002 -0.778128364097174E+001
  0.100000000000000E+001  0.155620514346323E+002  0.971110399216141E+000  0.312735504181266E+000  0.100050033358353E-002 -0.778102571731617E+001
  0.100000000000000E+001  0.155617491489018E+002  0.646235150593863E+000  0.100012484995139E+001  0.100050033358353E-002 -0.778087457445091E+001
  0.100000000000000E+001  0.155568025184812E+002  0.647487291169351E+000  0.998732930213654E+000  0.100050033358353E-002 -0.777840125924061E+001
  0.100000000000000E+001  0.155551765341791E+002  0.647899486638537E+000  0.998273705710494E+000  0.100050033358353E-002 -0.777758826708953E+001
  0.100000000000000E+001  0.155547286336763E+002  0.648012831437820E+000  0.998147340663403E+000  0.100050033358353E-002 -0.777736431683815E+001
  0.100000000000000E+001  0.155498874897381E+002  0.970602376588063E+000  0.315432585627065E+000  0.100050033358353E-002 -0.777494374486905E+001
  0.100000000000000E+001  0.155484285476570E+002  0.649606047073697E+000  0.996367068404683E+000  0.100050033358353E-002 -0.777421427382848E+001
  0.100000000000000E+001  0.155421569187495E+002  0.651190127810879E+000  0.994589498595393E+000  0.100050033358353E-002 -0.777107845937475E+001
  0.100000000000000E+001  0.155397258309574E+002  0.651803497504645E+000  0.993899189862602E+000  0.100050033358353E-002 -0.776986291547872E+001
  0.100000000000000E+001  0.155386542372370E+002  0.652074057820275E+000  0.993594332230533E+000  0.100050033358353E-002 -0.776932711861848E+001
  0.100000000000000E+001  0.155379815471313E+002  0.652243751975172E+000  0.993403014637715E+000  0.100050033358353E-002 -0.776899077356563E+001
  0.100000000000000E+001  0.155307791834590E+002  0.969788519475769E+000  0.319703027489798E+000  0.100050033358353E-002 -0.776538959172949E+001
  0.100000000000000E+001  0.155261130715970E+002  0.655234310214756E+000  0.990017116834618E+000  0.100050033358353E-002 -0.776305653579849E+001
  0.100000000000000E+001  0.155257493157636E+002  0.655325861021794E+000  0.989913035905585E+000  0.100050033358353E-002 -0.776287465788181E+001
  0.100000000000000E+001  0.155199315678347E+002  0.656788848544785E+000  0.988246352803593E+000  0.100050033358353E-002 -0.775996578391735E+001
  0.100000000000000E+001  0.155179487422663E+002  0.657287965847348E+000  0.987676247164211E+000  0.100050033358353E-002 -0.775897437113317E+001
  0.100000000000000E+001  0.155149040288107E+002  0.969096959874438E+000  0.323284659840969E+000  0.100050033358353E-002 -0.775745201440537E+001
  0.100000000000000E+001  0.155144746449695E+002  0.658160995955685E+000  0.986677213308156E+000  0.100050033358353E-002 -0.775723732248475E+001
  0.100000000000000E+001  0.155138563254304E+002  0.658317903571860E+000  0.986497411401526E+000  0.100050033358353E-002 -0.775692816271522E+001
  0.100000000000000E+001  0.155127454048362E+002  0.658595373394082E+000  0.986179270938821E+000  0.100050033358353E-002 -0.775637270241812E+001
  0.100000000000000E+001  0.155049039566396E+002  0.660563633565524E+000  0.983915698606895E+000  0.100050033358353E-002 -0.775245197831982E+001
  0.100000000000000E+001  0.155019995784289E+002  0.661291991171704E+000  0.983075023361682E+000  0.100050033358353E-002 -0.775099978921447E+001
  0.100000000000000E+001  0.154990475694456E+002  0.662032475097142E+000  0.982218663298371E+000  0.100050033358353E-002 -0.774952378472279E+001
  0.100000000000000E+001  0.154895630710039E+002  0.664406758159736E+000  0.979461302582409E+000  0.100050033358353E-002 -0.774478153550196E+001
  0.100000000000000E+001  0.154895043175249E+002  0.664422217321269E+000  0.979443291341826E+000  0.100050033358353E-002 -0.774475215876244E+001
  0.100000000000000E+001  0.154791774339273E+002  0.667005086878851E+000  0.976423460920822E+000  0.100050033358353E-002 -0.773958871696364E+001
  0.100000000000000E+001  0.154664657957590E+002  0.670179994860855E+000  0.972682448806383E+000  0.100050033358353E-002 -0.773323289787951E+001
  0.100000000000000E+001  0.154655169426069E+002  0.670416523380485E+000  0.972402457256584E+000  0.100050033358353E-002 -0.773275847130343E+001
  0.100000000000000E+001  0.154647655236496E+002  0.670603921989056E+000  0.972180496000287E+000  0.100050033358353E-002 -0.773238276182481E+001
  0.100000000000000E+001  0.154574877593904E+002  0.672419887461904E+000  0.970023753550541E+000  0.100050033358353E-002 -0.772874387969522E+001
  0.100000000000000E+001  0.154550085308832E+002  0.966352752278003E+000  0.337098198567861E+000  0.100050033358353E-002 -0.772750426544161E+001
  0.100000000000000E+001  0.154539673654715E+002  0.673297250915400E+000  0.968977933355707E+000  0.100050033358353E-002 -0.772698368273574E+001
  0.100000000000000E+001  0.154505567488327E+002  0.674149347526726E+000  0.967959842307662E+000  0.100050033358353E-002 -0.772527837441637E+001
  0.100000000000000E+001  0.154455403159809E+002  0.675395795398566E+000  0.966466321537144E+000  0.100050033358353E-002 -0.772277015799044E+001
  0.100000000000000E+001  0.154417553220474E+002  0.676338936224381E+000  0.965332857023939E+000  0.100050033358353E-002 -0.772087766102368E+001
  0.100000000000000E+001  0.154360627285774E+002  0.677755985489263E+000  0.963624363449875E+000  0.100050033358353E-002 -0.771803136428872E+001
  0.100000000000000E+001  0.154221994191302E+002  0.681203748053682E+000  0.959439781714474E+000  0.100050033358353E-002 -0.771109970956508E+001
  0.100000000000000E+001  0.154151817237933E+002  0.682947532389980E+000  0.957308248182492E+000  0.100050033358353E-002 -0.770759086189664E+001
  0.100000000000000E+001  0.154100524187111E+002  0.684221669647916E+000  0.955744332039334E+000  0.100050033358353E-002 -0.770502620935554E+001
  0.100000000000000E+001  0.154015493173309E+002  0.686333340873537E+000  0.953140308068251E+000  0.100050033358353E-002 -0.770077465866547E+001
  0.100000000000000E+001  0.154014533515229E+002  0.685674488263371E+000  0.953954401941506E+000  0.100050033358353E-002 -0.770072667576146E+001
  0.100000000000000E+001  0.153963097744135E+002  0.687634020562020E+000  0.951528812479440E+000  0.100050033358353E-002 -0.769815488720673E+001
  0.100000000000000E+001  0.153678269752387E+002  0.694709990717791E+000  0.942659686579091E+000  0.100050033358353E-002 -0.768391348761937E+001
  0.100000000000000E+001  0.153674258934726E+002  0.694801493266949E+000  0.942543851799983E+000  0.100050033358353E-002 -0.768371294673628E+001
  0.100000000000000E+001  0.153647969343696E+002  0.695453815572267E+000  0.941717209537505E+000  0.100050033358353E-002 -0.768239846718481E+001
  0.100000000000000E+001  0.153604983845107E+002  0.696351677842644E+000  0.940576952764585E+000  0.100050033358353E-002 -0.768024919225533E+001
  0.100000000000000E+001  0.153592838001142E+002  0.696821471656142E+000  0.939979191219496E+000  0.100050033358353E-002 -0.767964190005709E+001
  0.100000000000000E+001  0.153577343418688E+002  0.697206137891965E+000  0.939489161620748E+000  0.100050033358353E-002 -0.767886717093438E+001
  0.100000000000000E+001  0.153566196343041E+002  0.697482719668391E+000  0.939136496482557E+000  0.100050033358353E-002 -0.767830981715204E+001
  0.100000000000000E+001  0.153547264932580E+002  0.697952496118225E+000  0.938536867298007E+000  0.100050033358353E-002 -0.767736324662901E+001
  0.100000000000000E+001  0.153509584367784E+002  0.698887506844084E+000  0.937341061732101E+000  0.100050033358353E-002 -0.767547921838920E+001
  0.100000000000000E+001  0.153477926872744E+002  0.960815677422141E+000  0.363266626237411E+000  0.100050033358353E-002 -0.767389634363721E+001
  0.100000000000000E+001  0.153335583896451E+002  0.703206462271101E+000  0.931776626609341E+000  0.100050033358353E-002 -0.766677919482255E+001
  0.100000000000000E+001  0.153334980304777E+002  0.703221671724753E+000  0.931756911652380E+000  0.100050033358353E-002 -0.766674901523886E+001
  0.100000000000000E+001  0.153325618745103E+002  0.959953646202101E+000  0.367159976808947E+000  0.100050033358353E-002 -0.766628093725515E+001
  0.100000000000000E+001  0.153322905825953E+002  0.703521521438030E+000  0.931368065004190E+000  0.100050033358353E-002 -0.766614529129765E+001
  0.100000000000000E+001  0.153212121541777E+002  0.706273334250502E+000  0.927784116534274E+000  0.100050033358353E-002 -0.766060607708886E+001
  0.100000000000000E+001  0.153191314013250E+002  0.706790415309608E+000  0.927107560581261E+000  0.100050033358353E-002 -0.765956570066250E+001
  0.100000000000000E+001  0.153188580335468E+002  0.959156974135930E+000  0.370718718895980E+000  0.100050033358353E-002 -0.765942901677338E+001
  0.100000000000000E+001  0.153083908251760E+002  0.709460746754994E+000  0.923597860226951E+000  0.100050033358353E-002 -0.765419541258800E+001
  0.100000000000000E+001  0.153019149879792E+002  0.711072034323788E+000  0.921467198426431E+000  0.100050033358353E-002 -0.765095749398962E+001
  0.100000000000000E+001  0.153017268639595E+002  0.711118914687791E+000  0.921405060674023E+000  0.100050033358353E-002 -0.765086343197976E+001
  0.100000000000000E+001  0.152923724826154E+002  0.713448191700598E+000  0.918307241755305E+000  0.100050033358353E-002 -0.764618624130771E+001
  0.100000000000000E+001  0.152921343409628E+002  0.713507172138073E+000  0.918228533393646E+000  0.100050033358353E-002 -0.764606717048139E+001
  0.100000000000000E+001  0.152864579817470E+002  0.957201444567438E+000  0.379300366926327E+000  0.100050033358353E-002 -0.764322899087350E+001
  0.100000000000000E+001  0.152670817129576E+002  0.955977799672887E+000  0.384564133517258E+000  0.100050033358353E-002 -0.763354085647878E+001
  0.100000000000000E+001  0.152652808533878E+002  0.955861891987680E+000  0.385058657858913E+000  0.100050033358353E-002 -0.763264042669391E+001
  0.100000000000000E+001  0.152617232707769E+002  0.955631787554476E+000  0.386038352472580E+000  0.100050033358353E-002 -0.763086163538845E+001
  0.100000000000000E+001  0.152578912470860E+002  0.721067629745211E+000  0.908028271535200E+000  0.100050033358353E-002 -0.762894562354301E+001
  0.100000000000000E+001  0.152459116885628E+002  0.954590435961537E+000  0.390438373214903E+000  0.100050033358353E-002 -0.762295584428141E+001
  0.100000000000000E+001  0.152429790420152E+002  0.954393870889697E+000  0.391262833637442E+000  0.100050033358353E-002 -0.762148952100759E+001
  0.100000000000000E+001  0.152401680239054E+002  0.726505028792906E+000  0.900553545048606E+000  0.100050033358353E-002 -0.762008401195270E+001
  0.100000000000000E+001  0.152390419337827E+002  0.954128245660195E+000  0.392373934800141E+000  0.100050033358353E-002 -0.761952096689137E+001
  0.100000000000000E+001  0.152372827725666E+002  0.727229282076163E+000  0.899548975149469E+000  0.100050033358353E-002 -0.761864138628332E+001
  0.100000000000000E+001  0.152341929215169E+002  0.953798361568987E+000  0.393749035292762E+000  0.100050033358353E-002 -0.761709646075847E+001
  0.100000000000000E+001  0.152318689033046E+002  0.953639146872345E+000  0.394410826580502E+000  0.100050033358353E-002 -0.761593445165232E+001
  0.100000000000000E+001  0.152312738435750E+002  0.728740023305564E+000  0.897446663168450E+000  0.100050033358353E-002 -0.761563692178748E+001
  0.100000000000000E+001  0.152288795047855E+002  0.953433277545448E+000  0.395264736423521E+000  0.100050033358353E-002 -0.761443975239274E+001
  0.100000000000000E+001  0.152243356014255E+002  0.730490333435769E+000  0.894999321116824E+000  0.100050033358353E-002 -0.761216780071275E+001
  0.100000000000000E+001  0.152238932790177E+002  0.953087214720600E+000  0.396695588994344E+000  0.100050033358353E-002 -0.761194663950886E+001
  0.100000000000000E+001  0.152197997374454E+002  0.731634767417896E+000  0.893392326091095E+000  0.100050033358353E-002 -0.760989986872269E+001
  0.100000000000000E+001  0.152169475215100E+002  0.732354851780598E+000  0.892378420401245E+000  0.100050033358353E-002 -0.760847376075501E+001
  0.100000000000000E+001  0.152070045944152E+002  0.951889176671122E+000  0.401605744447093E+000  0.100050033358353E-002 -0.760350229720760E+001
  0.100000000000000E+001  0.151909712448147E+002  0.738946427696655E+000  0.882996262543754E+000  0.100050033358353E-002 -0.759548562240737E+001
  0.100000000000000E+001  0.151894509845231E+002  0.739330687904763E+000  0.882443637939264E+000  0.100050033358353E-002 -0.759472549226153E+001
  0.100000000000000E+001  0.151887624732649E+002  0.739502272917270E+000  0.882196667960062E+000  0.100050033358353E-002 -0.759438123663243E+001
  0.100000000000000E+001  0.151879104443912E+002  0.950484157669243E+000  0.407281086868997E+000  0.100050033358353E-002 -0.759395522219558E+001
  0.100000000000000E+001  0.151831963721641E+002  0.740927258443110E+000  0.880140725177117E+000  0.100050033358353E-002 -0.759159818608207E+001
  0.100000000000000E+001  0.151815148445272E+002  0.741326645011393E+000  0.879562924015628E+000  0.100050033358353E-002 -0.759075742226362E+001
  0.100000000000000E+001  0.151783947215362E+002  0.742157541089113E+000  0.878358631392973E+000  0.100050033358353E-002 -0.758919736076808E+001
  0.100000000000000E+001  0.151675058506534E+002  0.744945319367331E+000  0.874296024741062E+000  0.100050033358353E-002 -0.758375292532670E+001
  0.100000000000000E+001  0.151649392326676E+002  0.745608481525425E+000  0.873324570998722E+000  0.100050033358353E-002 -0.758246961633379E+001
  0.100000000000000E+001  0.151558411127034E+002  0.947989258151618E+000  0.417148558052334E+000  0.100050033358353E-002 -0.757792055635170E+001
  0.100000000000000E+001  0.151537039666814E+002  0.748499928789252E+000  0.869066099582710E+000  0.100050033358353E-002 -0.757685198334070E+001
  0.100000000000000E+001  0.151520388794347E+002  0.947681445844277E+000  0.418348074100205E+000  0.100050033358353E-002 -0.757601943971734E+001
  0.100000000000000E+001  0.151435464587290E+002  0.751128367744326E+000  0.865162393677599E+000  0.100050033358353E-002 -0.757177322936452E+001
  0.100000000000000E+001  0.151428413082989E+002  0.946925447705407E+000  0.421277994441307E+000  0.100050033358353E-002 -0.757142065414943E+001
  0.100000000000000E+001  0.151420719372949E+002  0.751508952897650E+000  0.864594557816768E+000  0.100050033358353E-002 -0.757103596864743E+001
  0.100000000000000E+001  0.151405637157293E+002  0.751855060245610E+000  0.864077589148778E+000  0.100050033358353E-002 -0.757028185786463E+001
  0.100000000000000E+001  0.151391887560783E+002  0.752267538152386E+000  0.863460769618812E+000  0.100050033358353E-002 -0.756959437803916E+001
  0.100000000000000E+001  0.151380984322960E+002  0.946529134685131E+000  0.422804892436927E+000  0.100050033358353E-002 -0.756904921614798E+001
  0.100000000000000E+001  0.151374444203908E+002  0.752719753198417E+000  0.862783631215557E+000  0.100050033358353E-002 -0.756872221019538E+001
  0.100000000000000E+001  0.151366977912124E+002  0.752899235933972E+000  0.862514616851570E+000  0.100050033358353E-002 -0.756834889560618E+001
  0.100000000000000E+001  0.151309677122666E+002  0.754409204458537E+000  0.860245551046242E+000  0.100050033358353E-002 -0.756548385613329E+001
  0.100000000000000E+001  0.151266746376835E+002  0.755533023377124E+000  0.858549908287795E+000  0.100050033358353E-002 -0.756333731884176E+001
  0.100000000000000E+001  0.151236199636304E+002  0.756333957815078E+000  0.857337849844200E+000  0.100050033358353E-002 -0.756180998181521E+001
  0.100000000000000E+001  0.151127148433542E+002  0.759205352538994E+000  0.852967781132893E+000  0.100050033358353E-002 -0.755635742167711E+001
  0.100000000000000E+001  0.151070406627205E+002  0.760706200708270E+000  0.850668033386322E+000  0.100050033358353E-002 -0.755352033136027E+001
  0.100000000000000E+001  0.151046019873112E+002  0.943594687876913E+000  0.433924127385214E+000  0.100050033358353E-002 -0.755230099365558E+001
  0.100000000000000E+001  0.151039400860617E+002  0.761528722576434E+000  0.849403110862355E+000  0.100050033358353E-002 -0.755197004303086E+001
  0.100000000000000E+001  0.151012355841220E+002  0.943285681846910E+000  0.435076500500911E+000  0.100050033358353E-002 -0.755061779206099E+001
  0.100000000000000E+001  0.151008519556250E+002  0.943250258764371E+000  0.435208384431190E+000  0.100050033358353E-002 -0.755042597781248E+001
  0.100000000000000E+001  0.151002056706213E+002  0.762522341181936E+000  0.847870721228786E+000  0.100050033358353E-002 -0.755010283531067E+001
  0.100000000000000E+001  0.150999925623807E+002  0.943170831353217E+000  0.435503938026865E+000  0.100050033358353E-002 -0.754999628119036E+001
  0.100000000000000E+001  0.150968816560073E+002  0.942880123140156E+000  0.436583760719686E+000  0.100050033358353E-002 -0.754844082800365E+001
  0.100000000000000E+001  0.150903096553922E+002  0.942263206674019E+000  0.438865372278523E+000  0.100050033358353E-002 -0.754515482769609E+001
  0.100000000000000E+001  0.150861748071405E+002  0.941867895730754E+000  0.440320399746056E+000  0.100050033358353E-002 -0.754308740357026E+001
  0.100000000000000E+001  0.150777016351433E+002  0.941044542081551E+000  0.443333656585028E+000  0.100050033358353E-002 -0.753885081757165E+001
  0.100000000000000E+001  0.150752490167274E+002  0.940802810296949E+000  0.444213951878522E+000  0.100050033358353E-002 -0.753762450836369E+001
  0.100000000000000E+001  0.150706961081973E+002  0.770459834525720E+000  0.835455511072482E+000  0.100050033358353E-002 -0.753534805409865E+001
  0.100000000000000E+001  0.150704650412430E+002  0.940325193959339E+000  0.445947478985801E+000  0.100050033358353E-002 -0.753523252062152E+001
  0.100000000000000E+001  0.150701501045402E+002  0.770612288033826E+000  0.835213980710618E+000  0.100050033358353E-002 -0.753507505227011E+001
  0.100000000000000E+001  0.150683728767874E+002  0.771096615727351E+000  0.834445884606185E+000  0.100050033358353E-002 -0.753418643839368E+001
  0.100000000000000E+001  0.150579141820172E+002  0.773962761929510E+000  0.829875969991974E+000  0.100050033358353E-002 -0.752895709100858E+001
  0.100000000000000E+001  0.150546293603263E+002  0.938695652229820E+000  0.451805381962367E+000  0.100050033358353E-002 -0.752731468016313E+001
  0.100000000000000E+001  0.150545115217304E+002  0.774901177597120E+000  0.828370537397250E+000  0.100050033358353E-002 -0.752725576086518E+001
  0.100000000000000E+001  0.150477075088112E+002  0.937958821643184E+000  0.454426066355384E+000  0.100050033358353E-002 -0.752385375440560E+001
  0.100000000000000E+001  0.150475957177893E+002  0.776817506523195E+000  0.825282086879752E+000  0.100050033358353E-002 -0.752379785889463E+001
  0.100000000000000E+001  0.150463654790793E+002  0.777159283624644E+000  0.824729243069753E+000  0.100050033358353E-002 -0.752318273953965E+001
  0.100000000000000E+001  0.150455664302127E+002  0.777382360944386E+000  0.824368071645699E+000  0.100050033358353E-002 -0.752278321510633E+001
  0.100000000000000E+001  0.150332497911171E+002  0.936366356742567E+000  0.460032063473937E+000  0.100050033358353E-002 -0.751662489555854E+001
  0.100000000000000E+001  0.150295037424437E+002  0.781896562412586E+000  0.817002610177400E+000  0.100050033358353E-002 -0.751475187122185E+001
  0.100000000000000E+001  0.150294176478652E+002  0.781920221004185E+000  0.816963720571571E+000  0.100050033358353E-002 -0.751470882393258E+001
  0.100000000000000E+001  0.150256183076635E+002  0.782999864281186E+000  0.815185791639706E+000  0.100050033358353E-002 -0.751280915383174E+001
  0.100000000000000E+001  0.150225585354751E+002  0.935108514552895E+000  0.464405616596200E+000  0.100050033358353E-002 -0.751127926773753E+001
  0.100000000000000E+001  0.150220952993379E+002  0.784005225757557E+000  0.813524481565432E+000  0.100050033358353E-002 -0.751104764966895E+001
  0.100000000000000E+001  0.150213245669320E+002  0.784225863471377E+000  0.813159148821191E+000  0.100050033358353E-002 -0.751066228346601E+001
  0.100000000000000E+001  0.150166718972313E+002  0.785561431557510E+000  0.810941995851998E+000  0.100050033358353E-002 -0.750833594861564E+001
  0.100000000000000E+001  0.150150828518822E+002  0.934250391596269E+000  0.467362513939944E+000  0.100050033358353E-002 -0.750754142594108E+001
  0.100000000000000E+001  0.150059816117847E+002  0.933138225717101E+000  0.471163182459450E+000  0.100050033358353E-002 -0.750299080589233E+001
  0.100000000000000E+001  0.150048141514148E+002  0.789002122867900E+000  0.805184515850013E+000  0.100050033358353E-002 -0.750240707570742E+001
  0.100000000000000E+001  0.150024862792911E+002  0.789684239874628E+000  0.804035195017112E+000  0.100050033358353E-002 -0.750124313964554E+001
  0.100000000000000E+001  0.150018481645731E+002  0.932620395100452E+000  0.472920840643812E+000  0.100050033358353E-002 -0.750092408228656E+001
  0.100000000000000E+001  0.149964531934707E+002  0.791462394479296E+000  0.801026682836099E+000  0.100050033358353E-002 -0.749822659673534E+001
  0.100000000000000E+001  0.149955414295908E+002  0.791732489129619E+000  0.800568119216483E+000  0.100050033358353E-002 -0.749777071479541E+001
  0.100000000000000E+001  0.149939337894249E+002  0.792209872412296E+000  0.799756597109649E+000  0.100050033358353E-002 -0.749696689471243E+001
  0.100000000000000E+001  0.149891260348086E+002  0.793644058193950E+000  0.797310648770246E+000  0.100050033358353E-002 -0.749456301740430E+001
  0.100000000000000E+001  0.149886452227717E+002  0.930908930223785E+000  0.478677261557411E+000  0.100050033358353E-002 -0.749432261138585E+001
  0.100000000000000E+001  0.149875521853472E+002  0.794116115985330E+000  0.796502959280974E+000  0.100050033358353E-002 -0.749377609267359E+001
  0.100000000000000E+001  0.149873959645635E+002  0.794163113521639E+000  0.796422475496551E+000  0.100050033358353E-002 -0.749369798228174E+001
  0.100000000000000E+001  0.149839193774475E+002  0.795210409303376E+000  0.794625616872531E+000  0.100050033358353E-002 -0.749195968872374E+001
  0.100000000000000E+001  0.149821950489214E+002  0.930039832259767E+000  0.481570084945645E+000  0.100050033358353E-002 -0.749109752446069E+001
  0.100000000000000E+001  0.149783853378432E+002  0.929514773133596E+000  0.483308072090140E+000  0.100050033358353E-002 -0.748919266892162E+001
  0.100000000000000E+001  0.149758502134360E+002  0.797663505724575E+000  0.790391489164082E+000  0.100050033358353E-002 -0.748792510671800E+001
  0.100000000000000E+001  0.149739506030732E+002  0.928893199519040E+000  0.485356224285930E+000  0.100050033358353E-002 -0.748697530153659E+001
  0.100000000000000E+001  0.149739209537670E+002  0.798256333408816E+000  0.789362876485423E+000  0.100050033358353E-002 -0.748696047688348E+001
  0.100000000000000E+001  0.149578177237558E+002  0.803284695903053E+000  0.780552585180537E+000  0.100050033358353E-002 -0.747890886187790E+001
  0.100000000000000E+001  0.149542995188590E+002  0.804405734189604E+000  0.778567197708746E+000  0.100050033358353E-002 -0.747714975942951E+001
  0.100000000000000E+001  0.149536081084629E+002  0.804627023891295E+000  0.778174361548843E+000  0.100050033358353E-002 -0.747680405423144E+001
  0.100000000000000E+001  0.149517084775658E+002  0.805236934118103E+000  0.777090053341432E+000  0.100050033358353E-002 -0.747585423878290E+001
  0.100000000000000E+001  0.149485855605613E+002  0.806245441071768E+000  0.775291978613488E+000  0.100050033358353E-002 -0.747429278028067E+001
  0.100000000000000E+001  0.149477994883400E+002  0.924954829680775E+000  0.498106935732743E+000  0.100050033358353E-002 -0.747389974416998E+001
  0.100000000000000E+001  0.149446632858960E+002  0.924447311116875E+000  0.499722517178884E+000  0.100050033358353E-002 -0.747233164294798E+001
  0.100000000000000E+001  0.149397164230985E+002  0.809151410250041E+000  0.770074741587558E+000  0.100050033358353E-002 -0.746985821154924E+001
  0.100000000000000E+001  0.149355709824555E+002  0.810532495953522E+000  0.767576151347960E+000  0.100050033358353E-002 -0.746778549122774E+001
  0.100000000000000E+001  0.149334549431879E+002  0.811241251183849E+000  0.766289084139313E+000  0.100050033358353E-002 -0.746672747159395E+001
  0.100000000000000E+001  0.149333810058245E+002  0.811268398398453E+000  0.766239720655105E+000  0.100050033358353E-002 -0.746669050291227E+001
  0.100000000000000E+001  0.149314064617069E+002  0.811935789665542E+000  0.765024639215536E+000  0.100050033358353E-002 -0.746570323085347E+001
  0.100000000000000E+001  0.149297333874927E+002  0.812504157944891E+000  0.763987530131356E+000  0.100050033358353E-002 -0.746486669374636E+001
  0.100000000000000E+001  0.149275335183311E+002  0.813255603775825E+000  0.762613075190533E+000  0.100050033358353E-002 -0.746376675916554E+001
  0.100000000000000E+001  0.149272064471347E+002  0.921455113755290E+000  0.509125703272600E+000  0.100050033358353E-002 -0.746360322356733E+001
  0.100000000000000E+001  0.149269889201409E+002  0.813442802552426E+000  0.762270090002747E+000  0.100050033358353E-002 -0.746349446007044E+001
  0.100000000000000E+001  0.149263698496367E+002  0.813655580126536E+000  0.761879955975892E+000  0.100050033358353E-002 -0.746318492481833E+001
  0.100000000000000E+001  0.149245740568198E+002  0.920978269468427E+000  0.510605440437934E+000  0.100050033358353E-002 -0.746228702840990E+001
  0.100000000000000E+001  0.149199850023509E+002  0.920125784338205E+000  0.513238334227239E+000  0.100050033358353E-002 -0.745999250117543E+001
  0.100000000000000E+001  0.149165589383893E+002  0.817083955939937E+000  0.755551967289188E+000  0.100050033358353E-002 -0.745827946919466E+001
  0.100000000000000E+001  0.149162720793390E+002  0.817185977249876E+000  0.755362437835026E+000  0.100050033358353E-002 -0.745813603966952E+001
  0.100000000000000E+001  0.149132701564258E+002  0.818258706009798E+000  0.753365259677726E+000  0.100050033358353E-002 -0.745663507821292E+001
  0.100000000000000E+001  0.149120659048608E+002  0.818692326732282E+000  0.752555706420370E+000  0.100050033358353E-002 -0.745603295243040E+001
  0.100000000000000E+001  0.149112775013964E+002  0.918436285409551E+000  0.518409715315483E+000  0.100050033358353E-002 -0.745563875069818E+001
  0.100000000000000E+001  0.149104982326396E+002  0.819258773819729E+000  0.751496210374624E+000  0.100050033358353E-002 -0.745524911631981E+001
  0.100000000000000E+001  0.149102209722730E+002  0.819360372986765E+000  0.751305941279956E+000  0.100050033358353E-002 -0.745511048613652E+001
  0.100000000000000E+001  0.149089748939698E+002  0.917972427764851E+000  0.519818883932634E+000  0.100050033358353E-002 -0.745448744698490E+001
  0.100000000000000E+001  0.149088158632905E+002  0.819872270329511E+000  0.750346195927108E+000  0.100050033358353E-002 -0.745440793164524E+001
  0.100000000000000E+001  0.149032198990704E+002  0.916778579052814E+000  0.523425022913448E+000  0.100050033358353E-002 -0.745160994953521E+001
  0.100000000000000E+001  0.149023299725339E+002  0.916589385148360E+000  0.523993795024879E+000  0.100050033358353E-002 -0.745116498626696E+001
  0.100000000000000E+001  0.149017417894193E+002  0.822492925260087E+000  0.745403972216064E+000  0.100050033358353E-002 -0.745087089470964E+001
  0.100000000000000E+001  0.148993376292793E+002  0.915943921804861E+000  0.525928737647021E+000  0.100050033358353E-002 -0.744966881463965E+001
  0.100000000000000E+001  0.148981916788256E+002  0.915725732735497E+000  0.526580900332519E+000  0.100050033358353E-002 -0.744909583941279E+001
  0.100000000000000E+001  0.148981735757475E+002  0.823844496027965E+000  0.742836022260372E+000  0.100050033358353E-002 -0.744908678787373E+001
  0.100000000000000E+001  0.148933699481379E+002  0.914608039464583E+000  0.529906656692966E+000  0.100050033358353E-002 -0.744668497406893E+001
  0.100000000000000E+001  0.148915634987572E+002  0.914190509995241E+000  0.531142659109461E+000  0.100050033358353E-002 -0.744578174937858E+001
  0.100000000000000E+001  0.148903836726385E+002  0.913914245793377E+000  0.531958589201907E+000  0.100050033358353E-002 -0.744519183631926E+001
  0.100000000000000E+001  0.148890215399808E+002  0.827414932167841E+000  0.735988684202224E+000  0.100050033358353E-002 -0.744451076999041E+001
  0.100000000000000E+001  0.148859981933242E+002  0.828631133919783E+000  0.733634861083404E+000  0.100050033358353E-002 -0.744299909666212E+001
  0.100000000000000E+001  0.148842764325608E+002  0.912435967451378E+000  0.536299351770084E+000  0.100050033358353E-002 -0.744213821628039E+001
  0.100000000000000E+001  0.148832580572455E+002  0.829751086743092E+000  0.731457546247983E+000  0.100050033358353E-002 -0.744162902862277E+001
  0.100000000000000E+001  0.148791013154721E+002  0.911114553569760E+000  0.540144094938112E+000  0.100050033358353E-002 -0.743955065773607E+001
  0.100000000000000E+001  0.148771734848327E+002  0.832303564399818E+000  0.726459776540996E+000  0.100050033358353E-002 -0.743858674241634E+001
  0.100000000000000E+001  0.148766850067775E+002  0.832512862381384E+000  0.726047759778250E+000  0.100050033358353E-002 -0.743834250338875E+001
  0.100000000000000E+001  0.148765676610768E+002  0.910440120295658E+000  0.542093761600647E+000  0.100050033358353E-002 -0.743828383053840E+001
  0.100000000000000E+001  0.148765283448954E+002  0.910431124983221E+000  0.542119708327447E+000  0.100050033358353E-002 -0.743826417244772E+001
  0.100000000000000E+001  0.148759763213925E+002  0.832817964191655E+000  0.725446541939749E+000  0.100050033358353E-002 -0.743798816069627E+001
  0.100000000000000E+001  0.148739626880176E+002  0.833691348754069E+000  0.723721512975208E+000  0.100050033358353E-002 -0.743698134400878E+001
  0.100000000000000E+001  0.148735630904921E+002  0.833866192659753E+000  0.723375465584671E+000  0.100050033358353E-002 -0.743678154524606E+001
  0.100000000000000E+001  0.148727964240350E+002  0.834203036154149E+000  0.722708120100760E+000  0.100050033358353E-002 -0.743639821201749E+001
  0.100000000000000E+001  0.148717121871586E+002  0.834682553135838E+000  0.721756583474085E+000  0.100050033358353E-002 -0.743585609357928E+001
  0.100000000000000E+001  0.148665785791337E+002  0.837007279265984E+000  0.717117774245814E+000  0.100050033358353E-002 -0.743328928956685E+001
  0.100000000000000E+001  0.148664803488596E+002  0.907564454313960E+000  0.550313363331082E+000  0.100050033358353E-002 -0.743324017442978E+001
  0.100000000000000E+001  0.148643872962747E+002  0.838029235043053E+000  0.715064911799969E+000  0.100050033358353E-002 -0.743219364813737E+001
  0.100000000000000E+001  0.148642010146307E+002  0.838117226824734E+000  0.714887764597373E+000  0.100050033358353E-002 -0.743210050731535E+001
  0.100000000000000E+001  0.148639632231752E+002  0.906789160825089E+000  0.552504080598754E+000  0.100050033358353E-002 -0.743198161158758E+001
  0.100000000000000E+001  0.148615932826026E+002  0.906034850534693E+000  0.554625415042332E+000  0.100050033358353E-002 -0.743079664130132E+001
  0.100000000000000E+001  0.148613537591827E+002  0.839477007627011E+000  0.712142244597963E+000  0.100050033358353E-002 -0.743067687959134E+001
  0.100000000000000E+001  0.148599805081552E+002  0.905506822164296E+000  0.556104520014881E+000  0.100050033358353E-002 -0.742999025407759E+001
  0.100000000000000E+001  0.148546243966705E+002  0.842847250595343E+000  0.705271939376995E+000  0.100050033358353E-002 -0.742731219833526E+001
  0.100000000000000E+001  0.148529216430811E+002  0.843740342915340E+000  0.703435458763848E+000  0.100050033358353E-002 -0.742646082154057E+001
  0.100000000000000E+001  0.148528918361925E+002  0.843760382980915E+000  0.703394172699330E+000  0.100050033358353E-002 -0.742644591809626E+001
  0.100000000000000E+001  0.148528431863415E+002  0.903005966403818E+000  0.563045547916324E+000  0.100050033358353E-002 -0.742642159317074E+001
  0.100000000000000E+001  0.148516416435267E+002  0.844422754638985E+000  0.702027651121849E+000  0.100050033358353E-002 -0.742582082176334E+001
  0.100000000000000E+001  0.148504707084752E+002  0.845059064684755E+000  0.700711374068739E+000  0.100050033358353E-002 -0.742523535423761E+001
  0.100000000000000E+001  0.148504641798678E+002  0.902102400697975E+000  0.565527738590837E+000  0.100050033358353E-002 -0.742523208993391E+001
  0.100000000000000E+001  0.148481879716542E+002  0.846325907562138E+000  0.698080415345299E+000  0.100050033358353E-002 -0.742409398582709E+001
  0.100000000000000E+001  0.148468076984788E+002  0.847113409096445E+000  0.696437940604599E+000  0.100050033358353E-002 -0.742340384923940E+001
  0.100000000000000E+001  0.148464365004040E+002  0.847327612683555E+000  0.695990245569771E+000  0.100050033358353E-002 -0.742321825020200E+001
  0.100000000000000E+001  0.148460379999131E+002  0.900306274126083E+000  0.570422514137108E+000  0.100050033358353E-002 -0.742301899995654E+001
  0.100000000000000E+001  0.148459920808986E+002  0.900288147982699E+000  0.570471647652856E+000  0.100050033358353E-002 -0.742299604044928E+001
  0.100000000000000E+001  0.148445073924014E+002  0.848460423406717E+000  0.693615926550985E+000  0.100050033358353E-002 -0.742225369620070E+001
  0.100000000000000E+001  0.148432996250344E+002  0.849192240661939E+000  0.692076047287883E+000  0.100050033358353E-002 -0.742164981251721E+001
  0.100000000000000E+001  0.148428041663004E+002  0.849497635134360E+000  0.691432033066170E+000  0.100050033358353E-002 -0.742140208315021E+001
  0.100000000000000E+001  0.148423876029545E+002  0.898691902164702E+000  0.574778180576713E+000  0.100050033358353E-002 -0.742119380147726E+001
  0.100000000000000E+001  0.148419574230316E+002  0.850021290060336E+000  0.690325813983084E+000  0.100050033358353E-002 -0.742097871151580E+001
  0.100000000000000E+001  0.148418825001099E+002  0.898456731102329E+000  0.575409284870538E+000  0.100050033358353E-002 -0.742094125005494E+001
  0.100000000000000E+001  0.148410829526696E+002  0.850469059109679E+000  0.689377953801213E+000  0.100050033358353E-002 -0.742054147633479E+001
  0.100000000000000E+001  0.148406036447711E+002  0.897847909002807E+000  0.577039146690420E+000  0.100050033358353E-002 -0.742030182238554E+001
  0.100000000000000E+001  0.148394925226411E+002  0.851604020138002E+000  0.686967306645681E+000  0.100050033358353E-002 -0.741974626132055E+001
  0.100000000000000E+001  0.148387372953863E+002  0.896864846237029E+000  0.579658886061681E+000  0.100050033358353E-002 -0.741936864769316E+001
  0.100000000000000E+001  0.148384926127702E+002  0.896793519484421E+000  0.579848391024521E+000  0.100050033358353E-002 -0.741924630638510E+001
  0.100000000000000E+001  0.148382641507069E+002  0.852420009732591E+000  0.685226916416998E+000  0.100050033358353E-002 -0.741913207535345E+001
  0.100000000000000E+001  0.148377905943197E+002  0.852741323476546E+000  0.684539927048233E+000  0.100050033358353E-002 -0.741889529715985E+001
  0.100000000000000E+001  0.148374637971865E+002  0.896258541221096E+000  0.581267302915234E+000  0.100050033358353E-002 -0.741873189859324E+001
  0.100000000000000E+001  0.148329909305836E+002  0.893687237326891E+000  0.588027682524708E+000  0.100050033358353E-002 -0.741649546529178E+001
  0.100000000000000E+001  0.148325598778192E+002  0.856576852500426E+000  0.676265191225961E+000  0.100050033358353E-002 -0.741627993890960E+001
  0.100000000000000E+001  0.148314379695739E+002  0.857483912101683E+000  0.674287983777949E+000  0.100050033358353E-002 -0.741571898478697E+001
  0.100000000000000E+001  0.148304508849440E+002  0.892015999327191E+000  0.592369995561447E+000  0.100050033358353E-002 -0.741522544247201E+001
  0.100000000000000E+001  0.148295581229032E+002  0.891378731273503E+000  0.594015298069447E+000  0.100050033358353E-002 -0.741477906145158E+001
  0.100000000000000E+001  0.148293404016911E+002  0.891211005092049E+000  0.594447382482520E+000  0.100050033358353E-002 -0.741467020084557E+001
  0.100000000000000E+001  0.148289794892280E+002  0.890944549413516E+000  0.595132994915085E+000  0.100050033358353E-002 -0.741448974461399E+001
  0.100000000000000E+001  0.148288234477059E+002  0.890826041320891E+000  0.595437606578056E+000  0.100050033358353E-002 -0.741441172385296E+001
  0.100000000000000E+001  0.148281255676816E+002  0.890281063860378E+000  0.596835887960129E+000  0.100050033358353E-002 -0.741406278384079E+001
  0.100000000000000E+001  0.148280799542830E+002  0.891175602323778E+000  0.594538534085314E+000  0.100050033358353E-002 -0.741403997714152E+001
  0.100000000000000E+001  0.148267825365566E+002  0.861750481943656E+000  0.664880344255541E+000  0.100050033358353E-002 -0.741339126827828E+001
  0.100000000000000E+001  0.148265721021657E+002  0.861968818304163E+000  0.664394071595864E+000  0.100050033358353E-002 -0.741328605108286E+001
  0.100000000000000E+001  0.148258678459175E+002  0.862725466199096E+000  0.662705169639251E+000  0.100050033358353E-002 -0.741293392295875E+001
  0.100000000000000E+001  0.148250238825151E+002  0.887501019290797E+000  0.603905291384690E+000  0.100050033358353E-002 -0.741251194125757E+001
  0.100000000000000E+001  0.148248114019977E+002  0.887260096482971E+000  0.604513009824758E+000  0.100050033358353E-002 -0.741240570099884E+001
  0.100000000000000E+001  0.148244936682015E+002  0.887009175217617E+000  0.605145125029818E+000  0.100050033358353E-002 -0.741224683410075E+001
  0.100000000000000E+001  0.148238509814289E+002  0.886219158446366E+000  0.607129856326896E+000  0.100050033358353E-002 -0.741192549071444E+001
  0.100000000000000E+001  0.148232419572597E+002  0.865974177567530E+000  0.655387265933628E+000  0.100050033358353E-002 -0.741162097862986E+001
  0.100000000000000E+001  0.148230814956492E+002  0.885287635635883E+000  0.609459525120003E+000  0.100050033358353E-002 -0.741154074782459E+001
  0.100000000000000E+001  0.148230532552829E+002  0.866244918005202E+000  0.654772466316143E+000  0.100050033358353E-002 -0.741152662764147E+001
  0.100000000000000E+001  0.148227109053903E+002  0.884824475111470E+000  0.610613638094427E+000  0.100050033358353E-002 -0.741135545269514E+001
  0.100000000000000E+001  0.148226174201677E+002  0.884658532264915E+000  0.611026460765900E+000  0.100050033358353E-002 -0.741130871008383E+001
  0.100000000000000E+001  0.148223348888088E+002  0.884264767187029E+000  0.612004622326156E+000  0.100050033358353E-002 -0.741116744440442E+001
  0.100000000000000E+001  0.148220356920429E+002  0.883816373419906E+000  0.613116059132723E+000  0.100050033358353E-002 -0.741101784602146E+001
  0.100000000000000E+001  0.148220135095606E+002  0.867883746404718E+000  0.651034479965835E+000  0.100050033358353E-002 -0.741100675478029E+001
  0.100000000000000E+001  0.148217060038072E+002  0.868427153447699E+000  0.649788714263690E+000  0.100050033358353E-002 -0.741085300190362E+001
  0.100000000000000E+001  0.148212877144577E+002  0.869234593990137E+000  0.647931780055435E+000  0.100050033358353E-002 -0.741064385722884E+001
  0.100000000000000E+001  0.148212161118529E+002  0.882411299366644E+000  0.616582224028542E+000  0.100050033358353E-002 -0.741060805592646E+001
  0.100000000000000E+001  0.148210043513150E+002  0.868489488663924E+000  0.649645607552712E+000  0.100050033358353E-002 -0.741050217565751E+001
  0.100000000000000E+001  0.148209317092517E+002  0.870001100931694E+000  0.646162443211978E+000  0.100050033358353E-002 -0.741046585462585E+001
  0.100000000000000E+001  0.148207775610957E+002  0.881483454047294E+000  0.618857471213748E+000  0.100050033358353E-002 -0.741038878054786E+001
  0.100000000000000E+001  0.148207129950431E+002  0.881335351843269E+000  0.619219650314133E+000  0.100050033358353E-002 -0.741035649752153E+001
  0.100000000000000E+001  0.148206237434963E+002  0.870748382365976E+000  0.644431300788452E+000  0.100050033358353E-002 -0.741031187174817E+001
  0.100000000000000E+001  0.148204604942084E+002  0.880725294610818E+000  0.620708657331019E+000  0.100050033358353E-002 -0.741023024710422E+001
  0.100000000000000E+001  0.148203760046960E+002  0.880480326421712E+000  0.621305273714045E+000  0.100050033358353E-002 -0.741018800234800E+001
  0.100000000000000E+001  0.148203307476550E+002  0.871535895910662E+000  0.642600294952459E+000  0.100050033358353E-002 -0.741016537382751E+001
  0.100000000000000E+001  0.148202978735392E+002  0.880263133049839E+000  0.621833627570798E+000  0.100050033358353E-002 -0.741014893676962E+001
  0.100000000000000E+001  0.148202540633532E+002  0.880131235865347E+000  0.622154203751928E+000  0.100050033358353E-002 -0.741012703167661E+001
  0.100000000000000E+001  0.148202419205521E+002  0.880089175936796E+000  0.622256385604613E+000  0.100050033358353E-002 -0.741012096027603E+001
  0.100000000000000E+001  0.148201563015320E+002  0.872134100092386E+000  0.641204837758666E+000  0.100050033358353E-002 -0.741007815076602E+001
  0.100000000000000E+001  0.148199950464654E+002  0.879235152414260E+000  0.624326510101803E+000  0.100050033358353E-002 -0.740999752323271E+001
  0.100000000000000E+001  0.148199555359317E+002  0.872902650310769E+000  0.639406126307383E+000  0.100050033358353E-002 -0.740997776796587E+001
  0.100000000000000E+001  0.148198451699350E+002  0.873420406991249E+000  0.638190616714225E+000  0.100050033358353E-002 -0.740992258496752E+001
  0.100000000000000E+001  0.148198052312798E+002  0.878368464643725E+000  0.626418293858100E+000  0.100050033358353E-002 -0.740990261563988E+001
  0.100000000000000E+001  0.148197793991097E+002  0.878227216183805E+000  0.626758345697681E+000  0.100050033358353E-002 -0.740988969955485E+001
  0.100000000000000E+001  0.148196743101735E+002  0.874529866521318E+000  0.635575731346235E+000  0.100050033358353E-002 -0.740983715508674E+001
  0.100000000000000E+001  0.148196556701917E+002  0.877322553520987E+000  0.628930644754309E+000  0.100050033358353E-002 -0.740982783509583E+001
  0.100000000000000E+001  0.148195918331921E+002  0.875780080501263E+000  0.632612144884845E+000  0.100050033358353E-002 -0.740979591659605E+001
  0.100000000000000E+001  0.141960436406788E+002  0.392791109849353E-001  0.130953062583152E+001  0.100050033358353E-002 -0.709802182033940E+001
  0.100000000000000E+001  0.134211908839942E+002  0.654904734256167E+000  0.990391589372480E+000  0.100050033358353E-002 -0.671059544199712E+001
