  0.176981372438308E+000  0.000000000000000E+000 -0.499748441083827E+001 -0.499748441083827E+001
  0.176115446546137E+000  0.000000000000000E+000 -0.473806485498053E+001 -0.473806485498053E+001
  0.176983313911638E+000  0.000000000000000E+000 -0.591183897264713E+001 -0.591183897264713E+001
  0.176981372583343E+000  0.000000000000000E+000 -0.485254713210314E+001 -0.485254713210314E+001
  0.176981373350619E+000  0.000000000000000E+000 -0.569040752763247E+001 -0.569040752763247E+001
  0.176981373357974E+000  0.000000000000000E+000 -0.558813816325030E+001 -0.558813816325030E+001
  0.176983313911628E+000  0.000000000000000E+000 -0.392267049207200E+001 -0.392267049207200E+001
  0.176115446546132E+000  0.000000000000000E+000 -0.627103060697123E+001 -0.627103060697123E+001
  0.176936960005727E+000  0.000000000000000E+000 -0.496894210355780E+001 -0.496894210355780E+001
  0.176115446587628E+000  0.000000000000000E+000 -0.570649697071019E+001 -0.570649697071019E+001
  0.176115446586948E+000  0.000000000000000E+000 -0.519705824992408E+001 -0.519705824992408E+001
  0.176983438714730E+000  0.000000000000000E+000 -0.626469415313757E+001 -0.626469415313757E+001
