  0.391368807934433E-002  0.192731392711972E+002  0.152184847851722E+000  0.000000000000000E+000 -0.117346133510826E+002
  0.391368807934433E-002  0.209248595982785E+002  0.725850524932251E-001  0.000000000000000E+000 -0.130559643268612E+002
  0.391368807934433E-002  0.196568589788697E+002  0.164653818991182E+000  0.000000000000000E+000 -0.124219640171567E+002
  0.391368807934433E-002  0.179972169182511E+002  0.109694859696017E+000  0.000000000000000E+000 -0.100686415408737E+002
  0.391368807934433E-002  0.171996626858237E+002  0.123791516027830E+000  0.000000000000000E+000 -0.106978750583958E+002
  0.391368807934433E-002  0.181724674491763E+002  0.107308570680119E+000  0.000000000000000E+000 -0.101562668063363E+002
  0.391368807934433E-002  0.208757894280158E+002  0.110586596016844E+000  0.000000000000000E+000 -0.130314292417298E+002
  0.391368807934433E-002  0.193955739623414E+002  0.124249942434351E+000  0.000000000000000E+000 -0.117958306966547E+002
  0.391368807934433E-002  0.261792432061354E+002  0.273937166557176E-001  0.000000000000000E+000 -0.156831561307896E+002
  0.391368807934433E-002  0.276055984830204E+002  0.546436207195668E-001  0.000000000000000E+000 -0.163963337692321E+002
  0.391368807934433E-002  0.191519426051204E+002  0.111072327632954E+000  0.000000000000000E+000 -0.116740150180442E+002
  0.391368807934433E-002  0.197409826494047E+002  0.316722050359627E-001  0.000000000000000E+000 -0.124640258524242E+002
  0.391368807934433E-002  0.190456210115903E+002  0.108872573488493E+000  0.000000000000000E+000 -0.105928435875433E+002
  0.391368807934433E-002  0.219193198680421E+002  0.448293165331026E-001  0.000000000000000E+000 -0.135531944617429E+002
  0.391368807934433E-002  0.191293313728652E+002  0.143616929062006E+000  0.000000000000000E+000 -0.116627094019166E+002
  0.391368807934433E-002  0.190830611534876E+002  0.124359729975037E+000  0.000000000000000E+000 -0.116395742922278E+002
  0.391368807934433E-002  0.254418077795994E+002  0.478641242696189E-001  0.000000000000000E+000 -0.153144384175216E+002
  0.391368807934433E-002  0.206952261142262E+002  0.116490502414591E+000  0.000000000000000E+000 -0.129411475848350E+002
  0.391368807934433E-002  0.264879738097817E+002  0.394884171822050E-001  0.000000000000000E+000 -0.158375214326127E+002
  0.391368807934433E-002  0.229811408121505E+002  0.533027007559815E-001  0.000000000000000E+000 -0.140841049337971E+002
  0.391368807934433E-002  0.175971884423530E+002  0.130793175380917E+000  0.000000000000000E+000 -0.108966379366605E+002
  0.391368807934433E-002  0.235476528351024E+002  0.101151107487764E+000  0.000000000000000E+000 -0.143673609452731E+002
  0.391368807934433E-002  0.265599981208811E+002  0.893212915943791E-001  0.000000000000000E+000 -0.158735335881624E+002
  0.391368807934433E-002  0.218126485614587E+002  0.702110160288973E-001  0.000000000000000E+000 -0.134998588084512E+002
  0.391368807934433E-002  0.281769699464415E+002  0.478618212087595E-001  0.000000000000000E+000 -0.166820195009426E+002
  0.391368807934433E-002  0.203985085877506E+002  0.535637661733314E-001  0.000000000000000E+000 -0.127927888215972E+002
  0.391368807934433E-002  0.181618395494312E+002  0.106363646112324E+000  0.000000000000000E+000 -0.111789634901996E+002
  0.391368807934433E-002  0.238126352585621E+002  0.205342549763583E+000  0.000000000000000E+000 -0.144998521570029E+002
  0.391368807934433E-002  0.221767535554899E+002  0.588314465877925E-001  0.000000000000000E+000 -0.136819113054668E+002
  0.391368807934433E-002  0.202775979505843E+002  0.178157437244330E+000  0.000000000000000E+000 -0.127323335030140E+002
  0.391368807934433E-002  0.199265681379422E+002  0.143538166360521E+000  0.000000000000000E+000 -0.120613277844551E+002
  0.391368807934433E-002  0.215235853906749E+002  0.539011748653242E-001  0.000000000000000E+000 -0.133553272230594E+002
  0.391368807934433E-002  0.239842722013030E+002  0.661450485960964E-001  0.000000000000000E+000 -0.145856706283734E+002
  0.391368807934433E-002  0.215072678785663E+002  0.139191421434925E+000  0.000000000000000E+000 -0.133471684670050E+002
  0.391368807934433E-002  0.135936680081734E+002  0.107229399952756E+000  0.000000000000000E+000 -0.679683400408670E+001
