  0.683756629734724E-002  0.131727164743341E+002  0.151660146176394E+000  0.000000000000000E+000 -0.658635823716707E+001
  0.683756629734724E-002  0.256068837552057E+002  0.736564929534194E-001  0.000000000000000E+000 -0.151802785123781E+002
  0.683756629734724E-002  0.197065350570903E+002  0.152184847851722E+000  0.000000000000000E+000 -0.117346133510826E+002
  0.683756629734724E-002  0.213621033272516E+002  0.279086913307659E+000  0.000000000000000E+000 -0.130578882984011E+002
  0.683756629734724E-002  0.190560966494019E+002  0.116672371468429E+000  0.000000000000000E+000 -0.114093941472384E+002
  0.683756629734724E-002  0.266126389920286E+002  0.273937166557176E-001  0.000000000000000E+000 -0.156831561307896E+002
  0.683756629734724E-002  0.189274290714664E+002  0.115614543531325E+000  0.000000000000000E+000 -0.113450603582706E+002
  0.683756629734724E-002  0.234360053815612E+002  0.515251400431840E-001  0.000000000000000E+000 -0.140948393255559E+002
  0.683756629734724E-002  0.177318373618455E+002  0.145607330004870E+000  0.000000000000000E+000 -0.107472645034602E+002
  0.683756629734724E-002  0.177321030875919E+002  0.117909113830528E+000  0.000000000000000E+000 -0.107473973663334E+002
  0.683756629734724E-002  0.149657997194981E+002  0.151609487851295E+000  0.000000000000000E+000 -0.902473103277941E+001
  0.683756629734724E-002  0.215933790010062E+002  0.610732821261079E-001  0.000000000000000E+000 -0.131735261352784E+002
  0.683756629734724E-002  0.201934166911728E+002  0.106847372703553E+000  0.000000000000000E+000 -0.124735449803617E+002
  0.683756629734724E-002  0.159496612625654E+002  0.129166064151730E+000  0.000000000000000E+000 -0.951666180431304E+001
  0.683756629734724E-002  0.226490550044080E+002  0.113257165561126E+000  0.000000000000000E+000 -0.137013641369793E+002
  0.683756629734724E-002  0.233020976683301E+002  0.766898772691161E-001  0.000000000000000E+000 -0.140278854689404E+002
  0.683756629734724E-002  0.154458643079309E+002  0.127061674301062E+000  0.000000000000000E+000 -0.926476332699581E+001
  0.683756629734724E-002  0.216714549168875E+002  0.993726865291065E-001  0.000000000000000E+000 -0.132125640932190E+002
  0.683756629734724E-002  0.156048746897935E+002  0.129179164013992E+000  0.000000000000000E+000 -0.934426851792708E+001
  0.683756629734724E-002  0.177807783538831E+002  0.142209101920977E+000  0.000000000000000E+000 -0.104322203499719E+002
  0.683756629734724E-002  0.291067206299560E+002  0.478189055969304E-001  0.000000000000000E+000 -0.169301969497533E+002
  0.683756629734724E-002  0.182905150270817E+002  0.118002285627682E+000  0.000000000000000E+000 -0.110266033360783E+002
  0.683756629734724E-002  0.286103657323347E+002  0.478618212087595E-001  0.000000000000000E+000 -0.166820195009426E+002
  0.683756629734724E-002  0.169641469977090E+002  0.142444906816910E+000  0.000000000000000E+000 -0.100239046718849E+002
  0.683756629734724E-002  0.113446950498806E+002  0.151663011722825E+000  0.000000000000000E+000 -0.567234752494028E+001
