  0.130756160688016E+000  0.300805232959510E+002  0.306226110781160E-002  0.000000000000000E+000 -0.162009742867790E+002
  0.130756160688016E+000  0.686442863693391E+001  0.140955289085657E+000  0.000000000000000E+000 -0.343221431846696E+001
  0.130756160688016E+000  0.165728729947522E+002  0.132595561163730E+000  0.000000000000000E+000 -0.852820323811511E+001
  0.130756160688016E+000  0.120040704197827E+002  0.140480687879908E+000  0.000000000000000E+000 -0.600203520989135E+001
  0.130756160688016E+000  0.931334463258658E+001  0.136135167244365E+000  0.000000000000000E+000 -0.465667231629329E+001
  0.130756160688016E+000  0.119618949240187E+002  0.140480573342252E+000  0.000000000000000E+000 -0.598094746200933E+001
  0.130756160688016E+000  0.172705193845010E+002  0.141765261945977E+000  0.000000000000000E+000 -0.887702643298950E+001
  0.130756160688016E+000  0.110901712104915E+002  0.139986721093713E+000  0.000000000000000E+000 -0.554508560524576E+001
  0.130756160688016E+000  0.921006426184112E+001  0.136135167244465E+000  0.000000000000000E+000 -0.460503213092056E+001
  0.130756160688016E+000  0.521090721222910E+001  0.139945476414731E+000  0.000000000000000E+000 -0.260545360611455E+001
