  0.161789507971968E-001  0.112056024296419E+002  0.126465545952406E+000  0.000000000000000E+000 -0.560280121482097E+001
  0.161789507971968E-001  0.139268104106954E+002  0.138898148156369E+000  0.000000000000000E+000 -0.794143646560735E+001
  0.161789507971968E-001  0.178290294039364E+002  0.138060447251101E+000  0.000000000000000E+000 -0.997648639854747E+001
  0.161789507971968E-001  0.223218222801539E+002  0.279086913307659E+000  0.000000000000000E+000 -0.130578882984011E+002
  0.161789507971968E-001  0.151368674145576E+002  0.126465545952406E+000  0.000000000000000E+000 -0.854646496753847E+001
  0.161789507971968E-001  0.274304427679081E+002  0.224888233282766E+000  0.000000000000000E+000 -0.156121985422782E+002
  0.161789507971968E-001  0.157153260932979E+002  0.129989244651183E+000  0.000000000000000E+000 -0.883569430690860E+001
  0.161789507971968E-001  0.158982369904529E+002  0.138060447251101E+000  0.000000000000000E+000 -0.901109019180568E+001
  0.161789507971968E-001  0.175403484936274E+002  0.129039902891014E+000  0.000000000000000E+000 -0.983214594339295E+001
  0.161789507971968E-001  0.139996117477040E+002  0.128315073169466E+000  0.000000000000000E+000 -0.797783713411167E+001
  0.161789507971968E-001  0.275723579449308E+002  0.273937166557176E-001  0.000000000000000E+000 -0.156831561307896E+002
  0.161789507971968E-001  0.161266461534527E+002  0.143404833734392E+000  0.000000000000000E+000 -0.912529477330558E+001
  0.161789507971968E-001  0.211531356440750E+002  0.106847372703553E+000  0.000000000000000E+000 -0.124735449803617E+002
  0.161789507971968E-001  0.138970033597929E+002  0.140189988386116E+000  0.000000000000000E+000 -0.792653294015612E+001
  0.161789507971968E-001  0.173822302633688E+002  0.147356797790479E+000  0.000000000000000E+000 -0.975308682826364E+001
  0.161789507971968E-001  0.212044881133019E+002  0.136627498905185E+000  0.000000000000000E+000 -0.124992212149751E+002
  0.161789507971968E-001  0.138869074156226E+002  0.128315073983644E+000  0.000000000000000E+000 -0.792148496807098E+001
  0.161789507971968E-001  0.187963714046998E+002  0.109212120378308E+000  0.000000000000000E+000 -0.107996720484362E+002
  0.161789507971968E-001  0.135256305558874E+002  0.126473966541239E+000  0.000000000000000E+000 -0.774084653820334E+001
  0.161789507971968E-001  0.138368568824700E+002  0.136877465611240E+000  0.000000000000000E+000 -0.789645970149468E+001
  0.161789507971968E-001  0.150185551658097E+002  0.141750475915257E+000  0.000000000000000E+000 -0.848730884316453E+001
  0.161789507971968E-001  0.137113083834938E+002  0.140914627578577E+000  0.000000000000000E+000 -0.783368545200655E+001
  0.161789507971968E-001  0.294238382573840E+002  0.679404806441616E-002  0.000000000000000E+000 -0.166088962870162E+002
  0.161789507971968E-001  0.193106338531674E+002  0.128994700591599E+000  0.000000000000000E+000 -0.110568032726700E+002
  0.161789507971968E-001  0.192753951855943E+002  0.117711971888423E+000  0.000000000000000E+000 -0.110391839388835E+002
  0.161789507971968E-001  0.151337026359130E+002  0.128307627433605E+000  0.000000000000000E+000 -0.854488257821615E+001
  0.161789507971968E-001  0.969561010469633E+001  0.126465545952406E+000  0.000000000000000E+000 -0.484780505234816E+001
