  0.164213842156907E+000  0.000000000000000E+000 -0.416719077694512E+001 -0.416719077694512E+001
  0.165465675684142E+000  0.000000000000000E+000 -0.488626652236772E+001 -0.488626652236772E+001
  0.166456586138704E+000  0.000000000000000E+000 -0.599184586658780E+001 -0.599184586658780E+001
  0.164214378667991E+000  0.000000000000000E+000 -0.498577538592348E+001 -0.498577538592348E+001
  0.165537569550382E+000  0.000000000000000E+000 -0.528380949484359E+001 -0.528380949484359E+001
  0.164213902942064E+000  0.000000000000000E+000 -0.331997209479032E+001 -0.331997209479032E+001
  0.164998766189504E+000  0.000000000000000E+000 -0.481951904415760E+001 -0.481951904415760E+001
  0.164998766199380E+000  0.000000000000000E+000 -0.554858682609006E+001 -0.554858682609006E+001
  0.165537505504481E+000  0.000000000000000E+000 -0.589946020656108E+001 -0.589946020656108E+001
  0.164843659377783E+000  0.000000000000000E+000 -0.552474962947371E+001 -0.552474962947371E+001
  0.164214282846618E+000  0.000000000000000E+000 -0.622560281947022E+001 -0.622560281947022E+001
  0.165272675265940E+000  0.000000000000000E+000 -0.341193426736715E+001 -0.341193426736715E+001
  0.164998766199200E+000  0.000000000000000E+000 -0.554367164527558E+001 -0.554367164527558E+001
  0.165465675684062E+000  0.000000000000000E+000 -0.580645633508445E+001 -0.580645633508445E+001
  0.164214378884539E+000  0.000000000000000E+000 -0.509355619956122E+001 -0.509355619956122E+001
  0.165522021105995E+000  0.000000000000000E+000 -0.617112540431433E+001 -0.617112540431433E+001
  0.166454657329381E+000  0.000000000000000E+000 -0.537217215942462E+001 -0.537217215942462E+001
  0.164998766199380E+000  0.000000000000000E+000 -0.429940077445091E+001 -0.429940077445091E+001
  0.165537569550381E+000  0.000000000000000E+000 -0.618766886221303E+001 -0.618766886221303E+001
