  0.211816930472728E-001  0.300483406842721E+002  0.306226110781160E-002  0.000000000000000E+000 -0.162009742867790E+002
  0.211816930472728E-001  0.225120356122966E+002  0.135210319678093E+000  0.000000000000000E+000 -0.124328217507913E+002
  0.211816930472728E-001  0.394678756641150E+002  0.688904350114817E-001  0.000000000000000E+000 -0.209107417767005E+002
  0.211816930472728E-001  0.172108996933103E+002  0.938666952829213E-001  0.000000000000000E+000 -0.860544984665513E+001
  0.211816930472728E-001  0.259598879469778E+002  0.619010559698175E-001  0.000000000000000E+000 -0.141567479181319E+002
  0.211816930472728E-001  0.191978647546343E+002  0.697299312801210E-001  0.000000000000000E+000 -0.102550255718002E+002
  0.211816930472728E-001  0.181197248881601E+002  0.915462155568170E-001  0.000000000000000E+000 -0.971595563856314E+001
  0.211816930472728E-001  0.243384491848271E+002  0.518362167311654E-001  0.000000000000000E+000 -0.133460285370566E+002
  0.211816930472728E-001  0.179892882365582E+002  0.740616768094238E-001  0.000000000000000E+000 -0.965073731276218E+001
  0.211816930472728E-001  0.241751109263119E+002  0.204305165081056E+000  0.000000000000000E+000 -0.132643594077990E+002
  0.211816930472728E-001  0.257707171294339E+002  0.529043638791283E-001  0.000000000000000E+000 -0.140621625093600E+002
  0.211816930472728E-001  0.205483847547547E+002  0.933479776021295E-001  0.000000000000000E+000 -0.110677570951976E+002
  0.211816930472728E-001  0.257609674562392E+002  0.109142321304918E+000  0.000000000000000E+000 -0.140572876727626E+002
  0.211816930472728E-001  0.239472856433166E+002  0.414050561320217E-001  0.000000000000000E+000 -0.131504467663013E+002
  0.211816930472728E-001  0.254463344376357E+002  0.165504455392004E+000  0.000000000000000E+000 -0.138999711634609E+002
  0.211816930472728E-001  0.175357990218203E+002  0.892698358216089E-001  0.000000000000000E+000 -0.942399270539323E+001
  0.211816930472728E-001  0.221431449655620E+002  0.565135871467249E-001  0.000000000000000E+000 -0.118651372006013E+002
  0.211816930472728E-001  0.220042074684542E+002  0.607387404190647E-001  0.000000000000000E+000 -0.117956684520473E+002
  0.211816930472728E-001  0.219892881025097E+002  0.752030698301251E-001  0.000000000000000E+000 -0.117882087690751E+002
  0.211816930472728E-001  0.234322646375801E+002  0.384783738900709E-001  0.000000000000000E+000 -0.128929362634331E+002
  0.211816930472728E-001  0.217001050752061E+002  0.803171625340352E-001  0.000000000000000E+000 -0.116436172554233E+002
  0.211816930472728E-001  0.167938185986479E+002  0.938666534243595E-001  0.000000000000000E+000 -0.905300249380705E+001
  0.211816930472728E-001  0.233367957723062E+002  0.963672667750299E-001  0.000000000000000E+000 -0.128452018307961E+002
  0.211816930472728E-001  0.231348378196728E+002  0.903971238445904E-001  0.000000000000000E+000 -0.127442228544794E+002
  0.211816930472728E-001  0.168262823742805E+002  0.938721841445712E-001  0.000000000000000E+000 -0.906923438162335E+001
  0.211816930472728E-001  0.127013980502451E+002  0.947476017974413E-001  0.000000000000000E+000 -0.635069902512257E+001
