  0.140914627578587E+000  0.000000000000000E+000 -0.584209941968899E+001 -0.584209941968899E+001
  0.138084496666997E+000  0.000000000000000E+000 -0.629570514558644E+001 -0.629570514558644E+001
  0.140914627578587E+000  0.000000000000000E+000 -0.615343973350461E+001 -0.615343973350461E+001
  0.136136479450077E+000  0.000000000000000E+000 -0.565652729677505E+001 -0.565652729677505E+001
  0.141530029324276E+000  0.000000000000000E+000 -0.559820003232920E+001 -0.559820003232920E+001
  0.141955126559736E+000  0.000000000000000E+000 -0.621778532353543E+001 -0.621778532353543E+001
  0.140480687879908E+000  0.000000000000000E+000 -0.524061852879376E+001 -0.524061852879376E+001
  0.138084496666999E+000  0.000000000000000E+000 -0.570007708342734E+001 -0.570007708342734E+001
  0.141072744582603E+000  0.000000000000000E+000 -0.599439745261868E+001 -0.599439745261868E+001
  0.140918265850481E+000  0.000000000000000E+000 -0.623375344250851E+001 -0.623375344250851E+001
  0.140480687879908E+000  0.000000000000000E+000 -0.600203520989135E+001 -0.600203520989135E+001
  0.140919681904561E+000  0.000000000000000E+000 -0.410584359985941E+001 -0.410584359985941E+001
  0.138060482487037E+000  0.000000000000000E+000 -0.589722998197725E+001 -0.589722998197725E+001
  0.140480656030217E+000  0.000000000000000E+000 -0.571200977775456E+001 -0.571200977775456E+001
  0.143404852078850E+000  0.000000000000000E+000 -0.524211559457188E+001 -0.524211559457188E+001
  0.140914876273972E+000  0.000000000000000E+000 -0.628925123205845E+001 -0.628925123205845E+001
  0.141072744191304E+000  0.000000000000000E+000 -0.625264323369115E+001 -0.625264323369115E+001
  0.143264813666932E+000  0.000000000000000E+000 -0.564761678269934E+001 -0.564761678269934E+001
  0.143265359899087E+000  0.000000000000000E+000 -0.520770531920512E+001 -0.520770531920512E+001
  0.143410117899073E+000  0.000000000000000E+000 -0.624096120008849E+001 -0.624096120008849E+001
  0.143409508231278E+000  0.000000000000000E+000 -0.180010413513373E+001 -0.180010413513373E+001
  0.140918265852786E+000  0.000000000000000E+000 -0.588919162699830E+001 -0.588919162699830E+001
  0.136135167244465E+000  0.000000000000000E+000 -0.460503213092056E+001 -0.460503213092056E+001
  0.138060447251101E+000  0.000000000000000E+000 -0.540640230742735E+001 -0.540640230742735E+001
  0.141765261944175E+000  0.000000000000000E+000 -0.485851747348737E+001 -0.485851747348737E+001
  0.140914876299095E+000  0.000000000000000E+000 -0.518854931016756E+001 -0.518854931016756E+001
  0.142446213232813E+000  0.000000000000000E+000 -0.612365818863858E+001 -0.612365818863858E+001
  0.143410226595962E+000  0.000000000000000E+000 -0.394479821500245E+001 -0.394479821500245E+001
  0.139736033290750E+000  0.000000000000000E+000 -0.555588617032360E+001 -0.555588617032360E+001
  0.139985517216535E+000  0.000000000000000E+000 -0.611084276407666E+001 -0.611084276407666E+001
  0.141955126560438E+000  0.000000000000000E+000 -0.571877952447986E+001 -0.571877952447986E+001
  0.140955289085657E+000  0.000000000000000E+000 -0.343221431846696E+001 -0.343221431846696E+001
  0.138084496839499E+000  0.000000000000000E+000 -0.511434486034797E+001 -0.511434486034797E+001
  0.143409508230954E+000  0.000000000000000E+000 -0.567863184791298E+001 -0.567863184791298E+001
  0.144088010306343E+000  0.000000000000000E+000 -0.595311001994902E+001 -0.595311001994902E+001
  0.142399629791100E+000  0.000000000000000E+000 -0.537832962640135E+001 -0.537832962640135E+001
  0.140274275204865E+000  0.000000000000000E+000 -0.607301718460236E+001 -0.607301718460236E+001
  0.142034652109947E+000  0.000000000000000E+000 -0.625663751598538E+001 -0.625663751598538E+001
  0.141765138103914E+000  0.000000000000000E+000 -0.604722932601656E+001 -0.604722932601656E+001
  0.140918265850450E+000  0.000000000000000E+000 -0.535798485084168E+001 -0.535798485084168E+001
  0.140480573342252E+000  0.000000000000000E+000 -0.598094746200933E+001 -0.598094746200933E+001
  0.140480952166323E+000  0.000000000000000E+000 -0.424744542557792E+001 -0.424744542557792E+001
  0.139733342017650E+000  0.000000000000000E+000 -0.564319997963443E+001 -0.564319997963443E+001
  0.140914627578586E+000  0.000000000000000E+000 -0.538010455342370E+001 -0.538010455342370E+001
  0.140893581178703E+000  0.000000000000000E+000 -0.492932935153599E+001 -0.492932935153599E+001
  0.143434652424666E+000  0.000000000000000E+000 -0.503737883352729E+001 -0.503737883352729E+001
  0.143418380602736E+000  0.000000000000000E+000 -0.613491272492095E+001 -0.613491272492095E+001
  0.139986721093713E+000  0.000000000000000E+000 -0.554508560524576E+001 -0.554508560524576E+001
  0.136135167244365E+000  0.000000000000000E+000 -0.465667231629329E+001 -0.465667231629329E+001
  0.142182648183908E+000  0.000000000000000E+000 -0.563710814198000E+001 -0.563710814198000E+001
