  0.406199936925500E-001  0.107284173406453E+002  0.121372576726030E+000  0.000000000000000E+000 -0.536420867032264E+001
  0.406199936925500E-001  0.190803969714552E+002  0.123320650252859E+000  0.000000000000000E+000 -0.106285102801763E+002
  0.406199936925500E-001  0.104167019646488E+002  0.121322545189688E+000  0.000000000000000E+000 -0.520835098232441E+001
  0.406199936925500E-001  0.125894662895796E+002  0.117840475540169E+000  0.000000000000000E+000 -0.687901858342729E+001
  0.406199936925500E-001  0.917142381491550E+001  0.121379729513453E+000  0.000000000000000E+000 -0.458571190745775E+001
  0.406199936925500E-001  0.175559153906331E+002  0.120510957770151E+000  0.000000000000000E+000 -0.936224313395406E+001
  0.406199936925500E-001  0.223815237622037E+002  0.103483558736038E+000  0.000000000000000E+000 -0.127745644877884E+002
  0.406199936925500E-001  0.144328717220600E+002  0.111588189178187E+000  0.000000000000000E+000 -0.780072129966751E+001
  0.406199936925500E-001  0.185092811040108E+002  0.111522016291595E+000  0.000000000000000E+000 -0.983892599064293E+001
  0.406199936925500E-001  0.219460319800128E+002  0.143538166360521E+000  0.000000000000000E+000 -0.120613277844551E+002
  0.406199936925500E-001  0.185138281696894E+002  0.112737655523649E+000  0.000000000000000E+000 -0.984119952348219E+001
  0.406199936925500E-001  0.217604464914753E+002  0.316722050359627E-001  0.000000000000000E+000 -0.124640258524242E+002
  0.406199936925500E-001  0.193179054180229E+002  0.145607330004870E+000  0.000000000000000E+000 -0.107472645034602E+002
  0.406199936925500E-001  0.275674435556380E+002  0.643889180625694E-001  0.000000000000000E+000 -0.153675243845056E+002
  0.406199936925500E-001  0.170082135490671E+002  0.124582614053881E+000  0.000000000000000E+000 -0.908839221317107E+001
  0.406199936925500E-001  0.141973185288537E+002  0.117840492315641E+000  0.000000000000000E+000 -0.768294470306436E+001
  0.406199936925500E-001  0.213631934818985E+002  0.131410158479757E+000  0.000000000000000E+000 -0.117699085353979E+002
  0.406199936925500E-001  0.122071800716866E+002  0.121379972893063E+000  0.000000000000000E+000 -0.668787547448081E+001
  0.406199936925500E-001  0.279309837754558E+002  0.598743476847782E-001  0.000000000000000E+000 -0.155492944944145E+002
  0.406199936925500E-001  0.232301404342642E+002  0.167589378476849E+000  0.000000000000000E+000 -0.131988728238187E+002
  0.406199936925500E-001  0.120630456129759E+002  0.119757048103164E+000  0.000000000000000E+000 -0.661580824512546E+001
  0.406199936925500E-001  0.235244518607400E+002  0.518362167311654E-001  0.000000000000000E+000 -0.133460285370566E+002
  0.406199936925500E-001  0.127640568798239E+002  0.117853564005815E+000  0.000000000000000E+000 -0.696631387854948E+001
  0.406199936925500E-001  0.127811919049277E+002  0.120434451248589E+000  0.000000000000000E+000 -0.697488139110137E+001
  0.406199936925500E-001  0.816521529039688E+001  0.121379972621930E+000  0.000000000000000E+000 -0.408260764519844E+001
