  0.276793332476016E-002  0.263366617074198E+002  0.306226110781160E-002  0.000000000000000E+000 -0.162009742867790E+002
  0.276793332476016E-002  0.115537364807854E+002  0.131326728044290E+000  0.000000000000000E+000 -0.687548052906080E+001
  0.276793332476016E-002  0.161714445874361E+002  0.142444181073095E+000  0.000000000000000E+000 -0.106228749145493E+002
  0.276793332476016E-002  0.119378175425454E+002  0.130953829224961E+000  0.000000000000000E+000 -0.706752105994079E+001
  0.276793332476016E-002  0.122541092454089E+002  0.130877173545737E+000  0.000000000000000E+000 -0.722566691137255E+001
  0.276793332476016E-002  0.111316253095843E+002  0.129989244651426E+000  0.000000000000000E+000 -0.767951018979680E+001
  0.276793332476016E-002  0.223759399921951E+002  0.272594965913286E-001  0.000000000000000E+000 -0.142206134291667E+002
  0.276793332476016E-002  0.105139098133478E+002  0.131303982805183E+000  0.000000000000000E+000 -0.635556719534201E+001
  0.276793332476016E-002  0.164909586082429E+002  0.146978010038906E+000  0.000000000000000E+000 -0.104431172754457E+002
  0.276793332476016E-002  0.164204894910041E+002  0.117909113830528E+000  0.000000000000000E+000 -0.107473973663334E+002
  0.276793332476016E-002  0.136850498931082E+002  0.131546263829619E+000  0.000000000000000E+000 -0.904016291787833E+001
  0.276793332476016E-002  0.214129456841524E+002  0.375454866535590E-001  0.000000000000000E+000 -0.137391162751454E+002
  0.276793332476016E-002  0.183949214605026E+002  0.152184847851722E+000  0.000000000000000E+000 -0.117346133510826E+002
  0.276793332476016E-002  0.112542980063974E+002  0.126473966541239E+000  0.000000000000000E+000 -0.774084653820334E+001
  0.276793332476016E-002  0.269782899888551E+002  0.108525850829375E-002  0.000000000000000E+000 -0.165217884274967E+002
  0.276793332476016E-002  0.217249372298857E+002  0.566733306972584E-001  0.000000000000000E+000 -0.138951120480120E+002
  0.276793332476016E-002  0.193966613257604E+002  0.111403787423343E+000  0.000000000000000E+000 -0.122354832837115E+002
  0.276793332476016E-002  0.114399758340038E+002  0.140914627578577E+000  0.000000000000000E+000 -0.783368545200655E+001
  0.276793332476016E-002  0.176723966009201E+002  0.130877171944715E+000  0.000000000000000E+000 -0.113733509212914E+002
  0.276793332476016E-002  0.136121337981710E+002  0.126473975236320E+000  0.000000000000000E+000 -0.891976443409016E+001
  0.276793332476016E-002  0.158297996334820E+002  0.136319256360218E+000  0.000000000000000E+000 -0.101125377880652E+002
  0.276793332476016E-002  0.116155748661327E+002  0.128315073983644E+000  0.000000000000000E+000 -0.792148496807098E+001
  0.276793332476016E-002  0.271525057078941E+002  0.679404806441616E-002  0.000000000000000E+000 -0.166088962870162E+002
  0.276793332476016E-002  0.117282791982141E+002  0.128315073169466E+000  0.000000000000000E+000 -0.797783713411167E+001
  0.276793332476016E-002  0.139342314679387E+002  0.129185828339581E+000  0.000000000000000E+000 -0.916475370529357E+001
  0.276793332476016E-002  0.139524343549315E+002  0.142446378337277E+000  0.000000000000000E+000 -0.917385514878999E+001
  0.276793332476016E-002  0.169789014304940E+002  0.118002285627682E+000  0.000000000000000E+000 -0.110266033360783E+002
  0.276793332476016E-002  0.159262570238675E+002  0.151917293760221E+000  0.000000000000000E+000 -0.101607664832580E+002
  0.276793332476016E-002  0.192919805756954E+002  0.851781101561648E-001  0.000000000000000E+000 -0.126786337209169E+002
  0.276793332476016E-002  0.188393858507421E+002  0.106689837854165E+000  0.000000000000000E+000 -0.119568455462024E+002
  0.276793332476016E-002  0.118424735772177E+002  0.128315073984006E+000  0.000000000000000E+000 -0.803493432361349E+001
  0.276793332476016E-002  0.128655348650677E+002  0.126465545952406E+000  0.000000000000000E+000 -0.854646496753847E+001
  0.276793332476016E-002  0.119669668435542E+002  0.128315073984264E+000  0.000000000000000E+000 -0.809718095678173E+001
  0.276793332476016E-002  0.141964527446916E+002  0.138060447251577E+000  0.000000000000000E+000 -0.929586434367002E+001
  0.276793332476016E-002  0.255550153219211E+002  0.202248717725206E-001  0.000000000000000E+000 -0.158101510940297E+002
  0.276793332476016E-002  0.122945644975865E+002  0.136739827357245E+000  0.000000000000000E+000 -0.826097978379791E+001
  0.276793332476016E-002  0.234780767733540E+002  0.841426035085900E-001  0.000000000000000E+000 -0.147716818197462E+002
  0.276793332476016E-002  0.184655118291333E+002  0.131410158479757E+000  0.000000000000000E+000 -0.117699085353979E+002
  0.276793332476016E-002  0.128359566766117E+002  0.129082594407748E+000  0.000000000000000E+000 -0.853167587331051E+001
  0.276793332476016E-002  0.259255446705677E+002  0.100065320420194E+000  0.000000000000000E+000 -0.159954157683530E+002
  0.276793332476016E-002  0.125957819349437E+002  0.128316633907236E+000  0.000000000000000E+000 -0.841158850247648E+001
  0.276793332476016E-002  0.158960190675154E+002  0.142101020310155E+000  0.000000000000000E+000 -0.101456475050819E+002
  0.276793332476016E-002  0.257897053865958E+002  0.190387872352957E-001  0.000000000000000E+000 -0.159274961263671E+002
  0.276793332476016E-002  0.127035686242514E+002  0.141765261944051E+000  0.000000000000000E+000 -0.846548184713034E+001
  0.276793332476016E-002  0.960005295658186E+001  0.131326728044471E+000  0.000000000000000E+000 -0.480002647829093E+001
