  0.124009483998388E+000  0.000000000000000E+000 -0.612348507225171E+001 -0.612348507225171E+001
  0.123427006986263E+000  0.000000000000000E+000 -0.552318101499001E+001 -0.552318101499001E+001
  0.124026699946303E+000  0.000000000000000E+000 -0.402528115075897E+001 -0.402528115075897E+001
  0.122184234639150E+000  0.000000000000000E+000 -0.612999053359880E+001 -0.612999053359880E+001
  0.121321436278101E+000  0.000000000000000E+000 -0.556796121897275E+001 -0.556796121897275E+001
  0.121376838038629E+000  0.000000000000000E+000 -0.623557524086313E+001 -0.623557524086313E+001
  0.123320650252859E+000  0.000000000000000E+000 -0.574030606438774E+001 -0.574030606438774E+001
  0.119757048102512E+000  0.000000000000000E+000 -0.605160279809901E+001 -0.605160279809901E+001
  0.122184149265014E+000  0.000000000000000E+000 -0.545322922180281E+001 -0.545322922180281E+001
  0.121379972621930E+000  0.000000000000000E+000 -0.485679624640680E+001 -0.485679624640680E+001
  0.121379972621930E+000  0.000000000000000E+000 -0.408260764519844E+001 -0.408260764519844E+001
  0.124009483998243E+000  0.000000000000000E+000 -0.545099510718309E+001 -0.545099510718309E+001
  0.122764294937106E+000  0.000000000000000E+000 -0.614944477485486E+001 -0.614944477485486E+001
  0.122184149003627E+000  0.000000000000000E+000 -0.505915509351646E+001 -0.505915509351646E+001
  0.117853534994746E+000  0.000000000000000E+000 -0.532820650412008E+001 -0.532820650412008E+001
  0.122184149263516E+000  0.000000000000000E+000 -0.594516868726490E+001 -0.594516868726490E+001
  0.122184149262092E+000  0.000000000000000E+000 -0.491852199895735E+001 -0.491852199895735E+001
  0.122764294833637E+000  0.000000000000000E+000 -0.462305130983803E+001 -0.462305130983803E+001
  0.124235270049191E+000  0.000000000000000E+000 -0.443265982722877E+001 -0.443265982722877E+001
  0.119747771180116E+000  0.000000000000000E+000 -0.454222879418695E+001 -0.454222879418695E+001
  0.118627023099226E+000  0.000000000000000E+000 -0.627541689582157E+001 -0.627541689582157E+001
  0.120510462518765E+000  0.000000000000000E+000 -0.613131465916014E+001 -0.613131465916014E+001
  0.121382672469033E+000  0.000000000000000E+000 -0.629274147730052E+001 -0.629274147730052E+001
  0.121366688358561E+000  0.000000000000000E+000 -0.574862307637472E+001 -0.574862307637472E+001
  0.119757048103139E+000  0.000000000000000E+000 -0.573683794586989E+001 -0.573683794586989E+001
  0.121377013777727E+000  0.000000000000000E+000 -0.613835714646825E+001 -0.613835714646825E+001
  0.121379729513453E+000  0.000000000000000E+000 -0.553698027101251E+001 -0.553698027101251E+001
  0.122184149003636E+000  0.000000000000000E+000 -0.508799143853707E+001 -0.508799143853707E+001
  0.117851473149290E+000  0.000000000000000E+000 -0.599600174280689E+001 -0.599600174280689E+001
  0.121379972624797E+000  0.000000000000000E+000 -0.622564840478687E+001 -0.622564840478687E+001
  0.121322545189688E+000  0.000000000000000E+000 -0.520835098232441E+001 -0.520835098232441E+001
  0.124026699952356E+000  0.000000000000000E+000 -0.600912416063320E+001 -0.600912416063320E+001
  0.119747771180140E+000  0.000000000000000E+000 -0.592770876629242E+001 -0.592770876629242E+001
  0.119759870981778E+000  0.000000000000000E+000 -0.579493802477518E+001 -0.579493802477518E+001
  0.122184149266457E+000  0.000000000000000E+000 -0.622800726607567E+001 -0.622800726607567E+001
  0.122330970542900E+000  0.000000000000000E+000 -0.534298924337806E+001 -0.534298924337806E+001
  0.122184149266459E+000  0.000000000000000E+000 -0.574968367919004E+001 -0.574968367919004E+001
  0.122184149003636E+000  0.000000000000000E+000 -0.629716975589358E+001 -0.629716975589358E+001
  0.117853536255115E+000  0.000000000000000E+000 -0.538217826593664E+001 -0.538217826593664E+001
  0.122184213392368E+000  0.000000000000000E+000 -0.460345002576902E+001 -0.460345002576902E+001
  0.121372576726030E+000  0.000000000000000E+000 -0.536420867032264E+001 -0.536420867032264E+001
  0.119747771316559E+000  0.000000000000000E+000 -0.503088726160569E+001 -0.503088726160569E+001
