  0.411916156293657E-001  0.115278243477507E+000 -0.693147180559945E+000 -0.130411988037503E+002 -0.130411988037503E+002
  0.614757082448270E-001  0.127100656159446E+000 -0.693147180559945E+000 -0.135180938015083E+002 -0.135180938015083E+002
  0.412266422636360E-001  0.115176634751271E+000 -0.693147180559945E+000 -0.127803937725363E+002 -0.127803937725363E+002
  0.219648839159972E-001  0.118355652993262E+000 -0.693147180559945E+000 -0.137901647831445E+002 -0.137901647831445E+002
  0.451142590904796E-001  0.119341146609365E+000 -0.693147180559945E+000 -0.123330504323052E+002 -0.123330504323052E+002
  0.450051328032048E-001  0.112710159276099E+000 -0.693147180559945E+000 -0.132851658619793E+002 -0.132851658619793E+002
  0.614757081781934E-001  0.127100656189786E+000 -0.693147180559945E+000 -0.135675830623973E+002 -0.135675830623973E+002
  0.630945403933629E-001  0.127103830500301E+000 -0.693147180559945E+000 -0.130605639818266E+002 -0.130605639818266E+002
  0.273218271802673E-001  0.125013396105694E+000 -0.693147180559945E+000 -0.132965846015095E+002 -0.132965846015095E+002
  0.272497441561532E-001  0.125280366999527E+000 -0.693147180559945E+000 -0.140967158728604E+002 -0.140967158728604E+002
  0.219648839159972E-001  0.118355652993262E+000 -0.693147180559945E+000 -0.130848061837008E+002 -0.130848061837008E+002
  0.412266422637377E-001  0.115176634751477E+000 -0.693147180559945E+000 -0.116337396789617E+002 -0.116337396789617E+002
  0.436964902025372E-001  0.118040127578504E+000 -0.693147180559945E+000 -0.135811104128656E+002 -0.135811104128656E+002
  0.614757082384094E-001  0.127100656164377E+000 -0.693147180559945E+000 -0.139268066668229E+002 -0.139268066668229E+002
  0.450051328033989E-001  0.112710159276127E+000 -0.693147180559945E+000 -0.137444889130732E+002 -0.137444889130732E+002
  0.619116081689970E-001  0.125850106175095E+000 -0.693147180559945E+000 -0.123212953699074E+002 -0.123212953699074E+002
  0.451142590904827E-001  0.119341146609363E+000 -0.693147180559945E+000 -0.116752590484000E+002 -0.116752590484000E+002
  0.272228437245861E-001  0.125259665503385E+000 -0.693147180559945E+000 -0.129784821392719E+002 -0.129784821392719E+002
  0.630731522329322E-001  0.127081807273680E+000 -0.693147180559945E+000 -0.131498487855622E+002 -0.131498487855622E+002
  0.272269327634953E-001  0.125279833224209E+000 -0.693147180559945E+000 -0.139152383624212E+002 -0.139152383624212E+002
  0.630945392315796E-001  0.127103823143721E+000 -0.693147180559945E+000 -0.133235081162824E+002 -0.133235081162824E+002
  0.272474376435534E-001  0.125280429442017E+000 -0.693147180559945E+000 -0.115378009362020E+002 -0.115378009362020E+002
  0.403823003006609E-001  0.116745902571574E+000 -0.693147180559945E+000 -0.139845744420252E+002 -0.139845744420252E+002
  0.397671754836950E-001  0.115243403977591E+000 -0.693147180559945E+000 -0.139401487115343E+002 -0.139401487115343E+002
  0.272234203810116E-001  0.125275996126585E+000 -0.693147180559945E+000 -0.135334531704618E+002 -0.135334531704618E+002
  0.614757082384094E-001  0.127100656164377E+000 -0.693147180559945E+000 -0.133678457136047E+002 -0.133678457136047E+002
  0.272497447503353E-001  0.125280367342396E+000 -0.693147180559945E+000 -0.130679406599823E+002 -0.130679406599823E+002
  0.352731068541206E-001  0.122955054950267E+000 -0.693147180559945E+000 -0.139926434376658E+002 -0.139926434376658E+002
  0.630945408201440E-001  0.127103831058509E+000 -0.693147180559945E+000 -0.140395604000613E+002 -0.140395604000613E+002
  0.449558287167222E-001  0.119488824495084E+000 -0.693147180559945E+000 -0.141918056056733E+002 -0.141918056056733E+002
  0.272436385478034E-001  0.125273419542570E+000 -0.693147180559945E+000 -0.128018140892684E+002 -0.128018140892684E+002
  0.541084498635342E-001  0.126941997460243E+000 -0.693147180559945E+000 -0.126872829141721E+002 -0.126872829141721E+002
  0.451142590904827E-001  0.119341146609363E+000 -0.693147180559945E+000 -0.141781792196183E+002 -0.141781792196183E+002
  0.272228437295652E-001  0.125259665504618E+000 -0.693147180559945E+000 -0.136478561757647E+002 -0.136478561757647E+002
  0.272436385477230E-001  0.125273419542672E+000 -0.693147180559945E+000 -0.137429748432320E+002 -0.137429748432320E+002
  0.541084484744445E-001  0.126941997718043E+000 -0.693147180559945E+000 -0.119013259138279E+002 -0.119013259138279E+002
  0.614757082452189E-001  0.127100656147024E+000 -0.693147180559945E+000 -0.128827045498718E+002 -0.128827045498718E+002
  0.272436385477239E-001  0.125273419542675E+000 -0.693147180559945E+000 -0.136070278469488E+002 -0.136070278469488E+002
  0.412266422636358E-001  0.115176634751271E+000 -0.693147180559945E+000 -0.141054206971350E+002 -0.141054206971350E+002
  0.273218260169741E-001  0.125013393210758E+000 -0.693147180559945E+000 -0.139830548897940E+002 -0.139830548897940E+002
  0.614757082452189E-001  0.127100656147024E+000 -0.693147180559945E+000 -0.134638797633334E+002 -0.134638797633334E+002
  0.451149871457270E-001  0.119340890565783E+000 -0.693147180559945E+000 -0.125100711568994E+002 -0.125100711568994E+002
