  0.230436414933085E-001  0.237448290718507E+002  0.635834593075220E-001  0.128905722600858E+000 -0.693147180559945E+000 -0.118724145359253E+002
  0.230436414933085E-001  0.276657991440376E+002  0.760764749058784E-001  0.926252654186929E-001 -0.693147180559945E+000 -0.160024632163387E+002
  0.230436414933085E-001  0.399496854388563E+002  0.382741397999469E-001  0.271933236565749E-001 -0.693147180559945E+000 -0.221444063637481E+002
  0.230436414933085E-001  0.321533418250753E+002  0.578679333646541E-001  0.843880703911115E-001 -0.693147180559945E+000 -0.182462345568576E+002
  0.230436414933085E-001  0.230669131615278E+002  0.635834510676572E-001  0.128905741956039E+000 -0.693147180559945E+000 -0.115334565807639E+002
  0.230436414933085E-001  0.288137021567729E+002  0.496459013840111E-001  0.809384600045478E-001 -0.693147180559945E+000 -0.165764147227063E+002
  0.230436414933085E-001  0.327474790198569E+002  0.440542047029735E-001  0.920710300724775E-001 -0.693147180559945E+000 -0.185433031542483E+002
  0.230436414933085E-001  0.303107076544834E+002  0.468789452049416E-001  0.438865402490371E-001 -0.693147180559945E+000 -0.173249174715616E+002
  0.230436414933085E-001  0.376956010078935E+002  0.793182063578264E-001  0.509792564205760E-001 -0.693147180559945E+000 -0.210173641482666E+002
  0.230436414933085E-001  0.397402740765734E+002 -0.186096068405339E-002  0.404678255707403E-001 -0.693147180559945E+000 -0.220397006826066E+002
  0.230436414933085E-001  0.287082860325414E+002  0.540265770485135E-001  0.901787622958421E-001 -0.693147180559945E+000 -0.165237066605906E+002
  0.230436414933085E-001  0.411576046615342E+002  0.976842996091154E-001  0.131793606515113E+000 -0.693147180559945E+000 -0.227483659750870E+002
  0.230436414933085E-001  0.275798223972607E+002  0.487224041528802E-001  0.120669801134465E+000 -0.693147180559945E+000 -0.159594748429503E+002
  0.230436414933085E-001  0.457932163880715E+002  0.975452541557329E-001  0.749688782775317E-002 -0.693147180559945E+000 -0.250661718383557E+002
  0.230436414933085E-001  0.303978631341294E+002  0.273025488390561E-001  0.774793859460153E-001 -0.693147180559945E+000 -0.173684952113846E+002
  0.230436414933085E-001  0.295887823846358E+002  0.397671755014828E-001  0.115243403983087E+000 -0.693147180559945E+000 -0.169639548366378E+002
  0.230436414933085E-001  0.301214453899247E+002  0.622293188846552E-001  0.933156117423915E-001 -0.693147180559945E+000 -0.172302863392822E+002
  0.230436414933085E-001  0.353831617933613E+002  0.673672432066406E-001  0.113550503289390E+000 -0.693147180559945E+000 -0.198611445410006E+002
  0.230436414933085E-001  0.304339424518364E+002  0.644928030707161E-001  0.703565145534957E-001 -0.693147180559945E+000 -0.173865348702381E+002
  0.230436414933085E-001  0.329170109595307E+002  0.130878336661592E+000  0.872037964893208E-001 -0.693147180559945E+000 -0.186280691240852E+002
  0.230436414933085E-001  0.266874045356862E+002  0.473778912443568E-001  0.936132504303759E-001 -0.693147180559945E+000 -0.155132659121630E+002
  0.230436414933085E-001  0.304719386580336E+002  0.601467962614366E-001  0.759673482775691E-001 -0.693147180559945E+000 -0.174055329733367E+002
  0.230436414933085E-001  0.297379174633495E+002  0.276548512572325E-001  0.116188936006555E+000 -0.693147180559945E+000 -0.170385223759947E+002
  0.230436414933085E-001  0.268718286654603E+002  0.697002718863982E-001  0.712564496120107E-001 -0.693147180559945E+000 -0.156054779770500E+002
  0.230436414933085E-001  0.304921764439934E+002  0.758097593923259E-001  0.926994646216972E-001 -0.693147180559945E+000 -0.174156518663166E+002
  0.230436414933085E-001  0.344034155646483E+002  0.159534815331490E-001  0.756933950074199E-001 -0.693147180559945E+000 -0.193712714266440E+002
  0.230436414933085E-001  0.325425813128731E+002  0.757877720684248E-001  0.851456929817339E-001 -0.693147180559945E+000 -0.184408543007565E+002
  0.230436414933085E-001  0.360517127892187E+002  0.301688698579587E-001  0.998434413380944E-001 -0.693147180559945E+000 -0.201954200389293E+002
  0.230436414933085E-001  0.298363779265925E+002  0.505702224524838E-001  0.106873618172889E+000 -0.693147180559945E+000 -0.170877526076162E+002
  0.230436414933085E-001  0.282622381658941E+002  0.381142027483807E-001  0.863592042292591E-001 -0.693147180559945E+000 -0.163006827272670E+002
  0.230436414933085E-001  0.268627853011415E+002  0.697002687444599E-001  0.712564500187345E-001 -0.693147180559945E+000 -0.156009562948906E+002
  0.230436414933085E-001  0.411839390598793E+002  0.104132972835147E+000  0.152393992706126E+000 -0.693147180559945E+000 -0.227615331742595E+002
  0.230436414933085E-001  0.286139428011321E+002  0.410411495042802E-001  0.950882049528670E-001 -0.693147180559945E+000 -0.164765350448859E+002
  0.230436414933085E-001  0.267025659435071E+002  0.670611313074989E-001  0.924700878893210E-001 -0.693147180559945E+000 -0.155208466160734E+002
  0.230436414933085E-001  0.330468331100302E+002  0.711578225608207E-001  0.871549546503226E-001 -0.693147180559945E+000 -0.186929801993350E+002
  0.230436414933085E-001  0.307226568563331E+002  0.453304456300245E-001  0.112521610341413E+000 -0.693147180559945E+000 -0.175308920724864E+002
  0.230436414933085E-001  0.314459181355606E+002  0.734777846691648E-001  0.779106340831985E-001 -0.693147180559945E+000 -0.178925227121002E+002
  0.230436414933085E-001  0.270552951483121E+002  0.905549454172752E-001  0.116967735826672E+000 -0.693147180559945E+000 -0.156972112184760E+002
  0.230436414933085E-001  0.318417807781311E+002  0.722820316904398E-001  0.585565963069741E-001 -0.693147180559945E+000 -0.180904540333854E+002
  0.230436414933085E-001  0.337538505182860E+002 -0.109532296566766E-001  0.105407217869150E+000 -0.693147180559945E+000 -0.190464889034629E+002
  0.230436414933085E-001  0.268013395770814E+002  0.483327044921016E-001  0.914220748468845E-001 -0.693147180559945E+000 -0.155702334328606E+002
  0.230436414933085E-001  0.273175719346022E+002  0.602757240593728E-001  0.754661969607583E-001 -0.693147180559945E+000 -0.158283496116210E+002
  0.230436414933085E-001  0.273769790262334E+002  0.381127953428886E-001  0.863583669303623E-001 -0.693147180559945E+000 -0.158580531574366E+002
  0.230436414933085E-001  0.349971971569907E+002  0.266919634751313E-001  0.624663273576196E-001 -0.693147180559945E+000 -0.196681622228153E+002
  0.230436414933085E-001  0.343327252912067E+002  0.394314208244702E-001  0.977336349071317E-001 -0.693147180559945E+000 -0.193359262899232E+002
  0.230436414933085E-001  0.222855723093495E+002  0.635834593173352E-001  0.128905722601265E+000 -0.693147180559945E+000 -0.111427861546747E+002
