  0.615384719601773E-001  0.117314207370694E+000 -0.693147180559945E+000 -0.142139920757382E+002 -0.142139920757382E+002
  0.615384789422149E-001  0.117314181983606E+000 -0.693147180559945E+000 -0.139990530907239E+002 -0.139990530907239E+002
  0.615384843418125E-001  0.117314287554841E+000 -0.693147180559945E+000 -0.122800904234803E+002 -0.122800904234803E+002
  0.615384713765073E-001  0.117314137178165E+000 -0.693147180559945E+000 -0.137455674763929E+002 -0.137455674763929E+002
  0.615384843579574E-001  0.117314287501296E+000 -0.693147180559945E+000 -0.136739711058185E+002 -0.136739711058185E+002
  0.615390034271637E-001  0.117314121118881E+000 -0.693147180559945E+000 -0.142791488061984E+002 -0.142791488061984E+002
  0.606266336988581E-001  0.117133331190960E+000 -0.693147180559945E+000 -0.135542992403495E+002 -0.135542992403495E+002
  0.615384933125638E-001  0.117314283645507E+000 -0.693147180559945E+000 -0.136147320309153E+002 -0.136147320309153E+002
  0.615385121733090E-001  0.117314316528177E+000 -0.693147180559945E+000 -0.137063470221421E+002 -0.137063470221421E+002
  0.615384653743560E-001  0.117314127965894E+000 -0.693147180559945E+000 -0.130065380127112E+002 -0.130065380127112E+002
