  0.684085082527481E-001  0.125894569374699E+000 -0.693147180559945E+000 -0.129457146846735E+002 -0.129457146846735E+002
  0.684081176116791E-001  0.125894941517367E+000 -0.693147180559945E+000 -0.142162592897910E+002 -0.142162592897910E+002
  0.684085083628829E-001  0.125894569365204E+000 -0.693147180559945E+000 -0.125917513458272E+002 -0.125917513458272E+002
  0.683999546455250E-001  0.125884028236846E+000 -0.693147180559945E+000 -0.119252223010131E+002 -0.119252223010131E+002
  0.719581008318533E-001  0.129556439133662E+000 -0.693147180559945E+000 -0.140092877691921E+002 -0.140092877691921E+002
  0.712873736077582E-001  0.126439878600243E+000 -0.693147180559945E+000 -0.132848514208968E+002 -0.132848514208968E+002
  0.719581008319428E-001  0.129556439133694E+000 -0.693147180559945E+000 -0.141884620052854E+002 -0.141884620052854E+002
  0.712873954016200E-001  0.126440244982273E+000 -0.693147180559945E+000 -0.136885487591357E+002 -0.136885487591357E+002
  0.726009772636256E-001  0.131170239268759E+000 -0.693147180559945E+000 -0.132659339630259E+002 -0.132659339630259E+002
  0.712872837949061E-001  0.126439837930761E+000 -0.693147180559945E+000 -0.135411960128048E+002 -0.135411960128048E+002
  0.712873736076136E-001  0.126439878600132E+000 -0.693147180559945E+000 -0.138796277386463E+002 -0.138796277386463E+002
  0.684085948637307E-001  0.125894638303281E+000 -0.693147180559945E+000 -0.139619616515372E+002 -0.139619616515372E+002
  0.712994851932247E-001  0.126730108694630E+000 -0.693147180559945E+000 -0.132367033380563E+002 -0.132367033380563E+002
  0.712873734333237E-001  0.126439878470697E+000 -0.693147180559945E+000 -0.116296958152175E+002 -0.116296958152175E+002
  0.713015774026435E-001  0.126442471706651E+000 -0.693147180559945E+000 -0.132202032053534E+002 -0.132202032053534E+002
  0.684089279561773E-001  0.125894569159233E+000 -0.693147180559945E+000 -0.132145749918967E+002 -0.132145749918967E+002
