  0.101715761497374E-001  0.247049457856243E+002  0.653734248024642E-001  0.163805256738157E+000 -0.693147180559945E+000 -0.123524728928122E+002
  0.101715761497374E-001  0.279496664242997E+002  0.534232823010508E-001  0.962942102839202E-001 -0.693147180559945E+000 -0.163205071532644E+002
  0.101715761497374E-001  0.267611580441056E+002  0.420985914392531E-001  0.942809747528417E-001 -0.693147180559945E+000 -0.157262529631674E+002
  0.101715761497374E-001  0.279494359342269E+002  0.375075247216472E-001  0.916016430852907E-001 -0.693147180559945E+000 -0.163203919082280E+002
  0.101715761497374E-001  0.262496071859606E+002  0.502500182504304E-001  0.952558341334312E-001 -0.693147180559945E+000 -0.154704775340949E+002
  0.101715761497374E-001  0.280042461963594E+002  0.397766204979872E-001  0.100837762209222E+000 -0.693147180559945E+000 -0.163477970392943E+002
  0.101715761497374E-001  0.267599393842998E+002  0.538545090340963E-001  0.898196112996476E-001 -0.693147180559945E+000 -0.157256436332645E+002
  0.101715761497374E-001  0.356672250665628E+002  0.299639856804010E-001  0.107221925694098E+000 -0.693147180559945E+000 -0.201792864743960E+002
  0.101715761497374E-001  0.401575729357890E+002  0.178271807798571E-001  0.656734361140364E-001 -0.693147180559945E+000 -0.224244604090091E+002
  0.101715761497374E-001  0.363703291451839E+002  0.425108898834261E-001  0.479563519502372E-001 -0.693147180559945E+000 -0.205308385137065E+002
  0.101715761497374E-001  0.357473845102275E+002  0.139672627679728E-001  0.143574335311965E+000 -0.693147180559945E+000 -0.202193661962283E+002
  0.101715761497374E-001  0.280861371657861E+002  0.293246723305007E-001  0.109839959496583E+000 -0.693147180559945E+000 -0.163887425240076E+002
  0.101715761497374E-001  0.268809079535660E+002  0.411557034603767E-001  0.950768303731226E-001 -0.693147180559945E+000 -0.157861279178976E+002
  0.101715761497374E-001  0.355117978531792E+002  0.859645439228691E-001  0.148889288192303E+000 -0.693147180559945E+000 -0.201015728677042E+002
  0.101715761497374E-001  0.336625066459879E+002  0.354231691149267E-001  0.119455057809135E+000 -0.693147180559945E+000 -0.191769272641085E+002
  0.101715761497374E-001  0.287720322346969E+002  0.483214614273588E-001  0.916368973957473E-001 -0.693147180559945E+000 -0.167316900584630E+002
  0.101715761497374E-001  0.308540325203726E+002  0.546823100872136E-001  0.626063430841457E-001 -0.693147180559945E+000 -0.177726902013009E+002
  0.101715761497374E-001  0.269550616336523E+002  0.503634519272753E-001  0.849690597922840E-001 -0.693147180559945E+000 -0.158232047579407E+002
  0.101715761497374E-001  0.281686848405392E+002  0.773030637258505E-001  0.989811589992510E-001 -0.693147180559945E+000 -0.164300163613842E+002
  0.101715761497374E-001  0.314302755250238E+002  0.490844863801589E-001  0.114670693089873E+000 -0.693147180559945E+000 -0.180608117036265E+002
  0.101715761497374E-001  0.314365931933184E+002  0.531747933691187E-001  0.111038879615163E+000 -0.693147180559945E+000 -0.180639705377737E+002
  0.101715761497374E-001  0.401869543514138E+002  0.374171024521059E-001  0.857750192325651E-001 -0.693147180559945E+000 -0.224391511168214E+002
  0.101715761497374E-001  0.367943580344558E+002  0.277963300677364E-001  0.513053015138958E-001 -0.693147180559945E+000 -0.207428529583425E+002
  0.101715761497374E-001  0.287529349809131E+002  0.640110906114393E-001  0.732868807530758E-001 -0.693147180559945E+000 -0.167221414315711E+002
  0.101715761497374E-001  0.266868047401980E+002  0.672833211240205E-001  0.761371011640596E-001 -0.693147180559945E+000 -0.156890763112136E+002
  0.101715761497374E-001  0.282467445460806E+002  0.455110251742508E-001  0.833852197329396E-001 -0.693147180559945E+000 -0.164690462141549E+002
  0.101715761497374E-001  0.269979074516909E+002  0.440261954595451E-001  0.127568829731494E+000 -0.693147180559945E+000 -0.158446276669600E+002
  0.101715761497374E-001  0.391305467802553E+002  0.593858806935617E-001  0.422749789690954E-001 -0.693147180559945E+000 -0.219109473312422E+002
  0.101715761497374E-001  0.330920049356179E+002  0.890127789988158E-001  0.562050999059002E-001 -0.693147180559945E+000 -0.188916764089235E+002
  0.101715761497374E-001  0.338362428288410E+002  0.862797880542792E-001  0.644969236852558E-001 -0.693147180559945E+000 -0.192637953555351E+002
  0.101715761497374E-001  0.390894861004999E+002  0.550539995482224E-002  0.109003339385668E+000 -0.693147180559945E+000 -0.218904169913645E+002
  0.101715761497374E-001  0.282850148992812E+002  0.677697552951058E-001  0.768836074111942E-001 -0.693147180559945E+000 -0.164881813907552E+002
  0.101715761497374E-001  0.329274238194770E+002 -0.195958600373285E-001  0.100688555915483E+000 -0.693147180559945E+000 -0.188093858508530E+002
  0.101715761497374E-001  0.270599902989580E+002  0.557731999543092E-001  0.103176223368758E+000 -0.693147180559945E+000 -0.158756690905936E+002
  0.101715761497374E-001  0.266578475846698E+002  0.292820995252512E-001  0.109908769562939E+000 -0.693147180559945E+000 -0.156745977334495E+002
  0.101715761497374E-001  0.278862597323124E+002  0.399091099925508E-001  0.782752149633070E-001 -0.693147180559945E+000 -0.162888038072708E+002
  0.101715761497374E-001  0.338709549146512E+002  0.118684484318604E+000  0.595643431395650E-001 -0.693147180559945E+000 -0.192811513984402E+002
  0.101715761497374E-001  0.327961404314418E+002  0.490844750655195E-001  0.114670690596183E+000 -0.693147180559945E+000 -0.187437441568355E+002
  0.101715761497374E-001  0.283851366805463E+002  0.409761769840895E-001  0.114622692007387E+000 -0.693147180559945E+000 -0.165382422813877E+002
  0.101715761497374E-001  0.326946125164409E+002  0.711578225608207E-001  0.871549546503226E-001 -0.693147180559945E+000 -0.186929801993350E+002
  0.101715761497374E-001  0.283901674893847E+002  0.609615157258305E-001  0.748519513401425E-001 -0.693147180559945E+000 -0.165407576858069E+002
  0.101715761497374E-001  0.312808541477537E+002  0.311411169485447E-001  0.891477032261344E-001 -0.693147180559945E+000 -0.179861010149914E+002
  0.101715761497374E-001  0.284085378714795E+002 -0.313653377054790E-002  0.110936939793659E+000 -0.693147180559945E+000 -0.165499428768543E+002
  0.101715761497374E-001  0.326053810941213E+002  0.943984333160031E-001  0.546177278020820E-001 -0.693147180559945E+000 -0.186483644881752E+002
  0.101715761497374E-001  0.325979839090338E+002  0.648865978251185E-001  0.103846091097993E+000 -0.693147180559945E+000 -0.186446658956315E+002
  0.101715761497374E-001  0.351567169902403E+002  0.678105569284713E-001  0.160251419967412E+000 -0.693147180559945E+000 -0.199240324362347E+002
  0.101715761497374E-001  0.284375223700137E+002  0.545992291778712E-001  0.742667516375147E-001 -0.693147180559945E+000 -0.165644351261214E+002
  0.101715761497374E-001  0.284438027335480E+002  0.405325928272868E-001  0.865130008033421E-001 -0.693147180559945E+000 -0.165675753078886E+002
  0.101715761497374E-001  0.263430698782372E+002  0.670824444091496E-001  0.121145110280453E+000 -0.693147180559945E+000 -0.155172088802332E+002
  0.101715761497374E-001  0.284742187478159E+002  0.904043692849099E-001  0.116544466715864E+000 -0.693147180559945E+000 -0.165827833150225E+002
  0.101715761497374E-001  0.271410844236000E+002  0.746106781866913E-001  0.944470869135409E-001 -0.693147180559945E+000 -0.159162161529146E+002
  0.101715761497374E-001  0.324889126025597E+002  0.624418187759475E-001  0.967676918975476E-001 -0.693147180559945E+000 -0.185901302423944E+002
  0.101715761497374E-001  0.286925411104188E+002  0.602760169510377E-001  0.754673721545127E-001 -0.693147180559945E+000 -0.166919444963240E+002
  0.101715761497374E-001  0.340312421566455E+002  0.454321066301242E-001  0.916061836544655E-001 -0.693147180559945E+000 -0.193612950194373E+002
  0.101715761497374E-001  0.372435798343594E+002  0.620749940447030E-002  0.580971974463445E-001 -0.693147180559945E+000 -0.209674638582943E+002
  0.101715761497374E-001  0.271639464653253E+002  0.518453501793688E-001  0.916462960390103E-001 -0.693147180559945E+000 -0.159276471737772E+002
  0.101715761497374E-001  0.312316305966853E+002  0.436302269891202E-001  0.724498074719515E-001 -0.693147180559945E+000 -0.179614892394572E+002
  0.101715761497374E-001  0.309031168093568E+002  0.438119158772754E-001  0.807040141155536E-001 -0.693147180559945E+000 -0.177972323457930E+002
  0.101715761497374E-001  0.265921777384071E+002  0.743181524773182E-001  0.874269067601290E-001 -0.693147180559945E+000 -0.156417628103181E+002
  0.101715761497374E-001  0.265892457415547E+002  0.644928393291102E-001  0.703565234075496E-001 -0.693147180559945E+000 -0.156402968118919E+002
  0.101715761497374E-001  0.289496059625422E+002  0.912593352008015E-001  0.119862186639074E+000 -0.693147180559945E+000 -0.168204769223857E+002
  0.101715761497374E-001  0.271787395275536E+002  0.490716507534157E-001  0.871270799105010E-001 -0.693147180559945E+000 -0.159350437048914E+002
  0.101715761497374E-001  0.323593227761088E+002  0.349481546163766E-003  0.113539543350521E+000 -0.693147180559945E+000 -0.185253353291690E+002
  0.101715761497374E-001  0.271904266720753E+002  0.697002636732358E-001  0.712564013303650E-001 -0.693147180559945E+000 -0.159408872771522E+002
  0.101715761497374E-001  0.293100005741165E+002  0.503801979321916E-001  0.864554711143010E-001 -0.693147180559945E+000 -0.170006742281728E+002
  0.101715761497374E-001  0.323008390032860E+002  0.746017316142251E-001  0.929179795861261E-001 -0.693147180559945E+000 -0.184960934427576E+002
  0.101715761497374E-001  0.271990552719349E+002  0.605009488217039E-001  0.800840146048748E-001 -0.693147180559945E+000 -0.159452015770820E+002
  0.101715761497374E-001  0.349217459326498E+002  0.574078859537586E-001  0.461645902906465E-001 -0.693147180559945E+000 -0.198065469074395E+002
  0.101715761497374E-001  0.385430638722868E+002  0.118288800085320E+000  0.403399854385198E-001 -0.693147180559945E+000 -0.216172058772580E+002
  0.101715761497374E-001  0.286334457674729E+002  0.251590696609540E-001  0.144550408237110E+000 -0.693147180559945E+000 -0.166623968248510E+002
  0.101715761497374E-001  0.319599189021882E+002  0.459312754670431E-001  0.162969442061130E+000 -0.693147180559945E+000 -0.183256333922087E+002
  0.101715761497374E-001  0.373433804143041E+002  0.793182063578264E-001  0.509792564205760E-001 -0.693147180559945E+000 -0.210173641482666E+002
  0.101715761497374E-001  0.318505805865108E+002  0.684112170541258E-001  0.947266615517988E-001 -0.693147180559945E+000 -0.182709642343700E+002
  0.101715761497374E-001  0.318011212314860E+002  0.578679333646541E-001  0.843880703911115E-001 -0.693147180559945E+000 -0.182462345568576E+002
  0.101715761497374E-001  0.293560776734016E+002  0.263692242358073E-001  0.880447144766065E-001 -0.693147180559945E+000 -0.170237127778154E+002
  0.101715761497374E-001  0.293670155263245E+002  0.765665302998466E-001  0.510863342651655E-001 -0.693147180559945E+000 -0.170291817042768E+002
  0.101715761497374E-001  0.308205965279976E+002  0.637580199656875E-001  0.754373312876382E-001 -0.693147180559945E+000 -0.177559722051134E+002
  0.101715761497374E-001  0.265341627656930E+002  0.719593170108241E-001  0.129554943329434E+000 -0.693147180559945E+000 -0.156127553239611E+002
  0.101715761497374E-001  0.273419145889920E+002  0.462652243679240E-001  0.875389680617727E-001 -0.693147180559945E+000 -0.160166312356106E+002
  0.101715761497374E-001  0.341376237769190E+002  0.111772771824135E+000  0.143007186869296E+000 -0.693147180559945E+000 -0.194144858295741E+002
  0.101715761497374E-001  0.277502536705468E+002  0.300523211170289E-001  0.957493970392266E-001 -0.693147180559945E+000 -0.162208007763880E+002
  0.101715761497374E-001  0.273723437741148E+002  0.759590461369144E-001  0.611516637631855E-001 -0.693147180559945E+000 -0.160318458281720E+002
  0.101715761497374E-001  0.286093494361153E+002  0.350806697659427E-001  0.112353766239334E+000 -0.693147180559945E+000 -0.166503486591722E+002
  0.101715761497374E-001  0.413154317696490E+002  0.408107078699078E-001  0.197878429224164E-001 -0.693147180559945E+000 -0.230033898259391E+002
  0.101715761497374E-001  0.413110237912419E+002  0.923230502650265E-001  0.598402239792273E-001 -0.693147180559945E+000 -0.230011858367355E+002
  0.101715761497374E-001  0.305794803398127E+002  0.752826049545541E-001  0.944846402482491E-001 -0.693147180559945E+000 -0.176354141110209E+002
  0.101715761497374E-001  0.303747113160270E+002  0.576126170920834E-001  0.110387525978557E+000 -0.693147180559945E+000 -0.175330295991281E+002
  0.101715761497374E-001  0.293955696302996E+002  0.540267282509101E-001  0.901786493177567E-001 -0.693147180559945E+000 -0.170434587562644E+002
  0.101715761497374E-001  0.264036498301677E+002  0.711127054786789E-001  0.961364694291713E-001 -0.693147180559945E+000 -0.155474988561984E+002
  0.101715761497374E-001  0.264113711646809E+002  0.503212326093196E-001  0.123624296812618E+000 -0.693147180559945E+000 -0.155513595234550E+002
  0.101715761497374E-001  0.274750806444157E+002  0.350806697658526E-001  0.112353766244601E+000 -0.693147180559945E+000 -0.160832142633224E+002
  0.101715761497374E-001  0.277470584306222E+002  0.609612669184159E-001  0.748518493337425E-001 -0.693147180559945E+000 -0.162192031564257E+002
  0.101715761497374E-001  0.344983793283512E+002  0.643972304337921E-001  0.970859958598809E-001 -0.693147180559945E+000 -0.195948636052902E+002
  0.101715761497374E-001  0.274921122051742E+002  0.749554793794640E-001  0.759156884575938E-001 -0.693147180559945E+000 -0.160917300437017E+002
  0.101715761497374E-001  0.437030463517975E+002  0.730393245531413E-001  0.153193989421171E-001 -0.693147180559945E+000 -0.241971971170133E+002
  0.101715761497374E-001  0.294915597765289E+002  0.556998799316180E-001  0.103130932518252E+000 -0.693147180559945E+000 -0.170914538293790E+002
  0.101715761497374E-001  0.274965930209206E+002  0.509788918210354E-001  0.911331582739646E-001 -0.693147180559945E+000 -0.160939704515749E+002
  0.101715761497374E-001  0.301592395412549E+002  0.379770356276543E-001  0.142527730016981E+000 -0.693147180559945E+000 -0.174252937117420E+002
  0.101715761497374E-001  0.264837952083661E+002  0.509788918308929E-001  0.911331582329425E-001 -0.693147180559945E+000 -0.155875715452976E+002
  0.101715761497374E-001  0.275019130669691E+002  0.491129753517665E-001  0.990586043066160E-001 -0.693147180559945E+000 -0.160966304745991E+002
  0.101715761497374E-001  0.264582671037688E+002  0.420955377922405E-001  0.772109188096216E-001 -0.693147180559945E+000 -0.155748074929990E+002
  0.101715761497374E-001  0.377367045577879E+002  0.689749067866818E-001  0.550290011557681E-001 -0.693147180559945E+000 -0.212140262200085E+002
  0.101715761497374E-001  0.275519045953265E+002  0.272474376431751E-001  0.125280429441974E+000 -0.693147180559945E+000 -0.161216262387778E+002
  0.101715761497374E-001  0.446223869002847E+002  0.108269460819383E-001  0.638386798318578E-001 -0.693147180559945E+000 -0.246568673912569E+002
  0.101715761497374E-001  0.375126384521594E+002 -0.376156692852381E-002  0.532061722780142E-001 -0.693147180559945E+000 -0.211019931671943E+002
  0.101715761497374E-001  0.275950634918879E+002  0.622297805829179E-001  0.933181822362465E-001 -0.693147180559945E+000 -0.161432056870585E+002
  0.101715761497374E-001  0.342423245316324E+002  0.346162790618314E-001  0.600870557594323E-001 -0.693147180559945E+000 -0.194668362069308E+002
  0.101715761497374E-001  0.298507466817168E+002  0.394845201798979E-001  0.885193088781854E-001 -0.693147180559945E+000 -0.172710472819730E+002
  0.101715761497374E-001  0.298312139184341E+002  0.423234294562276E-001  0.798449060881566E-001 -0.693147180559945E+000 -0.172612809003316E+002
  0.101715761497374E-001  0.264511164268064E+002  0.557722758030188E-001  0.103178664963295E+000 -0.693147180559945E+000 -0.155712321545178E+002
  0.101715761497374E-001  0.276033042841762E+002  0.101298270429993E+000  0.788646225988694E-001 -0.693147180559945E+000 -0.161473260832027E+002
  0.101715761497374E-001  0.297627825493045E+002  0.716193136399645E-001  0.972598586244961E-001 -0.693147180559945E+000 -0.172270652157668E+002
  0.101715761497374E-001  0.297543523740441E+002  0.408558319978019E-001  0.911167820752490E-001 -0.693147180559945E+000 -0.172228501281366E+002
  0.101715761497374E-001  0.342967340028789E+002  0.117599528643919E-002  0.135161893904172E+000 -0.693147180559945E+000 -0.194940409425540E+002
  0.101715761497374E-001  0.224441644344830E+002  0.653734248024642E-001  0.163805256738157E+000 -0.693147180559945E+000 -0.112220822172415E+002
