  0.268317131918016E-001  0.317057317749980E+002  0.130961347378846E+000  0.869279326605290E-001 -0.693147180559945E+000 -0.179595709501530E+002
  0.268317131918016E-001  0.260393175174273E+002  0.711941263202149E-001  0.126289096575868E+000 -0.693147180559945E+000 -0.130196587587137E+002
  0.268317131918016E-001  0.354178644757781E+002  0.465355547485951E-001  0.728050113916412E-001 -0.693147180559945E+000 -0.198156373005430E+002
  0.268317131918016E-001  0.264404064107069E+002  0.713015774026435E-001  0.126442471706651E+000 -0.693147180559945E+000 -0.132202032053534E+002
  0.268317131918016E-001  0.289826537757514E+002  0.910582483620395E-001  0.117146404037811E+000 -0.693147180559945E+000 -0.165980319505297E+002
  0.268317131918016E-001  0.284821839532805E+002  0.397766204979872E-001  0.100837762209222E+000 -0.693147180559945E+000 -0.163477970392943E+002
  0.268317131918016E-001  0.379403927105031E+002  0.241392504415503E-001  0.596259196012176E-001 -0.693147180559945E+000 -0.210769014179056E+002
  0.268317131918016E-001  0.297717766677960E+002  0.261258069201986E-001  0.799684269340646E-001 -0.693147180559945E+000 -0.169925933965520E+002
  0.268317131918016E-001  0.328707210341081E+002  0.111679430387583E-001  0.534182342272656E-001 -0.693147180559945E+000 -0.185420655797080E+002
  0.268317131918016E-001  0.320642296464359E+002  0.508359121643889E-001  0.767947684797194E-001 -0.693147180559945E+000 -0.181388198858719E+002
  0.268317131918016E-001  0.298173490219912E+002  0.130961502215888E+000  0.869309807413243E-001 -0.693147180559945E+000 -0.170153795736496E+002
  0.268317131918016E-001  0.304274807687530E+002  0.896693999262266E-001  0.112966839165887E+000 -0.693147180559945E+000 -0.173204454470305E+002
  0.268317131918016E-001  0.417889615481631E+002  0.923230502650265E-001  0.598402239792273E-001 -0.693147180559945E+000 -0.230011858367355E+002
  0.268317131918016E-001  0.298319205299390E+002  0.392610329668763E-001  0.565652725782270E-001 -0.693147180559945E+000 -0.170226653276235E+002
  0.268317131918016E-001  0.385769194620701E+002  0.978954057386798E-001  0.937726164458854E-001 -0.693147180559945E+000 -0.213951647936891E+002
  0.268317131918016E-001  0.327902922121515E+002  0.706754729018277E-001  0.755679871275770E-001 -0.693147180559945E+000 -0.185018511687297E+002
  0.268317131918016E-001  0.346352832716027E+002  0.102652548622161E+000  0.554763377840118E-001 -0.693147180559945E+000 -0.194243466984554E+002
  0.268317131918016E-001  0.316520027951535E+002  0.622245933447370E-001  0.933184936245108E-001 -0.693147180559945E+000 -0.179327064602307E+002
  0.268317131918016E-001  0.364006623504976E+002  0.282103682110961E-001  0.126560957245089E+000 -0.693147180559945E+000 -0.203070362379028E+002
  0.268317131918016E-001  0.369576067665951E+002  0.374060917387884E-001  0.711908798281053E-001 -0.693147180559945E+000 -0.205855084459515E+002
  0.268317131918016E-001  0.327401878487141E+002  0.613215790801482E-001  0.805828794992354E-001 -0.693147180559945E+000 -0.184767989870110E+002
  0.268317131918016E-001  0.303766680862716E+002  0.262297820922757E-001  0.880499220859741E-001 -0.693147180559945E+000 -0.172950391057898E+002
  0.268317131918016E-001  0.271416455279895E+002  0.499838688805800E-001  0.917922253566224E-001 -0.693147180559945E+000 -0.156775278266488E+002
  0.268317131918016E-001  0.308974837734186E+002  0.651411049158057E-001  0.123460291566112E+000 -0.693147180559945E+000 -0.175554469493633E+002
  0.268317131918016E-001  0.271419358834756E+002  0.710613015037420E-001  0.963642906122154E-001 -0.693147180559945E+000 -0.156776730043918E+002
  0.268317131918016E-001  0.274744209849099E+002  0.787448160637778E-001  0.819512220535547E-001 -0.693147180559945E+000 -0.158439155551089E+002
  0.268317131918016E-001  0.294070991205566E+002  0.123543900415741E-001  0.924039445658908E-001 -0.693147180559945E+000 -0.168102546229323E+002
  0.268317131918016E-001  0.314441270102928E+002  0.425213303569680E-001  0.141916683457394E+000 -0.693147180559945E+000 -0.178287685678004E+002
  0.268317131918016E-001  0.330759216659550E+002  0.648865978251185E-001  0.103846091097993E+000 -0.693147180559945E+000 -0.186446658956315E+002
  0.268317131918016E-001  0.280852691660399E+002  0.780243278688606E-001  0.818681471162856E-001 -0.693147180559945E+000 -0.161493396456739E+002
  0.268317131918016E-001  0.361156039668284E+002 -0.249183984408774E-002  0.824763817021973E-001 -0.693147180559945E+000 -0.201645070460682E+002
  0.268317131918016E-001  0.338795676816178E+002 -0.109532296566766E-001  0.105407217869150E+000 -0.693147180559945E+000 -0.190464889034629E+002
  0.268317131918016E-001  0.318283454257509E+002  0.294980666761395E-001  0.118911787671941E+000 -0.693147180559945E+000 -0.180208777755295E+002
  0.268317131918016E-001  0.449206763562121E+002  0.969864247522656E-003  0.963558295104141E-001 -0.693147180559945E+000 -0.245670432407601E+002
  0.268317131918016E-001  0.290574442700937E+002  0.644928393279369E-001  0.703565234066767E-001 -0.693147180559945E+000 -0.166354271977009E+002
  0.268317131918016E-001  0.287734005885374E+002  0.747823872236004E-001  0.944948722529545E-001 -0.693147180559945E+000 -0.164934053569227E+002
  0.268317131918016E-001  0.400754026021881E+002  0.382741397999469E-001  0.271933236565749E-001 -0.693147180559945E+000 -0.221444063637481E+002
  0.268317131918016E-001  0.322522478362986E+002  0.123932579247708E-001  0.810909210831723E-001 -0.693147180559945E+000 -0.182328289808033E+002
  0.268317131918016E-001  0.287049711698657E+002  0.561494992912548E-001  0.687584378868076E-001 -0.693147180559945E+000 -0.164591906475869E+002
  0.268317131918016E-001  0.297387520918583E+002  0.772161452668989E-001  0.982808838258598E-001 -0.693147180559945E+000 -0.169760811085831E+002
  0.268317131918016E-001  0.302960432474641E+002  0.441474027547053E-001  0.803585819621553E-001 -0.693147180559945E+000 -0.172547266863860E+002
  0.268317131918016E-001  0.325872237936531E+002  0.251691219535688E-001  0.106373432954060E+000 -0.693147180559945E+000 -0.184003169594805E+002
  0.268317131918016E-001  0.301670456078446E+002  0.261257697727497E-001  0.799673609360049E-001 -0.693147180559945E+000 -0.171902278665763E+002
  0.268317131918016E-001  0.302756990030387E+002  0.326280361431821E-001  0.651872503806645E-001 -0.693147180559945E+000 -0.172445545641733E+002
  0.268317131918016E-001  0.279915409923867E+002  0.504008263679845E-001  0.864539380404305E-001 -0.693147180559945E+000 -0.161024755588473E+002
  0.268317131918016E-001  0.270890662959517E+002  0.101298270429486E+000  0.788646225987747E-001 -0.693147180559945E+000 -0.156512382106298E+002
  0.268317131918016E-001  0.345091799135666E+002  0.454321066301242E-001  0.916061836544655E-001 -0.693147180559945E+000 -0.193612950194373E+002
  0.268317131918016E-001  0.321368981020457E+002  0.609614602655786E-001  0.748520409214987E-001 -0.693147180559945E+000 -0.181751541136769E+002
  0.268317131918016E-001  0.272386187091184E+002  0.619101035409879E-001  0.125849443991686E+000 -0.693147180559945E+000 -0.157260144172132E+002
  0.268317131918016E-001  0.324892335422823E+002  0.715616041140132E-001  0.972042027295646E-001 -0.693147180559945E+000 -0.183513218337952E+002
  0.268317131918016E-001  0.325407096796793E+002  0.258693026958741E-001  0.981146901426990E-001 -0.693147180559945E+000 -0.183770599024937E+002
  0.268317131918016E-001  0.368482669021050E+002  0.425108898834261E-001  0.479563519502372E-001 -0.693147180559945E+000 -0.205308385137065E+002
  0.268317131918016E-001  0.333991272299137E+002  0.759446370984247E-001  0.611480418329730E-001 -0.693147180559945E+000 -0.188062686776108E+002
  0.268317131918016E-001  0.202880554075691E+002  0.712872837947423E-001  0.126439837929265E+000 -0.693147180559945E+000 -0.101440277037845E+002
