  0.120937941277994E-001  0.226080438580393E+002  0.684085120417985E-001  0.125894568760809E+000 -0.693147180559945E+000 -0.113040219290197E+002
  0.120937941277994E-001  0.345994943416825E+002  0.897222564344691E-001  0.567761325803015E-001 -0.693147180559945E+000 -0.198092648154886E+002
  0.120937941277994E-001  0.281541989781106E+002  0.705108347311558E-001  0.107915245283858E+000 -0.693147180559945E+000 -0.165866171337026E+002
  0.120937941277994E-001  0.276664248563935E+002  0.644205300535681E-001  0.703740605571259E-001 -0.693147180559945E+000 -0.163427300728441E+002
  0.120937941277994E-001  0.382747120940637E+002  0.617732725548732E-001  0.849189170132646E-001 -0.693147180559945E+000 -0.216468736916792E+002
  0.120937941277994E-001  0.276165396523446E+002  0.719581008318211E-001  0.129556439133602E+000 -0.693147180559945E+000 -0.143957624598986E+002
  0.120937941277994E-001  0.276688620258511E+002  0.602760070839836E-001  0.754674152995448E-001 -0.693147180559945E+000 -0.163439486575728E+002
  0.120937941277994E-001  0.325459281342983E+002  0.491839537940473E-001  0.867644566733559E-001 -0.693147180559945E+000 -0.187824817117965E+002
  0.120937941277994E-001  0.276558009580797E+002  0.423275149602937E-001  0.798312090026165E-001 -0.693147180559945E+000 -0.163374181236872E+002
  0.120937941277994E-001  0.260862169247494E+002  0.602570694118449E-001  0.108219782073941E+000 -0.693147180559945E+000 -0.155526261070220E+002
  0.120937941277994E-001  0.381753903742635E+002  0.785315072662649E-001  0.600577254266767E-001 -0.693147180559945E+000 -0.215972128317791E+002
  0.120937941277994E-001  0.320316353690433E+002  0.349481546163766E-003  0.113539543350521E+000 -0.693147180559945E+000 -0.185253353291690E+002
  0.120937941277994E-001  0.366097523093993E+002  0.798246879759661E-001  0.441686081175315E-001 -0.693147180559945E+000 -0.208143937993470E+002
  0.120937941277994E-001  0.334940204499054E+002  0.854197238622305E-001  0.103763604149931E+000 -0.693147180559945E+000 -0.192565278696000E+002
  0.120937941277994E-001  0.287150132083485E+002  0.404642348558795E-001  0.954774730941091E-001 -0.693147180559945E+000 -0.168670242488216E+002
  0.120937941277994E-001  0.297222572979284E+002  0.851917069784889E-001  0.671741693279878E-001 -0.693147180559945E+000 -0.173706462936115E+002
  0.120937941277994E-001  0.325043464939012E+002  0.488727722423477E-003  0.114570128582479E+000 -0.693147180559945E+000 -0.187616908915979E+002
  0.120937941277994E-001  0.325026660429579E+002  0.440647663975537E-001  0.920641098472160E-001 -0.693147180559945E+000 -0.187608506661262E+002
  0.120937941277994E-001  0.366503655274004E+002  0.530457423780317E-001  0.226875690238719E-001 -0.693147180559945E+000 -0.208347004083475E+002
  0.120937941277994E-001  0.294108062172377E+002  0.926062425241958E-002  0.853344556884515E-001 -0.693147180559945E+000 -0.172149207532662E+002
  0.120937941277994E-001  0.260612220377298E+002  0.292820928887771E-001  0.109908765727367E+000 -0.693147180559945E+000 -0.155401286635122E+002
  0.120937941277994E-001  0.320434984356966E+002  0.236528481897433E-001  0.117390117556876E+000 -0.693147180559945E+000 -0.185312668624956E+002
  0.120937941277994E-001  0.287581197952404E+002  0.465829562143325E-001  0.935309551623691E-001 -0.693147180559945E+000 -0.168885775422675E+002
  0.120937941277994E-001  0.333185006189023E+002  0.384878106981228E-001  0.848776989037745E-001 -0.693147180559945E+000 -0.191687679540985E+002
  0.120937941277994E-001  0.275666199032477E+002  0.832092209202264E-001  0.778206502913225E-001 -0.693147180559945E+000 -0.162928275962712E+002
  0.120937941277994E-001  0.289823131670510E+002  0.503801979321916E-001  0.864554711143010E-001 -0.693147180559945E+000 -0.170006742281728E+002
  0.120937941277994E-001  0.268274002460500E+002  0.503458562410870E-001  0.875641766241941E-001 -0.693147180559945E+000 -0.159232177676723E+002
  0.120937941277994E-001  0.309075110608449E+002  0.333136463549761E-001  0.652485790528344E-001 -0.693147180559945E+000 -0.179632731750697E+002
  0.120937941277994E-001  0.310649889751534E+002  0.111861925690354E+000  0.925511222677311E-001 -0.693147180559945E+000 -0.180420121322240E+002
  0.120937941277994E-001  0.318288361483572E+002 -0.115357833621288E-001  0.966863702034542E-001 -0.693147180559945E+000 -0.184239357188259E+002
  0.120937941277994E-001  0.347844466586571E+002  0.599031575530837E-001  0.728691104431776E-001 -0.693147180559945E+000 -0.199017409739759E+002
  0.120937941277994E-001  0.316948733239808E+002  0.696086232453685E-001  0.951369600251767E-001 -0.693147180559945E+000 -0.183569543066377E+002
  0.120937941277994E-001  0.294410615208639E+002  0.602760391753379E-001  0.754673864763835E-001 -0.693147180559945E+000 -0.172300484050793E+002
  0.120937941277994E-001  0.290806783715952E+002  0.616253174787513E-001  0.857306456718142E-001 -0.693147180559945E+000 -0.170498568304449E+002
  0.120937941277994E-001  0.305447703825802E+002  0.740677639919352E-001  0.850944044666707E-001 -0.693147180559945E+000 -0.177819028359374E+002
  0.120937941277994E-001  0.379404948396413E+002  0.326646085819220E-001  0.632796795177551E-001 -0.693147180559945E+000 -0.214797650644679E+002
  0.120937941277994E-001  0.289500167228043E+002  0.378196787149916E-001  0.582753927082183E-001 -0.693147180559945E+000 -0.169845260060495E+002
  0.120937941277994E-001  0.267476669929992E+002  0.503833998005963E-001  0.864547442835323E-001 -0.693147180559945E+000 -0.158833511411469E+002
  0.120937941277994E-001  0.292172713785261E+002  0.458033133913176E-001  0.895165361908292E-001 -0.693147180559945E+000 -0.171181533339104E+002
  0.120937941277994E-001  0.278409974334737E+002  0.773030637258505E-001  0.989811589992510E-001 -0.693147180559945E+000 -0.164300163613842E+002
  0.120937941277994E-001  0.298122684433386E+002  0.758097593923259E-001  0.926994646216972E-001 -0.693147180559945E+000 -0.174156518663166E+002
  0.120937941277994E-001  0.296968452018472E+002  0.470882000971047E-001  0.875900729446648E-001 -0.693147180559945E+000 -0.173579402455709E+002
  0.120937941277994E-001  0.318615752708791E+002  0.636728668914008E-001  0.732212817448519E-001 -0.693147180559945E+000 -0.184403052800869E+002
  0.120937941277994E-001  0.305534212661581E+002  0.586039110667882E-001  0.114567254752879E+000 -0.693147180559945E+000 -0.177862282777264E+002
  0.120937941277994E-001  0.303349035609356E+002  0.273796819587648E-001  0.775430125887443E-001 -0.693147180559945E+000 -0.176769694251151E+002
  0.120937941277994E-001  0.282726929566238E+002  0.503213960591256E-001  0.123624220723047E+000 -0.693147180559945E+000 -0.166458641229592E+002
  0.120937941277994E-001  0.265113139870416E+002  0.780243289518101E-001  0.818681469129226E-001 -0.693147180559945E+000 -0.157651746381681E+002
  0.120937941277994E-001  0.265003508845759E+002  0.910603340851719E-001  0.117152535496917E+000 -0.693147180559945E+000 -0.157596930869353E+002
  0.120937941277994E-001  0.303170021592748E+002  0.503025652780049E-001  0.952576251562800E-001 -0.693147180559945E+000 -0.176680187242847E+002
  0.120937941277994E-001  0.303127554479759E+002  0.645295534417585E-001  0.105333957305753E+000 -0.693147180559945E+000 -0.176658953686352E+002
  0.120937941277994E-001  0.259694653460281E+002  0.697003104564771E-001  0.712563797563466E-001 -0.693147180559945E+000 -0.154942503176614E+002
  0.120937941277994E-001  0.310462049834028E+002  0.440547545167533E-001  0.920718379131698E-001 -0.693147180559945E+000 -0.180326201363487E+002
  0.120937941277994E-001  0.314734338244205E+002  0.578679333646541E-001  0.843880703911115E-001 -0.693147180559945E+000 -0.182462345568576E+002
  0.120937941277994E-001  0.357032871052064E+002  0.527072420703614E-001  0.507475954958783E-001 -0.693147180559945E+000 -0.203611611972505E+002
  0.120937941277994E-001  0.269237806388672E+002  0.237167889233754E-001  0.117402549602041E+000 -0.693147180559945E+000 -0.159714079640809E+002
  0.120937941277994E-001  0.323669251093754E+002  0.711578225608207E-001  0.871549546503226E-001 -0.693147180559945E+000 -0.186929801993350E+002
  0.120937941277994E-001  0.266639474890617E+002  0.490716021615538E-001  0.871270042473062E-001 -0.693147180559945E+000 -0.158414913891782E+002
  0.120937941277994E-001  0.273707658227755E+002  0.648336123069939E-001  0.103858229307060E+000 -0.693147180559945E+000 -0.161949005560351E+002
  0.120937941277994E-001  0.309747644509920E+002  0.739646283887900E-001  0.866888754258970E-001 -0.693147180559945E+000 -0.179968998701433E+002
  0.120937941277994E-001  0.296209305911024E+002  0.603679163903876E-001  0.801506263230007E-001 -0.693147180559945E+000 -0.173199829401985E+002
  0.120937941277994E-001  0.284264078725721E+002  0.910590572269343E-001  0.117146862122278E+000 -0.693147180559945E+000 -0.167227215809334E+002
  0.120937941277994E-001  0.264673391868684E+002  0.902418924035955E-001  0.118031803221325E+000 -0.693147180559945E+000 -0.157431872380815E+002
  0.120937941277994E-001  0.318030551385249E+002  0.159153042952476E-001  0.820536078829903E-001 -0.693147180559945E+000 -0.184110452139098E+002
  0.120937941277994E-001  0.329649634520760E+002  0.907039089859243E-001  0.116991221947042E+000 -0.693147180559945E+000 -0.189919993706853E+002
  0.120937941277994E-001  0.280918967348604E+002  0.115747090292437E-001  0.696776357578825E-001 -0.693147180559945E+000 -0.165554660120775E+002
  0.120937941277994E-001  0.406170242876970E+002  0.770682479479359E-001  0.823301252029356E-001 -0.693147180559945E+000 -0.228180297884958E+002
  0.120937941277994E-001  0.337404130645924E+002  0.641797004603863E-001  0.945148629001092E-001 -0.693147180559945E+000 -0.193797241769435E+002
  0.120937941277994E-001  0.374506560575164E+002  0.619425768714652E-001  0.464437988100223E-001 -0.693147180559945E+000 -0.212348456734055E+002
  0.120937941277994E-001  0.301204768285871E+002  0.991692036818270E-001  0.132430778661934E+000 -0.693147180559945E+000 -0.175697560589408E+002
  0.120937941277994E-001  0.432819722949993E+002  0.346352923508069E-001  0.173806261146343E-001 -0.693147180559945E+000 -0.241505037921470E+002
  0.120937941277994E-001  0.449735359582694E+002  0.344743732079023E-002  0.126369414748964E+000 -0.693147180559945E+000 -0.249962856237820E+002
  0.120937941277994E-001  0.357720546523038E+002  0.101800394498387E+000  0.620303003707354E-001 -0.693147180559945E+000 -0.203955449707992E+002
  0.120937941277994E-001  0.340197071052103E+002  0.484475219862084E-001  0.959334285970825E-001 -0.693147180559945E+000 -0.195193711972525E+002
  0.120937941277994E-001  0.266690468556153E+002  0.393999224874839E-001  0.115848433321029E+000 -0.693147180559945E+000 -0.158440410724549E+002
  0.120937941277994E-001  0.260188143712680E+002  0.538789177811008E-001  0.898530613659482E-001 -0.693147180559945E+000 -0.155189248302813E+002
  0.120937941277994E-001  0.269876764038562E+002  0.506576889978001E-001  0.866733779401585E-001 -0.693147180559945E+000 -0.160033558465754E+002
  0.120937941277994E-001  0.293614204438579E+002  0.261257697727497E-001  0.799673609360049E-001 -0.693147180559945E+000 -0.171902278665763E+002
  0.120937941277994E-001  0.259859173530323E+002  0.760770959515367E-001  0.926244983576853E-001 -0.693147180559945E+000 -0.155024763211635E+002
  0.120937941277994E-001  0.272704791171154E+002  0.894795659264542E-001  0.112331779287932E+000 -0.693147180559945E+000 -0.161447572032050E+002
  0.120937941277994E-001  0.272673760848224E+002  0.622297805829179E-001  0.933181822362465E-001 -0.693147180559945E+000 -0.161432056870585E+002
  0.120937941277994E-001  0.402619136276850E+002  0.157048505130160E-001  0.702745728397241E-001 -0.693147180559945E+000 -0.226404744584898E+002
  0.120937941277994E-001  0.272246401422024E+002  0.804334601922450E-001  0.783027790517379E-001 -0.693147180559945E+000 -0.161218377157485E+002
  0.120937941277994E-001  0.311087429283043E+002  0.300337410876421E-001  0.119470267421364E+000 -0.693147180559945E+000 -0.180638891087995E+002
  0.120937941277994E-001  0.302715043687469E+002 -0.184846032388120E-002  0.129892257806721E+000 -0.693147180559945E+000 -0.176452698290208E+002
  0.120937941277994E-001  0.271916853936501E+002  0.398955082673791E-001  0.952202336335159E-001 -0.693147180559945E+000 -0.161053603414723E+002
  0.120937941277994E-001  0.302662668663050E+002  0.535527809551237E-001  0.762502068438776E-001 -0.693147180559945E+000 -0.176426510777998E+002
  0.120937941277994E-001  0.293092566458434E+002  0.532962807560693E-001  0.876211323740227E-001 -0.693147180559945E+000 -0.171641459675690E+002
  0.120937941277994E-001  0.318001377787554E+002  0.295066828284287E-001  0.811552100546597E-001 -0.693147180559945E+000 -0.184095865340250E+002
  0.120937941277994E-001  0.259907184610334E+002  0.731479952597802E-001  0.105566318986697E+000 -0.693147180559945E+000 -0.155048768751640E+002
  0.120937941277994E-001  0.318871154226996E+002  0.523694545300046E-001  0.644641441055525E-001 -0.693147180559945E+000 -0.184530753559971E+002
  0.120937941277994E-001  0.281393644600076E+002  0.261258071106574E-001  0.799684266331460E-001 -0.693147180559945E+000 -0.165791998746511E+002
  0.120937941277994E-001  0.270368643223796E+002  0.420955282011306E-001  0.772108602233233E-001 -0.693147180559945E+000 -0.160279498058371E+002
  0.120937941277994E-001  0.288250489807056E+002  0.464053308511814E-001  0.751398069393148E-001 -0.693147180559945E+000 -0.169220421350001E+002
  0.120937941277994E-001  0.329843036869274E+002  0.100884726309494E+000  0.875357163626880E-001 -0.693147180559945E+000 -0.190016694881110E+002
  0.120937941277994E-001  0.260074965350314E+002  0.473778912443568E-001  0.936132504303759E-001 -0.693147180559945E+000 -0.155132659121630E+002
  0.120937941277994E-001  0.265244438237052E+002  0.602524660184189E-001  0.108238199871111E+000 -0.693147180559945E+000 -0.157717395564999E+002
  0.120937941277994E-001  0.270904854132336E+002  0.394838781070816E-001  0.885172032866101E-001 -0.693147180559945E+000 -0.160547603512641E+002
  0.120937941277994E-001  0.271100100448112E+002  0.350806563699120E-001  0.112353788897373E+000 -0.693147180559945E+000 -0.160645226670529E+002
  0.120937941277994E-001  0.310227202617643E+002  0.294980666761395E-001  0.118911787671941E+000 -0.693147180559945E+000 -0.180208777755295E+002
  0.120937941277994E-001  0.207756536781427E+002  0.684081197174993E-001  0.125894945860122E+000 -0.693147180559945E+000 -0.103878268390713E+002
