  0.474343822500443E-001  0.937776544292607E-001 -0.693147180559945E+000 -0.139951694417356E+002 -0.139951694417356E+002
  0.474366679554148E-001  0.937941569631192E-001 -0.693147180559945E+000 -0.141178813000768E+002 -0.141178813000768E+002
  0.473778816680006E-001  0.936132694860544E-001 -0.693147180559945E+000 -0.132759660136151E+002 -0.132759660136151E+002
  0.474366307810259E-001  0.937935295241745E-001 -0.693147180559945E+000 -0.131440034098998E+002 -0.131440034098998E+002
  0.473778942017691E-001  0.936132841894296E-001 -0.693147180559945E+000 -0.136552675845091E+002 -0.136552675845091E+002
  0.474404053427837E-001  0.938002063616410E-001 -0.693147180559945E+000 -0.126493248948759E+002 -0.126493248948759E+002
  0.474370965293647E-001  0.937948593057069E-001 -0.693147180559945E+000 -0.119988158689979E+002 -0.119988158689979E+002
  0.474366679537110E-001  0.937941569594796E-001 -0.693147180559945E+000 -0.138943113982358E+002 -0.138943113982358E+002
  0.474370995096007E-001  0.937947987187732E-001 -0.693147180559945E+000 -0.141729806969561E+002 -0.141729806969561E+002
  0.474370765049432E-001  0.937948358073315E-001 -0.693147180559945E+000 -0.132213690133243E+002 -0.132213690133243E+002
