  0.143215235719849E-001  0.303049089527038E+002  0.749072852726302E-001  0.542613550989462E-001 -0.693147180559945E+000 -0.173542873812406E+002
  0.143215235719849E-001  0.291630862893725E+002  0.410428137979282E-001  0.950919370665842E-001 -0.693147180559945E+000 -0.167833760495749E+002
  0.143215235719849E-001  0.222473681874661E+002  0.474404053419608E-001  0.938002063585626E-001 -0.693147180559945E+000 -0.111236840937330E+002
  0.143215235719849E-001  0.338123712988370E+002  0.121994271131366E+000  0.103604037779163E+000 -0.693147180559945E+000 -0.191080185543072E+002
  0.143215235719849E-001  0.287923980912820E+002  0.910582483620395E-001  0.117146404037811E+000 -0.693147180559945E+000 -0.165980319505297E+002
  0.143215235719849E-001  0.371925735502115E+002  0.509440035206155E-001  0.511535004625181E-001 -0.693147180559945E+000 -0.207981196799944E+002
  0.143215235719849E-001  0.302451140479510E+002 -0.313653377054768E-002  0.110936939793658E+000 -0.693147180559945E+000 -0.173243899288642E+002
  0.143215235719849E-001  0.328082299666228E+002  0.659433088896513E-001  0.103222469231541E+000 -0.693147180559945E+000 -0.186059478882001E+002
  0.143215235719849E-001  0.278950134815705E+002  0.780243278688606E-001  0.818681471162856E-001 -0.693147180559945E+000 -0.161493396456739E+002
  0.143215235719849E-001  0.309245731484495E+002  0.354232616825938E-001  0.119455220339921E+000 -0.693147180559945E+000 -0.176641194791134E+002
  0.143215235719849E-001  0.404453259536733E+002  0.367103810790883E-001  0.421218139958906E-001 -0.693147180559945E+000 -0.224244958817253E+002
  0.143215235719849E-001  0.288007892999414E+002  0.512696985868286E-001  0.901328449428331E-001 -0.693147180559945E+000 -0.166022275548594E+002
  0.143215235719849E-001  0.384127447646329E+002  0.270519585631515E-001  0.744413135168101E-001 -0.693147180559945E+000 -0.214082052872051E+002
  0.143215235719849E-001  0.279963829514127E+002  0.420956138913129E-001  0.772107019940697E-001 -0.693147180559945E+000 -0.162000243805951E+002
  0.143215235719849E-001  0.316869524405256E+002  0.505701692945022E-001  0.106873683476979E+000 -0.693147180559945E+000 -0.180453091251515E+002
  0.143215235719849E-001  0.266060879405507E+002  0.731479952597802E-001  0.105566318986697E+000 -0.693147180559945E+000 -0.155048768751640E+002
  0.143215235719849E-001  0.323504539952100E+002  0.258693026958741E-001  0.981146901426990E-001 -0.693147180559945E+000 -0.183770599024937E+002
  0.143215235719849E-001  0.418978652287251E+002 -0.274817956037692E-001  0.805160047718945E-001 -0.693147180559945E+000 -0.231507655192512E+002
  0.143215235719849E-001  0.360350665826793E+002  0.139672627679728E-001  0.143574335311965E+000 -0.693147180559945E+000 -0.202193661962283E+002
  0.143215235719849E-001  0.266341838507852E+002  0.538789177811008E-001  0.898530613659482E-001 -0.693147180559945E+000 -0.155189248302813E+002
  0.143215235719849E-001  0.404656172954212E+002  0.251847887554102E-001  0.992607325882841E-001 -0.693147180559945E+000 -0.224346415525993E+002
  0.143215235719849E-001  0.350316573559287E+002  0.866101325738715E-001  0.970998922697361E-001 -0.693147180559945E+000 -0.197176615828530E+002
  0.143215235719849E-001  0.266633646815827E+002  0.602758903574245E-001  0.754675007846225E-001 -0.693147180559945E+000 -0.155335152456800E+002
  0.143215235719849E-001  0.280361388567500E+002  0.748666552455322E-001  0.946111993438185E-001 -0.693147180559945E+000 -0.162199023332637E+002
  0.143215235719849E-001  0.301091833501187E+002  0.758097723201310E-001  0.926994395556667E-001 -0.693147180559945E+000 -0.172564245799480E+002
  0.143215235719849E-001  0.300962000714500E+002  0.908784067185746E-001  0.116984447802979E+000 -0.693147180559945E+000 -0.172499329406137E+002
  0.143215235719849E-001  0.278400096217196E+002  0.804334601922450E-001  0.783027790517379E-001 -0.693147180559945E+000 -0.161218377157485E+002
  0.143215235719849E-001  0.300569068687871E+002  0.622293188846552E-001  0.933156117423915E-001 -0.693147180559945E+000 -0.172302863392822E+002
  0.143215235719849E-001  0.317374243259268E+002  0.840744138117506E-001  0.585323072633749E-001 -0.693147180559945E+000 -0.180705450678521E+002
  0.143215235719849E-001  0.363717953070595E+002  0.725611001675122E-001  0.552260986012568E-001 -0.693147180559945E+000 -0.203877305584184E+002
  0.143215235719849E-001  0.281092692595190E+002  0.519085019233474E-001  0.614405759789979E-001 -0.693147180559945E+000 -0.162564675346482E+002
  0.143215235719849E-001  0.278028496453101E+002  0.410411508446016E-001  0.950882046412770E-001 -0.693147180559945E+000 -0.161032577275437E+002
  0.143215235719849E-001  0.309414452505491E+002  0.109805482140505E+000  0.928567143448374E-001 -0.693147180559945E+000 -0.176725555301632E+002
  0.143215235719849E-001  0.335592086941800E+002  0.746027366235866E-001  0.929182885339238E-001 -0.693147180559945E+000 -0.189814372519787E+002
  0.143215235719849E-001  0.363899673884836E+002  0.143350798453727E-001  0.713907538374877E-001 -0.693147180559945E+000 -0.203968165991305E+002
  0.143215235719849E-001  0.314617471106841E+002  0.622245933447370E-001  0.933184936245108E-001 -0.693147180559945E+000 -0.179327064602307E+002
  0.143215235719849E-001  0.291017768743032E+002  0.695302082702198E-001  0.751833023577330E-001 -0.693147180559945E+000 -0.167527213420403E+002
  0.143215235719849E-001  0.335503515754154E+002  0.752392774395045E-001  0.557657160204115E-001 -0.693147180559945E+000 -0.189770086925964E+002
  0.143215235719849E-001  0.267646646947412E+002  0.716347301856357E-001  0.973631437274697E-001 -0.693147180559945E+000 -0.155841652522593E+002
  0.143215235719849E-001  0.300188792982426E+002  0.851917069784889E-001  0.671741693279879E-001 -0.693147180559945E+000 -0.172112725540100E+002
  0.143215235719849E-001  0.328382577633195E+002  0.237074435852813E-001  0.117415326678537E+000 -0.693147180559945E+000 -0.186209617865484E+002
  0.143215235719849E-001  0.277705299549559E+002  0.400371553545091E-001  0.880286288180197E-001 -0.693147180559945E+000 -0.160870978823666E+002
  0.143215235719849E-001  0.364670366629385E+002  0.290119958548269E-001  0.423848660068628E-001 -0.693147180559945E+000 -0.204353512363579E+002
  0.143215235719849E-001  0.335357416961838E+002  0.650477362224877E-001  0.123321730801341E+000 -0.693147180559945E+000 -0.189697037529806E+002
  0.143215235719849E-001  0.292080731333886E+002  0.398953245026643E-001  0.952179387874774E-001 -0.693147180559945E+000 -0.168058694715830E+002
  0.143215235719849E-001  0.324230947618928E+002  0.419532873313961E-001  0.853084211805894E-001 -0.693147180559945E+000 -0.184133802858351E+002
  0.143215235719849E-001  0.464159386834231E+002 -0.463999225398626E-002  0.967486409899405E-001 -0.693147180559945E+000 -0.254098022466002E+002
  0.143215235719849E-001  0.304354467943904E+002  0.516282725687149E-001  0.109914831818888E+000 -0.693147180559945E+000 -0.174195563020839E+002
  0.143215235719849E-001  0.342732443006455E+002  0.251591338087818E-001  0.144549862024226E+000 -0.693147180559945E+000 -0.193384550552115E+002
  0.143215235719849E-001  0.268218448381447E+002  0.719593170108241E-001  0.129554943329434E+000 -0.693147180559945E+000 -0.156127553239611E+002
  0.143215235719849E-001  0.335241799168550E+002  0.423679994045423E-001  0.478782557895751E-001 -0.693147180559945E+000 -0.189639228633162E+002
  0.143215235719849E-001  0.290898680410855E+002  0.740654196896096E-001  0.850897828491691E-001 -0.693147180559945E+000 -0.167467669254314E+002
  0.143215235719849E-001  0.299894105331224E+002  0.125521330571519E-001  0.815661104601662E-001 -0.693147180559945E+000 -0.171965381714499E+002
  0.143215235719849E-001  0.282076597435211E+002  0.563349924559480E-001  0.724013404658057E-001 -0.693147180559945E+000 -0.163056627766492E+002
  0.143215235719849E-001  0.282371180066787E+002  0.375075247216472E-001  0.916016430852907E-001 -0.693147180559945E+000 -0.163203919082280E+002
  0.143215235719849E-001  0.268687417092179E+002  0.684551559059685E-001  0.987491573577101E-001 -0.693147180559945E+000 -0.156362037594976E+002
  0.143215235719849E-001  0.387483984850504E+002  0.942268478673529E-001  0.280817055589399E-001 -0.693147180559945E+000 -0.215760321474139E+002
  0.143215235719849E-001  0.311907988818086E+002  0.438119158772754E-001  0.807040141155536E-001 -0.693147180559945E+000 -0.177972323457930E+002
  0.143215235719849E-001  0.268764943918192E+002  0.749198905926252E-001  0.945989414625243E-001 -0.693147180559945E+000 -0.156400801007983E+002
  0.143215235719849E-001  0.268812942207338E+002  0.372951174774594E-001  0.961933579781961E-001 -0.693147180559945E+000 -0.156424800152556E+002
  0.143215235719849E-001  0.288822411409917E+002  0.602820470106218E-001  0.754596061273710E-001 -0.693147180559945E+000 -0.166429534753845E+002
  0.143215235719849E-001  0.366310929258610E+002  0.108589068183052E+000  0.100707499651939E+000 -0.693147180559945E+000 -0.205173793678192E+002
  0.143215235719849E-001  0.321977680504496E+002  0.417419422694998E-001  0.616613388479603E-001 -0.693147180559945E+000 -0.183007169301135E+002
  0.143215235719849E-001  0.366364324388184E+002  0.111758474575128E-001  0.535468819825901E-001 -0.693147180559945E+000 -0.205200491242979E+002
  0.143215235719849E-001  0.298418539764351E+002  0.125945454634446E-001  0.924100658773557E-001 -0.693147180559945E+000 -0.171227598931062E+002
  0.143215235719849E-001  0.290672673558480E+002  0.908789628976185E-001  0.116984695045179E+000 -0.693147180559945E+000 -0.167354665828127E+002
  0.143215235719849E-001  0.297938375852339E+002  0.127721943469952E-001  0.812160626919012E-001 -0.693147180559945E+000 -0.170987516975056E+002
  0.143215235719849E-001  0.277407855659865E+002  0.350806697658526E-001  0.112353766244601E+000 -0.693147180559945E+000 -0.160722256878820E+002
  0.143215235719849E-001  0.290613447078279E+002  0.602774880104096E-001  0.754629050953798E-001 -0.693147180559945E+000 -0.167325052588026E+002
  0.143215235719849E-001  0.270006287280918E+002  0.783866649178986E-001  0.104039425098322E+000 -0.693147180559945E+000 -0.157021472689346E+002
  0.143215235719849E-001  0.308671624122645E+002  0.752826049545541E-001  0.944846402482491E-001 -0.693147180559945E+000 -0.176354141110209E+002
  0.143215235719849E-001  0.304782141387728E+002  0.695302087412635E-001  0.751833025622976E-001 -0.693147180559945E+000 -0.174409399742751E+002
  0.143215235719849E-001  0.296960478511125E+002  0.616253174787513E-001  0.857306456718142E-001 -0.693147180559945E+000 -0.170498568304449E+002
  0.143215235719849E-001  0.334001293026767E+002  0.898217885674626E-001  0.128291377996293E+000 -0.693147180559945E+000 -0.189018975562270E+002
  0.143215235719849E-001  0.294168888768140E+002  0.272474574198822E-001  0.125280493479389E+000 -0.693147180559945E+000 -0.169102773432957E+002
  0.143215235719849E-001  0.344061441197392E+002  0.683942270326272E-001  0.112795095632452E+000 -0.693147180559945E+000 -0.194049049647583E+002
  0.143215235719849E-001  0.296245468067565E+002  0.311071021037441E-001  0.890503595064704E-001 -0.693147180559945E+000 -0.170141063082670E+002
  0.143215235719849E-001  0.348666772603830E+002  0.358720347073049E-002  0.111088237643778E+000 -0.693147180559945E+000 -0.196351715350802E+002
  0.143215235719849E-001  0.324937909271228E+002  0.908279788760780E-001  0.117069234040433E+000 -0.693147180559945E+000 -0.184487283684501E+002
  0.143215235719849E-001  0.383300779297846E+002  0.568500957766531E-001  0.478158142221021E-001 -0.693147180559945E+000 -0.213668718697810E+002
  0.143215235719849E-001  0.370468710695124E+002  0.741185351508000E-002  0.513238989302231E-001 -0.693147180559945E+000 -0.207252684396449E+002
  0.143215235719849E-001  0.327091625500954E+002  0.187924376375470E-001  0.839483065611986E-001 -0.693147180559945E+000 -0.185564141799364E+002
  0.143215235719849E-001  0.295168365914349E+002  0.332158348187754E-001  0.940226061367694E-001 -0.693147180559945E+000 -0.169602512006062E+002
  0.143215235719849E-001  0.288313714649247E+002  0.640110906114002E-001  0.732868807530979E-001 -0.693147180559945E+000 -0.166175186373510E+002
  0.143215235719849E-001  0.344699027788258E+002  0.881712009997819E-001  0.120649167681390E+000 -0.693147180559945E+000 -0.194367842943016E+002
  0.143215235719849E-001  0.376869942666068E+002  0.654005364190557E-001  0.625324338789804E-001 -0.693147180559945E+000 -0.210453300381921E+002
  0.143215235719849E-001  0.320888033039377E+002  0.578679333646541E-001  0.843880703911115E-001 -0.693147180559945E+000 -0.182462345568576E+002
  0.143215235719849E-001  0.290065725763174E+002  0.452293436941165E-001  0.827830304153309E-001 -0.693147180559945E+000 -0.167051191930474E+002
  0.143215235719849E-001  0.332287272112358E+002  0.797763788470627E-001  0.988192623483944E-001 -0.693147180559945E+000 -0.188161965105066E+002
  0.143215235719849E-001  0.276925766482128E+002  0.524333033051165E-001  0.916149503224805E-001 -0.693147180559945E+000 -0.160481212289951E+002
  0.143215235719849E-001  0.332090872185253E+002  0.133950777808121E+000  0.111332645457559E+000 -0.693147180559945E+000 -0.188063765141513E+002
  0.143215235719849E-001  0.276896687062899E+002  0.555997432323148E-001  0.103688717663240E+000 -0.693147180559945E+000 -0.160466672580336E+002
  0.143215235719849E-001  0.318156946642223E+002  0.636374990475308E-001  0.950024403507000E-001 -0.693147180559945E+000 -0.181096802369998E+002
  0.143215235719849E-001  0.344841800153105E+002  0.131049521489018E+000  0.870650378106937E-001 -0.693147180559945E+000 -0.194439229125440E+002
  0.143215235719849E-001  0.271757482536070E+002  0.740483554895255E-001  0.110328452800804E+000 -0.693147180559945E+000 -0.157897070316922E+002
  0.143215235719849E-001  0.325563377297711E+002  0.387861472760989E-001  0.719836354535059E-001 -0.693147180559945E+000 -0.184800017697742E+002
  0.143215235719849E-001  0.331612976138155E+002  0.491839537940473E-001  0.867644566733559E-001 -0.693147180559945E+000 -0.187824817117965E+002
  0.143215235719849E-001  0.388220344581716E+002  0.374919725185181E-001  0.906714354125214E-001 -0.693147180559945E+000 -0.216128501339745E+002
  0.143215235719849E-001  0.309831774247336E+002  0.272957671324099E-001  0.125419612631184E+000 -0.693147180559945E+000 -0.176934216172555E+002
  0.143215235719849E-001  0.409780971494127E+002  0.632676667124230E-001  0.601800132631258E-001 -0.693147180559945E+000 -0.226908814795950E+002
  0.143215235719849E-001  0.312247386251360E+002  0.990193072933778E-001  0.132343219584047E+000 -0.693147180559945E+000 -0.178142022174567E+002
  0.143215235719849E-001  0.398972176668578E+002  0.480889466562144E-001  0.178212317083815E-001 -0.693147180559945E+000 -0.221504417383176E+002
  0.143215235719849E-001  0.293230040695398E+002  0.710094128469871E-001  0.119417210190615E+000 -0.693147180559945E+000 -0.168633349396586E+002
  0.143215235719849E-001  0.315872378821247E+002  0.360701367679874E-001  0.843541112323620E-001 -0.693147180559945E+000 -0.179954518459510E+002
  0.143215235719849E-001  0.272793169685790E+002  0.490716021615538E-001  0.871270042473062E-001 -0.693147180559945E+000 -0.158414913891782E+002
  0.143215235719849E-001  0.276295966614437E+002  0.462652243679240E-001  0.875389680617727E-001 -0.693147180559945E+000 -0.160166312356106E+002
  0.143215235719849E-001  0.273091546292344E+002  0.840008635958991E-001  0.893218908372078E-001 -0.693147180559945E+000 -0.158564102195059E+002
  0.143215235719849E-001  0.313366574084623E+002  0.639665160034797E-001  0.730574373642369E-001 -0.693147180559945E+000 -0.178701616091198E+002
  0.143215235719849E-001  0.276012606229001E+002  0.760764749058784E-001  0.926252654186929E-001 -0.693147180559945E+000 -0.160024632163387E+002
  0.143215235719849E-001  0.289362202937837E+002  0.449344888332113E-001  0.109553834580725E+000 -0.693147180559945E+000 -0.166699430517805E+002
  0.143215235719849E-001  0.273260977486373E+002  0.749554793834644E-001  0.759156884567709E-001 -0.693147180559945E+000 -0.158648817792074E+002
  0.143215235719849E-001  0.410372583786788E+002  0.731492739187913E-001  0.716491608885745E-001 -0.693147180559945E+000 -0.227204620942281E+002
  0.143215235719849E-001  0.273440490149077E+002  0.108197454699698E+000  0.766775516497194E-001 -0.693147180559945E+000 -0.158738574123425E+002
  0.143215235719849E-001  0.273630364725165E+002  0.503833998005963E-001  0.864547442835323E-001 -0.693147180559945E+000 -0.158833511411469E+002
  0.143215235719849E-001  0.283136913791203E+002  0.373208061735273E-001  0.118906916521224E+000 -0.693147180559945E+000 -0.163586785944488E+002
  0.143215235719849E-001  0.329059790715089E+002  0.584976519593137E-001  0.113416478172933E+000 -0.693147180559945E+000 -0.186548224406431E+002
  0.143215235719849E-001  0.273878007346266E+002  0.710524704174249E-001  0.119440005308707E+000 -0.693147180559945E+000 -0.158957332722020E+002
  0.143215235719849E-001  0.355863456332005E+002  0.334307221482242E-001  0.896733934231457E-001 -0.693147180559945E+000 -0.199950057214890E+002
  0.143215235719849E-001  0.424570874301652E+002  0.891882790054641E-001  0.598435177473632E-001 -0.693147180559945E+000 -0.234303766199713E+002
  0.143215235719849E-001  0.274010988206434E+002  0.442241274553510E-001  0.880280963848724E-001 -0.693147180559945E+000 -0.159023823152104E+002
  0.143215235719849E-001  0.289897222303004E+002  0.648336123224165E-001  0.103858229309186E+000 -0.693147180559945E+000 -0.166966940200389E+002
  0.143215235719849E-001  0.285768936060529E+002 -0.304321958964193E-002  0.963239898914401E-001 -0.693147180559945E+000 -0.164902797079151E+002
  0.143215235719849E-001  0.274128936520085E+002  0.503634522055589E-001  0.849690639835542E-001 -0.693147180559945E+000 -0.159082797308929E+002
  0.143215235719849E-001  0.274438031297764E+002  0.380861476778365E-001  0.863645228479132E-001 -0.693147180559945E+000 -0.159237344697769E+002
  0.143215235719849E-001  0.285646414831588E+002  0.105403272952125E-001  0.692902398395529E-001 -0.693147180559945E+000 -0.164841536464681E+002
  0.143215235719849E-001  0.285578904574198E+002  0.556994250801992E-001  0.103130606239660E+000 -0.693147180559945E+000 -0.164807781335986E+002
  0.143215235719849E-001  0.346790974470227E+002  0.456093120259629E-001  0.707518119718172E-001 -0.693147180559945E+000 -0.195413816284000E+002
  0.143215235719849E-001  0.411194005387417E+002  0.104132972835147E+000  0.152393992706126E+000 -0.693147180559945E+000 -0.227615331742595E+002
  0.143215235719849E-001  0.307983935212382E+002  0.701164322290591E-001  0.862338556460706E-001 -0.693147180559945E+000 -0.176010296655078E+002
  0.143215235719849E-001  0.354181145613528E+002  0.751444073821343E-001  0.484430885920638E-001 -0.693147180559945E+000 -0.199108901855651E+002
  0.143215235719849E-001  0.284920761620721E+002  0.420955320946952E-001  0.772108603844384E-001 -0.693147180559945E+000 -0.164478709859247E+002
  0.143215235719849E-001  0.308396895580079E+002  0.660764023989568E-001  0.943798671491957E-001 -0.693147180559945E+000 -0.176216776838926E+002
  0.143215235719849E-001  0.315228805403621E+002  0.333136463549761E-001  0.652485790528344E-001 -0.693147180559945E+000 -0.179632731750697E+002
  0.143215235719849E-001  0.274781087445271E+002  0.697002636732358E-001  0.712564013303650E-001 -0.693147180559945E+000 -0.159408872771522E+002
  0.143215235719849E-001  0.346586876564960E+002  0.602778125728460E-001  0.755236703561706E-001 -0.693147180559945E+000 -0.195311767331367E+002
  0.143215235719849E-001  0.329566860482027E+002  0.117599003485602E-002  0.135161891376192E+000 -0.693147180559945E+000 -0.186801759289901E+002
  0.143215235719849E-001  0.310329239108230E+002  0.251691556521347E-001  0.106373454438174E+000 -0.693147180559945E+000 -0.177182948603002E+002
  0.143215235719849E-001  0.310172543387393E+002  0.602760392398132E-001  0.754673865216222E-001 -0.693147180559945E+000 -0.177104600742584E+002
  0.143215235719849E-001  0.423979752817606E+002  0.668894350778961E-001  0.260870818168639E-001 -0.693147180559945E+000 -0.234008205457690E+002
  0.143215235719849E-001  0.424052630275100E+002 -0.305964406039267E-001  0.131501201311214E+000 -0.693147180559945E+000 -0.234044644186437E+002
  0.143215235719849E-001  0.329244020257786E+002  0.870402575243154E-001  0.887124738342571E-001 -0.693147180559945E+000 -0.186640339177780E+002
  0.143215235719849E-001  0.275118538671948E+002  0.661525300805561E-001  0.163044532586255E+000 -0.693147180559945E+000 -0.159577598384861E+002
  0.143215235719849E-001  0.352411216191215E+002  0.833623982795804E-001  0.844024248141362E-001 -0.693147180559945E+000 -0.198223937144494E+002
  0.143215235719849E-001  0.292372880349940E+002  0.912593352008015E-001  0.119862186639074E+000 -0.693147180559945E+000 -0.168204769223857E+002
  0.143215235719849E-001  0.275638632839045E+002  0.749554793834644E-001  0.759156884567709E-001 -0.693147180559945E+000 -0.159837645468409E+002
  0.143215235719849E-001  0.412594539131228E+002  0.838234294967259E-001  0.506830035963183E-001 -0.693147180559945E+000 -0.228315598614501E+002
  0.143215235719849E-001  0.215719641454012E+002  0.474366669143178E-001  0.937941678212495E-001 -0.693147180559945E+000 -0.107859820727006E+002
