  0.124502579232758E-001  0.338307238846760E+002  0.111935039568491E-001  0.534258932348132E-001 -0.693147180559945E+000 -0.192287666228838E+002
  0.124502579232758E-001  0.294714594341782E+002  0.467208986560141E-001  0.934449920931138E-001 -0.693147180559945E+000 -0.147357297170891E+002
  0.124502579232758E-001  0.270002473325307E+002  0.262780105018934E-001  0.880263818493127E-001 -0.693147180559945E+000 -0.158135283468111E+002
  0.124502579232758E-001  0.242962809272250E+002  0.465730045224935E-001  0.935267553381804E-001 -0.693147180559945E+000 -0.121481404636125E+002
  0.124502579232758E-001  0.270612727838183E+002  0.393999224874839E-001  0.115848433321029E+000 -0.693147180559945E+000 -0.158440410724549E+002
  0.124502579232758E-001  0.271545747448509E+002  0.508997100409370E-001  0.949312550849646E-001 -0.693147180559945E+000 -0.158906920529712E+002
  0.124502579232758E-001  0.263141457070981E+002  0.502500182504304E-001  0.952558341334312E-001 -0.693147180559945E+000 -0.154704775340949E+002
  0.124502579232758E-001  0.273160065670702E+002  0.237167889233754E-001  0.117402549602041E+000 -0.693147180559945E+000 -0.159714079640809E+002
  0.124502579232758E-001  0.273557598347048E+002  0.354224820078697E-001  0.119457049750273E+000 -0.693147180559945E+000 -0.159912845978982E+002
  0.124502579232758E-001  0.274571483651041E+002  0.648424336478890E-001  0.103856552719853E+000 -0.693147180559945E+000 -0.160419788630978E+002
  0.124502579232758E-001  0.244749842770211E+002  0.467208986245773E-001  0.934449920852213E-001 -0.693147180559945E+000 -0.122374921385105E+002
  0.124502579232758E-001  0.285776457486272E+002  0.512696985868286E-001  0.901328449428331E-001 -0.693147180559945E+000 -0.166022275548594E+002
  0.124502579232758E-001  0.275222796335487E+002  0.326280361431890E-001  0.651872503806617E-001 -0.693147180559945E+000 -0.160745444973201E+002
  0.124502579232758E-001  0.346238588351698E+002  0.479960813017755E-001  0.630639652806053E-001 -0.693147180559945E+000 -0.196253340981307E+002
  0.124502579232758E-001  0.278029374905691E+002  0.532955336259433E-001  0.911786960396493E-001 -0.693147180559945E+000 -0.162148734258303E+002
  0.124502579232758E-001  0.278341921867820E+002  0.557720558977186E-001  0.119256385153733E+000 -0.693147180559945E+000 -0.162305007739368E+002
  0.124502579232758E-001  0.309185710415102E+002  0.546823100872136E-001  0.626063430841457E-001 -0.693147180559945E+000 -0.177726902013009E+002
  0.124502579232758E-001  0.280432515647765E+002  0.705108318297467E-001  0.107915239788760E+000 -0.693147180559945E+000 -0.163350304629340E+002
  0.124502579232758E-001  0.280594815341568E+002  0.381126933866389E-001  0.863585738671486E-001 -0.693147180559945E+000 -0.163431454476242E+002
  0.124502579232758E-001  0.280610879540541E+002  0.602760070839836E-001  0.754674152995448E-001 -0.693147180559945E+000 -0.163439486575728E+002
  0.124502579232758E-001  0.280905478278061E+002  0.373208061735273E-001  0.118906916521224E+000 -0.693147180559945E+000 -0.163586785944488E+002
  0.124502579232758E-001  0.280946610278794E+002  0.516271571698472E-001  0.911102423909874E-001 -0.693147180559945E+000 -0.163607351944855E+002
  0.124502579232758E-001  0.281005424122311E+002  0.502583663953524E-001  0.951886804279165E-001 -0.693147180559945E+000 -0.163636758866613E+002
  0.124502579232758E-001  0.338970426355336E+002  0.232549953582910E-001  0.113294687091723E+000 -0.693147180559945E+000 -0.192619259983126E+002
  0.124502579232758E-001  0.281034582233198E+002  0.881832956986153E-001  0.114285258241225E+000 -0.693147180559945E+000 -0.163651337922057E+002
  0.124502579232758E-001  0.282872827262909E+002  0.561495018435763E-001  0.687584878800702E-001 -0.693147180559945E+000 -0.164570460436912E+002
  0.124502579232758E-001  0.282908650330351E+002  0.772161497280082E-001  0.982808835646880E-001 -0.693147180559945E+000 -0.164588371970634E+002
  0.124502579232758E-001  0.347164768126205E+002  0.602928591730667E-001  0.109637601766356E+000 -0.693147180559945E+000 -0.196716430868560E+002
  0.124502579232758E-001  0.282924262169614E+002  0.501504906696491E-001  0.772692773700392E-001 -0.693147180559945E+000 -0.164596177890265E+002
  0.124502579232758E-001  0.425997048975772E+002  0.478804223379254E-001  0.116095570675382E-002 -0.693147180559945E+000 -0.236132571293344E+002
  0.124502579232758E-001  0.284206039600896E+002  0.540265770485135E-001  0.901787622958421E-001 -0.693147180559945E+000 -0.165237066605906E+002
  0.124502579232758E-001  0.286029290398836E+002  0.516380633273505E-001  0.115177144312736E+000 -0.693147180559945E+000 -0.166148692004876E+002
  0.124502579232758E-001  0.284496752016839E+002  0.409761769840895E-001  0.114622692007387E+000 -0.693147180559945E+000 -0.165382422813877E+002
  0.124502579232758E-001  0.417336644504745E+002  0.261206942230503E-001  0.123687208250305E-001 -0.693147180559945E+000 -0.231802369057830E+002
  0.124502579232758E-001  0.293011003121840E+002  0.397671755014828E-001  0.115243403983087E+000 -0.693147180559945E+000 -0.169639548366378E+002
  0.124502579232758E-001  0.293351774324286E+002  0.261257697727690E-001  0.799673609360276E-001 -0.693147180559945E+000 -0.169809933967601E+002
  0.124502579232758E-001  0.293847064068672E+002  0.705126282715089E-001  0.107922421055398E+000 -0.693147180559945E+000 -0.170057578839794E+002
  0.124502579232758E-001  0.339356788818388E+002  0.355160196615270E-001  0.893795109353035E-001 -0.693147180559945E+000 -0.192812441214652E+002
  0.124502579232758E-001  0.294478502182157E+002  0.668158222000022E-001  0.821650280796433E-001 -0.693147180559945E+000 -0.170373297896536E+002
  0.124502579232758E-001  0.403867482425968E+002  0.985300479915756E-001  0.564788550657532E-001 -0.693147180559945E+000 -0.225067788018442E+002
  0.124502579232758E-001  0.294502353908978E+002  0.276548512572325E-001  0.116188936006555E+000 -0.693147180559945E+000 -0.170385223759947E+002
  0.124502579232758E-001  0.349211491908280E+002  0.111035146837222E-001  0.535148228187483E-001 -0.693147180559945E+000 -0.197739792759598E+002
  0.124502579232758E-001  0.287130767424694E+002  0.449344888332113E-001  0.109553834580725E+000 -0.693147180559945E+000 -0.166699430517805E+002
  0.124502579232758E-001  0.294972668982220E+002  0.507428773356930E-001  0.954211971755975E-001 -0.693147180559945E+000 -0.170620381296568E+002
  0.124502579232758E-001  0.295560982976664E+002  0.556998799316180E-001  0.103130932518252E+000 -0.693147180559945E+000 -0.170914538293790E+002
  0.124502579232758E-001  0.295706940339197E+002  0.127721943469952E-001  0.812160626919012E-001 -0.693147180559945E+000 -0.170987516975056E+002
  0.124502579232758E-001  0.295949713691421E+002  0.853030155868244E-001  0.705388620454626E-001 -0.693147180559945E+000 -0.171108903651168E+002
  0.124502579232758E-001  0.296100801125211E+002  0.817194650289810E-001  0.134859892826054E+000 -0.693147180559945E+000 -0.171184447368063E+002
  0.124502579232758E-001  0.296306914517592E+002  0.420957115829064E-001  0.772111091337956E-001 -0.693147180559945E+000 -0.171287504064254E+002
  0.124502579232758E-001  0.422230010715494E+002  0.523603872521807E-001  0.222642555770706E-001 -0.693147180559945E+000 -0.234249052163205E+002
  0.124502579232758E-001  0.297509499435004E+002  0.378070071096921E-001  0.114753672563202E+000 -0.693147180559945E+000 -0.171888796522960E+002
  0.124502579232758E-001  0.297658001698736E+002  0.635885976152066E-001  0.161240347084886E+000 -0.693147180559945E+000 -0.171963047654826E+002
  0.124502579232758E-001  0.264759096858184E+002  0.503212326093196E-001  0.123624296812618E+000 -0.693147180559945E+000 -0.155513595234550E+002
  0.124502579232758E-001  0.298188908951817E+002  0.408558319978019E-001  0.911167820752490E-001 -0.693147180559945E+000 -0.172228501281366E+002
  0.124502579232758E-001  0.292411421175843E+002  0.748815342706921E-001  0.762115397759712E-001 -0.693147180559945E+000 -0.169339757393379E+002
  0.124502579232758E-001  0.340985499407902E+002  0.429955217841373E-001  0.681856767721762E-001 -0.693147180559945E+000 -0.193626796509409E+002
  0.124502579232758E-001  0.299152852028544E+002  0.394845201798979E-001  0.885193088781854E-001 -0.693147180559945E+000 -0.172710472819730E+002
  0.124502579232758E-001  0.312961691178229E+002  0.436302269891202E-001  0.724498074719515E-001 -0.693147180559945E+000 -0.179614892394572E+002
  0.124502579232758E-001  0.299949125404537E+002  0.695302087413536E-001  0.751833025622801E-001 -0.693147180559945E+000 -0.173108609507726E+002
  0.124502579232758E-001  0.341157334921965E+002  0.159534815331490E-001  0.756933950074199E-001 -0.693147180559945E+000 -0.193712714266440E+002
  0.124502579232758E-001  0.267513432613356E+002  0.672833211240205E-001  0.761371011640596E-001 -0.693147180559945E+000 -0.156890763112136E+002
  0.124502579232758E-001  0.267379979142599E+002  0.731479951659901E-001  0.105566318906674E+000 -0.693147180559945E+000 -0.156824036376758E+002
  0.124502579232758E-001  0.300817654013896E+002  0.749072852726302E-001  0.542613550989462E-001 -0.693147180559945E+000 -0.173542873812406E+002
  0.124502579232758E-001  0.286044819870795E+002  0.355888543808636E-003  0.113502668217659E+000 -0.693147180559945E+000 -0.166156456740855E+002
  0.124502579232758E-001  0.312997369890479E+002  0.333136463549761E-001  0.652485790528344E-001 -0.693147180559945E+000 -0.179632731750697E+002
  0.124502579232758E-001  0.302009405255378E+002  0.812729445303100E-001  0.865655253662979E-001 -0.693147180559945E+000 -0.174138749433147E+002
  0.124502579232758E-001  0.302388042086523E+002  0.399016594180979E-001  0.952053113409482E-001 -0.693147180559945E+000 -0.174328067848719E+002
  0.124502579232758E-001  0.302441160458549E+002  0.515123628606549E-001  0.771016268107314E-001 -0.693147180559945E+000 -0.174354627034733E+002
  0.124502579232758E-001  0.303487289471553E+002  0.752826145216159E-001  0.944848486434621E-001 -0.693147180559945E+000 -0.174877691541234E+002
  0.124502579232758E-001  0.291627776396840E+002  0.896693996700877E-001  0.112966839212971E+000 -0.693147180559945E+000 -0.168947935003878E+002
  0.124502579232758E-001  0.304060593938191E+002  0.648336093329134E-001  0.103858235814175E+000 -0.693147180559945E+000 -0.175164343774553E+002
  0.124502579232758E-001  0.287570796315564E+002  0.602760169510377E-001  0.754673721545127E-001 -0.693147180559945E+000 -0.166919444963240E+002
  0.124502579232758E-001  0.304759174695625E+002  0.852878526880099E-001  0.127173239750873E+000 -0.693147180559945E+000 -0.175513634153270E+002
  0.124502579232758E-001  0.305241765264427E+002  0.116693718608342E+000  0.111433632976608E+000 -0.693147180559945E+000 -0.175754929437671E+002
  0.124502579232758E-001  0.291092744012994E+002  0.399017843676541E-001  0.952074607736193E-001 -0.693147180559945E+000 -0.168680418811955E+002
  0.124502579232758E-001  0.341830005684250E+002  0.683942270326272E-001  0.112795095632452E+000 -0.693147180559945E+000 -0.194049049647583E+002
  0.124502579232758E-001  0.306553238828726E+002  0.370802748260157E-001  0.998032087427828E-001 -0.693147180559945E+000 -0.176410666219821E+002
  0.124502579232758E-001  0.352258424502666E+002  0.937959040713310E-001  0.992516623235024E-001 -0.693147180559945E+000 -0.199263259056791E+002
  0.124502579232758E-001  0.399802556029265E+002  0.116418094249224E-001  0.515009981100933E-001 -0.693147180559945E+000 -0.223035324820091E+002
  0.124502579232758E-001  0.266756670601681E+002  0.101298270429486E+000  0.788646225987747E-001 -0.693147180559945E+000 -0.156512382106298E+002
  0.124502579232758E-001  0.308524545666507E+002  0.773282662605066E-001  0.115311870846293E+000 -0.693147180559945E+000 -0.177396319638711E+002
  0.124502579232758E-001  0.291016900078054E+002  0.499512178171726E-001  0.117607973884584E+000 -0.693147180559945E+000 -0.168642496844485E+002
  0.124502579232758E-001  0.266567162595446E+002  0.743181524773182E-001  0.874269067601290E-001 -0.693147180559945E+000 -0.156417628103181E+002
  0.124502579232758E-001  0.319151191076484E+002  0.684112170541258E-001  0.947266615517988E-001 -0.693147180559945E+000 -0.182709642343700E+002
  0.124502579232758E-001  0.342467592275116E+002  0.881712009997819E-001  0.120649167681390E+000 -0.693147180559945E+000 -0.194367842943016E+002
  0.124502579232758E-001  0.317801927451878E+002  0.143741062980707E-001  0.145285182118917E+000 -0.693147180559945E+000 -0.182035010531397E+002
  0.124502579232758E-001  0.319746244991354E+002  0.417419422694998E-001  0.616613388479603E-001 -0.693147180559945E+000 -0.183007169301135E+002
  0.124502579232758E-001  0.317107326935017E+002  0.771759982635398E-001  0.982946468640139E-001 -0.693147180559945E+000 -0.181687710272966E+002
  0.124502579232758E-001  0.321820726606488E+002  0.239984921530974E-001  0.126336097748553E+000 -0.693147180559945E+000 -0.184044410108702E+002
  0.124502579232758E-001  0.317077058772515E+002  0.349452912371984E-003  0.113539543216899E+000 -0.693147180559945E+000 -0.181672576191716E+002
  0.124502579232758E-001  0.316683829899669E+002  0.101808914706842E+000  0.967475192816026E-001 -0.693147180559945E+000 -0.181475961755292E+002
  0.124502579232758E-001  0.375271022263212E+002  0.289893934592811E-001  0.126566889895508E+000 -0.693147180559945E+000 -0.210769557937064E+002
  0.124502579232758E-001  0.344119330334134E+002  0.484475219862084E-001  0.959334285970825E-001 -0.693147180559945E+000 -0.195193711972525E+002
  0.124502579232758E-001  0.322548992404213E+002  0.757877720684248E-001  0.851456929817339E-001 -0.693147180559945E+000 -0.184408543007565E+002
  0.124502579232758E-001  0.316508304106523E+002  0.508359121643889E-001  0.767947684797194E-001 -0.693147180559945E+000 -0.181388198858719E+002
  0.124502579232758E-001  0.395623634676497E+002 -0.376096889490729E-002  0.532036148841798E-001 -0.693147180559945E+000 -0.220945864143706E+002
  0.124502579232758E-001  0.290333630294068E+002  0.565133790539643E-001  0.710306786069208E-001 -0.693147180559945E+000 -0.168300861952492E+002
  0.124502579232758E-001  0.266385683475508E+002  0.694203728368044E-001  0.836217926297413E-001 -0.693147180559945E+000 -0.156326888543212E+002
  0.124502579232758E-001  0.368237275181982E+002  0.741185351508000E-002  0.513238989302231E-001 -0.693147180559945E+000 -0.207252684396449E+002
  0.124502579232758E-001  0.290141444836798E+002  0.912593352008015E-001  0.119862186639074E+000 -0.693147180559945E+000 -0.168204769223857E+002
  0.124502579232758E-001  0.325204423094066E+002  0.903925493874369E-002  0.102947216761642E+000 -0.693147180559945E+000 -0.185736258352491E+002
  0.124502579232758E-001  0.355168938931622E+002  0.343268766468123E-001  0.495004395974151E-001 -0.693147180559945E+000 -0.200718516271269E+002
  0.124502579232758E-001  0.326151142120053E+002  0.237074435852813E-001  0.117415326678537E+000 -0.693147180559945E+000 -0.186209617865484E+002
  0.124502579232758E-001  0.327591510375785E+002  0.711578225608207E-001  0.871549546503226E-001 -0.693147180559945E+000 -0.186929801993350E+002
  0.124502579232758E-001  0.375771769732970E+002 -0.376156692852381E-002  0.532061722780142E-001 -0.693147180559945E+000 -0.211019931671943E+002
  0.124502579232758E-001  0.264013704522701E+002  0.513707263879888E-001  0.909883234845301E-001 -0.693147180559945E+000 -0.155140899066808E+002
  0.124502579232758E-001  0.329857279941301E+002  0.759446370984247E-001  0.611480418329730E-001 -0.693147180559945E+000 -0.188062686776108E+002
  0.124502579232758E-001  0.409294340747376E+002  0.684294840893658E-001  0.931784918147298E-001 -0.693147180559945E+000 -0.227781217179146E+002
  0.124502579232758E-001  0.265483337295036E+002  0.509788918308929E-001  0.911331582329425E-001 -0.693147180559945E+000 -0.155875715452976E+002
  0.124502579232758E-001  0.330617755941269E+002  0.387866004121160E-001  0.852047440854025E-001 -0.693147180559945E+000 -0.188442924776093E+002
  0.124502579232758E-001  0.343442130320735E+002  0.726772277438135E-001  0.447404492548040E-001 -0.693147180559945E+000 -0.194855111965825E+002
  0.124502579232758E-001  0.265942466320061E+002  0.668158221680197E-001  0.821650278876933E-001 -0.693147180559945E+000 -0.156105279965488E+002
  0.124502579232758E-001  0.331226037077450E+002  0.182978453645963E-001  0.110105597968668E+000 -0.693147180559945E+000 -0.188747065344183E+002
  0.124502579232758E-001  0.289602977080728E+002  0.377921963897274E-001  0.866997445175598E-001 -0.693147180559945E+000 -0.167935535345822E+002
  0.124502579232758E-001  0.314948140461613E+002  0.490844863801589E-001  0.114670693089873E+000 -0.693147180559945E+000 -0.180608117036265E+002
  0.124502579232758E-001  0.314829655802225E+002  0.687286921703327E-001  0.137140783391651E+000 -0.693147180559945E+000 -0.180548874706570E+002
  0.124502579232758E-001  0.337107265471054E+002  0.384878106981228E-001  0.848776989037745E-001 -0.693147180559945E+000 -0.191687679540985E+002
  0.124502579232758E-001  0.314638088892114E+002  0.505701692945022E-001  0.106873683476979E+000 -0.693147180559945E+000 -0.180453091251515E+002
  0.124502579232758E-001  0.338269465482024E+002  0.294948587074642E-001  0.118890078277136E+000 -0.693147180559945E+000 -0.192268779546470E+002
  0.124502579232758E-001  0.357640307167669E+002  0.301688698579587E-001  0.998434413380944E-001 -0.693147180559945E+000 -0.201954200389293E+002
  0.124502579232758E-001  0.360109133943864E+002  0.111772767650490E+000  0.143007187528563E+000 -0.693147180559945E+000 -0.203188613777390E+002
  0.124502579232758E-001  0.265510589303731E+002  0.410522466522172E-001  0.950924848771071E-001 -0.693147180559945E+000 -0.155889341457324E+002
  0.124502579232758E-001  0.360780423521480E+002  0.526158403843731E-001  0.780407290668736E-001 -0.693147180559945E+000 -0.203524258566198E+002
  0.124502579232758E-001  0.360955130334094E+002  0.527072420703614E-001  0.507475954958783E-001 -0.693147180559945E+000 -0.203611611972505E+002
  0.124502579232758E-001  0.361486517557453E+002  0.725611001675122E-001  0.552260986012568E-001 -0.693147180559945E+000 -0.203877305584184E+002
  0.124502579232758E-001  0.356270454451770E+002  0.334986303756437E-001  0.104963520016849E+000 -0.693147180559945E+000 -0.201269274031343E+002
  0.124502579232758E-001  0.363781306979669E+002  0.553294716518773E-001  0.277119786627056E-001 -0.693147180559945E+000 -0.205024700295292E+002
  0.124502579232758E-001  0.314097575736064E+002  0.696085885281088E-001  0.951369333436346E-001 -0.693147180559945E+000 -0.180182834673490E+002
  0.124502579232758E-001  0.239121998548582E+002  0.465708796326210E-001  0.935215538351697E-001 -0.693147180559945E+000 -0.119560999274291E+002
