#        weight    minuslogpost              A2               A   minuslogprior minuslogprior__0            chi2   chi2__loglike
              1       4.6039802        1.055639       1.0274429        3.400864         3.400864       2.4062325       2.4062325
              1       4.6676644        1.122532       1.0594961        3.400864         3.400864       2.5336009       2.5336009
              2        6.620316       1.7496953       1.3227605        3.400864         3.400864        6.438904        6.438904
              1       4.5599996       0.9246018      0.96156217        3.400864         3.400864       2.3182712       2.3182712
              2       5.0003789      0.56000796       0.7483368        3.400864         3.400864       3.1990297       3.1990297
              2       4.7875587      0.66566555      0.81588329        3.400864         3.400864       2.7733895       2.7733895
              2        5.046687      0.54073933       0.7353498        3.400864         3.400864        3.291646        3.291646
              3       4.5633418      0.97099626      0.98539142        3.400864         3.400864       2.3249557       2.3249557
              1       5.7455929        1.553355       1.2463366        3.400864         3.400864       4.6894578       4.6894578
              1       5.4900404       1.4828402       1.2177193        3.400864         3.400864       4.1783529       4.1783529
              1       4.6054773      0.81483016      0.90267943        3.400864         3.400864       2.4092265       2.4092265
              1        5.509507      0.38393685      0.61962638        3.400864         3.400864       4.2172861       4.2172861
              1        4.713829      0.71367642      0.84479371        3.400864         3.400864         2.62593         2.62593
              1        4.652795      0.76322188      0.87362571        3.400864         3.400864       2.5038621       2.5038621
              5       4.6551946      0.76100923      0.87235843        3.400864         3.400864       2.5086612       2.5086612
              1       4.5600574      0.94863577      0.97397935        3.400864         3.400864       2.3183867       2.3183867
              1       4.5881377      0.84046904      0.91677098        3.400864         3.400864       2.3745474       2.3745474
              1       4.6211717       1.0768676       1.0377223        3.400864         3.400864       2.4406153       2.4406153
              1       4.9489272       1.2898192       1.1357021        3.400864         3.400864       3.0961263       3.0961263
              1       5.1355766      0.50616494      0.71145269        3.400864         3.400864       3.4694253       3.4694253
              2       4.7768093      0.67212127      0.81983003        3.400864         3.400864       2.7518906       2.7518906
              2       4.6778739       1.1311321       1.0635469        3.400864         3.400864       2.5540198       2.5540198
              1       4.6551139      0.76108322      0.87240084        3.400864         3.400864       2.5084997       2.5084997
              1       4.9398813       1.2856876       1.1338816        3.400864         3.400864       3.0780346       3.0780346
              7       4.9406055      0.58644522      0.76579711        3.400864         3.400864        3.079483        3.079483
              2       5.2801928       1.4172689        1.190491        3.400864         3.400864       3.7586576       3.7586576
              2       6.1555412      0.22035693      0.46942191        3.400864         3.400864       5.5093545       5.5093545
              3       6.2811796      0.19271286      0.43899073        3.400864         3.400864       5.7606313       5.7606313
              2       4.6160707       1.0709183       1.0348518        3.400864         3.400864       2.4304134       2.4304134
              1       4.7740386      0.67381097      0.82085989        3.400864         3.400864       2.7463493       2.7463493
              1       4.7924123      0.66280061      0.81412567        3.400864         3.400864       2.7830966       2.7830966
              1       5.4403145       1.4680337       1.2116244        3.400864         3.400864       4.0789011       4.0789011
              1        5.697225       1.5406403       1.2412253        3.400864         3.400864       4.5927221       4.5927221
              3       4.8558262       1.2446608       1.1156437        3.400864         3.400864       2.9099245       2.9099245
              1       4.9613547       1.2954179       1.1381643        3.400864         3.400864       3.1209814       3.1209814
              3       4.5595816      0.93726308      0.96812349        3.400864         3.400864       2.3174352       2.3174352
              2       4.5604305      0.95277529      0.97610209        3.400864         3.400864        2.319133        2.319133
              3       4.9550525       1.2925897       1.1369212        3.400864         3.400864        3.108377        3.108377
              2       5.1233152       1.3616983       1.1669183        3.400864         3.400864       3.4449024       3.4449024
              7       4.5799437          1.0171       1.0085137        3.400864         3.400864       2.3581594       2.3581594
              2       4.5770553       1.0111461       1.0055576        3.400864         3.400864       2.3523826       2.3523826
              1       4.9613808      0.57703578      0.75962871        3.400864         3.400864       3.1210336       3.1210336
              2       4.7976388       0.6597487      0.81224916        3.400864         3.400864       2.7935497       2.7935497
              1       4.6131683      0.80505247      0.89724716        3.400864         3.400864       2.4246087       2.4246087
              1       4.7262349       1.1675657       1.0805395        3.400864         3.400864       2.6507418       2.6507418
              2       4.5919488      0.83427951      0.91338903        3.400864         3.400864       2.3821695       2.3821695
              3        4.916501       1.2747753       1.1290595        3.400864         3.400864       3.0312741       3.0312741
              1       4.6160382       1.0708795       1.0348331        3.400864         3.400864       2.4303483       2.4303483
              1       4.5899504      0.83747655      0.91513745        3.400864         3.400864       2.3781729       2.3781729
              4       4.6389907         1.09592        1.046862        3.400864         3.400864       2.4762533       2.4762533
              2       4.6045318      0.81608707      0.90337538        3.400864         3.400864       2.4073355       2.4073355
              1       4.7719329       1.1973628       1.0942408        3.400864         3.400864       2.7421377       2.7421377
              1       4.5696114      0.99299296      0.99649032        3.400864         3.400864       2.3374949       2.3374949
              4       5.4210558      0.41027811      0.64052956        3.400864         3.400864       4.0403837       4.0403837
              1       4.5626232      0.90496355      0.95129572        3.400864         3.400864       2.3235185       2.3235185
              4       4.5622796       0.9067806      0.95225028        3.400864         3.400864       2.3228313       2.3228313
              3       4.6978216       1.1469248       1.0709458        3.400864         3.400864       2.5939152       2.5939152
              1       4.5774864       1.0120645       1.0060142        3.400864         3.400864       2.3532448       2.3532448
              1       4.8201904       1.2255161       1.1070303        3.400864         3.400864       2.8386527       2.8386527
              2       4.6185149       1.0738011       1.0362437        3.400864         3.400864       2.4353017       2.4353017
              3       4.7744593       1.1989117       1.0949482        3.400864         3.400864       2.7471907       2.7471907
              1       4.7795849       1.2020261       1.0963695        3.400864         3.400864       2.7574419       2.7574419
              3       4.6419502      0.77359697      0.87954361        3.400864         3.400864       2.4821725       2.4821725
              1       4.6426653      0.77289254      0.87914307        3.400864         3.400864       2.4836027       2.4836027
              1       5.0729432      0.53022024      0.72816224        3.400864         3.400864       3.3441584       3.3441584
              2       4.7341942      0.69944004      0.83632532        3.400864         3.400864       2.6666605       2.6666605
              6       4.7054051      0.71983879      0.84843314        3.400864         3.400864       2.6090823       2.6090823
              1         4.93255       1.2823029       1.1323881        3.400864         3.400864       3.0633721       3.0633721
              4       5.9331838        1.600369       1.2650569        3.400864         3.400864       5.0646396       5.0646396
              2       4.7392001       1.1763955       1.0846177        3.400864         3.400864       2.6766721       2.6766721
              1       4.6979084       1.1469909       1.0709766        3.400864         3.400864       2.5940888       2.5940888
              1       4.8326688      0.64010463      0.80006539        3.400864         3.400864       2.8636096       2.8636096
              4       4.5599292      0.94684799      0.97306114        3.400864         3.400864       2.3181304       2.3181304
              3       5.2350761      0.47049837      0.68592884        3.400864         3.400864       3.6684243       3.6684243
              1       5.2746329      0.45705581      0.67605902        3.400864         3.400864       3.7475378       3.7475378
              9       4.6631893       1.1186346       1.0576552        3.400864         3.400864       2.5246507       2.5246507
              4       4.5904197      0.83671653      0.91472211        3.400864         3.400864       2.3791115       2.3791115
              2       4.6446781       1.1015394       1.0495425        3.400864         3.400864       2.4876282       2.4876282
              3        4.573088       1.0020969       1.0010479        3.400864         3.400864        2.344448        2.344448
              1       4.5805212      0.85422674      0.92424387        3.400864         3.400864       2.3593145       2.3593145
              3       4.5605067      0.91896691      0.95862762        3.400864         3.400864       2.3192853       2.3192853
              1       5.4748454      0.39410676      0.62777923        3.400864         3.400864       4.1479628       4.1479628
              1       6.5713285       1.7399684       1.3190786        3.400864         3.400864       6.3409291       6.3409291
              1       4.7993666      0.65874721      0.81163243        3.400864         3.400864       2.7970052       2.7970052
              1       4.7516226      0.68790393      0.82939974        3.400864         3.400864       2.7015173       2.7015173
              3       5.5526832       1.5009405       1.2251288        3.400864         3.400864       4.3036383       4.3036383
              1       4.6713285       1.1256634       1.0609728        3.400864         3.400864        2.540929        2.540929
              3       4.6631723       1.1186195       1.0576481        3.400864         3.400864       2.5246166       2.5246166
              2       5.3332801       1.4346729       1.1977783        3.400864         3.400864       3.8648321       3.8648321
              1       6.4550449       1.7163938       1.3101121        3.400864         3.400864       6.1083618       6.1083618
              1       4.5974601        1.046524       1.0229976        3.400864         3.400864       2.3931921       2.3931921
              1       4.8438506       1.2383625       1.1128174        3.400864         3.400864       2.8859732       2.8859732
              3       4.5953983       1.0434807        1.021509        3.400864         3.400864       2.3890686       2.3890686
              1       4.5611222      0.91396673      0.95601607        3.400864         3.400864       2.3205165       2.3205165
              2        4.638623      0.77691549       0.8814281        3.400864         3.400864        2.475518        2.475518
              1       4.9611783       0.5771263      0.75968829        3.400864         3.400864       3.1206287       3.1206287
              1       4.5736931       1.0035556       1.0017762        3.400864         3.400864       2.3456581       2.3456581
              1       4.8244414      0.64459947      0.80286952        3.400864         3.400864       2.8471548       2.8471548
              5       4.5743615       1.0051314       1.0025624        3.400864         3.400864       2.3469951       2.3469951
              1       4.5738091      0.86863349      0.93200509        3.400864         3.400864       2.3458903       2.3458903
              3       4.5623845      0.96625118      0.98298076        3.400864         3.400864       2.3230411       2.3230411
              1          5.4739      0.39438682      0.62800224        3.400864         3.400864        4.146072        4.146072
              2       5.6476558       0.3451392      0.58748548        3.400864         3.400864       4.4935837       4.4935837
              4       4.8050988       1.2170152       1.1031841        3.400864         3.400864       2.8084696       2.8084696
              4       4.9400056       1.2857447       1.1339068        3.400864         3.400864       3.0782833       3.0782833
              7       4.7041158      0.72079753      0.84899796        3.400864         3.400864       2.6065036       2.6065036
              3       4.7168361       0.7115175      0.84351497        3.400864         3.400864       2.6319443       2.6319443
              1       4.5649816      0.89457879      0.94582176        3.400864         3.400864       2.3282352       2.3282352
              3       4.7969647      0.66014047      0.81249029        3.400864         3.400864       2.7922014       2.7922014
              4       5.1587979      0.49758154       0.7053946        3.400864         3.400864       3.5158678       3.5158678
              3       5.4135576      0.41257204      0.64231771        3.400864         3.400864       4.0253873       4.0253873
              1       4.6618924      0.75497598      0.86889354        3.400864         3.400864       2.5220568       2.5220568
              1       4.8796055       1.2568004       1.1210711        3.400864         3.400864       2.9574831       2.9574831
              1       4.5625814       0.9672864      0.98350719        3.400864         3.400864       2.3234349       2.3234349
              2       4.5999095      0.82243149      0.90688008        3.400864         3.400864        2.398091        2.398091
              1       4.5596402      0.93177225      0.96528351        3.400864         3.400864       2.3175525       2.3175525
              3       5.1866245      0.48751205      0.69822063        3.400864         3.400864       3.5715211       3.5715211
              6       4.5607992       0.9560329      0.97776935        3.400864         3.400864       2.3198704       2.3198704
              1       4.6294645       1.0860362       1.0421306        3.400864         3.400864       2.4572011       2.4572011
              2       6.5381327       1.7333096       1.3165522        3.400864         3.400864       6.2745374       6.2745374
              2        7.086081     0.035520285      0.18846826        3.400864         3.400864       7.3704341       7.3704341
              1       5.8099435      0.30258961      0.55008146        3.400864         3.400864       4.8181589       4.8181589
              1       6.9509738     0.059934398      0.24481503        3.400864         3.400864       7.1002197       7.1002197
              1        5.635938      0.34833065      0.59019543        3.400864         3.400864       4.4701479       4.4701479
              1       5.0559592      0.53699293      0.73279802        3.400864         3.400864       3.3101903       3.3101903
              3       5.5561954      0.37052714      0.60870941        3.400864         3.400864       4.3106629       4.3106629
              2       5.2088411       1.3928333       1.1801836        3.400864         3.400864       3.6159542       3.6159542
              5       4.6172853      0.80010679      0.89448689        3.400864         3.400864       2.4328427       2.4328427
              3       5.0692049      0.53170121      0.72917845        3.400864         3.400864       3.3366819       3.3366819
              3       4.7494796      0.68929338      0.83023694        3.400864         3.400864       2.6972312       2.6972312
              2        4.709481      0.71683551      0.84666139        3.400864         3.400864        2.617234        2.617234
              2          4.8674       1.2506279       1.1183148        3.400864         3.400864       2.9330721       2.9330721
              1       5.1426751       1.3689423       1.1700181        3.400864         3.400864       3.4836222       3.4836222
              2       4.6235116       1.0795141       1.0389967        3.400864         3.400864       2.4452953       2.4452953
              1       4.6058343      0.81435886      0.90241834        3.400864         3.400864       2.4099406       2.4099406
              1       4.6666504       1.1216561       1.0590827        3.400864         3.400864       2.5315729       2.5315729
              1       4.6016048       1.0524011        1.025866        3.400864         3.400864       2.4014816       2.4014816
              3       5.8664688         1.58404       1.2585865        3.400864         3.400864       4.9312095       4.9312095
              3       4.5680627      0.88403659       0.9402322        3.400864         3.400864       2.3343975       2.3343975
              4       5.6910136      0.33347727      0.57747491        3.400864         3.400864       4.5802992       4.5802992
              5       4.6502866       1.1068998        1.052093        3.400864         3.400864       2.4988452       2.4988452
              1       4.6992024       1.1479744       1.0714357        3.400864         3.400864       2.5966769       2.5966769
              4        4.614282       1.0687689       1.0338128        3.400864         3.400864        2.426836        2.426836
              1       4.7946495      0.66149009      0.81332041        3.400864         3.400864        2.787571        2.787571
              2       5.2508052      0.46510722       0.6819877        3.400864         3.400864       3.6998824       3.6998824
              9       4.5820897        1.021254       1.0105711        3.400864         3.400864       2.3624514       2.3624514
              2       4.6470737      0.76861537      0.87670712        3.400864         3.400864       2.4924194       2.4924194
              1        4.580211      0.85483638      0.92457362        3.400864         3.400864       2.3586941       2.3586941
              1       4.5701476      0.99448992      0.99724115        3.400864         3.400864       2.3385672       2.3385672
              3       4.6477427      0.76797575      0.87634225        3.400864         3.400864       2.4937575       2.4937575
              1       5.2995841      0.44876725      0.66990093        3.400864         3.400864       3.7974402       3.7974402
              3       4.6379881      0.77755655      0.88179167        3.400864         3.400864       2.4742483       2.4742483
              1       4.5617192      0.96245199      0.98104637        3.400864         3.400864       2.3217103       2.3217103
              5       4.7509029       1.1840956       1.0881616        3.400864         3.400864       2.7000777       2.7000777
              1       5.0334762      0.54613924      0.73901234        3.400864         3.400864       3.2652244       3.2652244
              7       4.7195749      0.70956914      0.84235927        3.400864         3.400864       2.6374218       2.6374218
              3       4.9891359       1.3076285       1.1435158        3.400864         3.400864       3.1765439       3.1765439
              1       4.6902016      0.73142954      0.85523654        3.400864         3.400864       2.5786752       2.5786752
              2       4.9812223      0.56827385      0.75383941        3.400864         3.400864       3.1607166       3.1607166
              1       4.9971117       1.3110605       1.1450155        3.400864         3.400864       3.1924954       3.1924954
              2       4.7703138      0.67609988      0.82225293        3.400864         3.400864       2.7388996       2.7388996
              2       4.5905536      0.83650071      0.91460413        3.400864         3.400864       2.3793793       2.3793793
              1       4.5785562       0.8581687      0.92637395        3.400864         3.400864       2.3553845       2.3553845
              1       4.6744088      0.74420897      0.86267547        3.400864         3.400864       2.5470896       2.5470896
              4       4.5925265       1.0390917       1.0193585        3.400864         3.400864       2.3833251       2.3833251
              1        5.256726       1.4093716       1.1871696        3.400864         3.400864        3.711724        3.711724
              3       4.6923721       1.1427303       1.0689857        3.400864         3.400864       2.5830161       2.5830161
              4       4.5672955      0.88645265      0.94151614        3.400864         3.400864       2.3328629       2.3328629
              3       4.5992879       1.0491535       1.0242819        3.400864         3.400864       2.3968478       2.3968478
              1       5.0042935      0.55834109      0.74722225        3.400864         3.400864       3.2068589       3.2068589
              1       6.5110152       1.7278285       1.3144689        3.400864         3.400864       6.2203024       6.2203024
              1       5.8468306       1.5791544       1.2566441        3.400864         3.400864       4.8919331       4.8919331
              1       4.5596254      0.94012369      0.96959976        3.400864         3.400864       2.3175229       2.3175229
              1       4.6720689       1.1262899       1.0612681        3.400864         3.400864       2.5424098       2.5424098
              3       4.5633526      0.97104609      0.98541671        3.400864         3.400864       2.3249773       2.3249773
              1       5.3577311       1.4424876       1.2010361        3.400864         3.400864       3.9137341       3.9137341
              3       6.6838397       1.7621379       1.3274554        3.400864         3.400864       6.5659514       6.5659514
              2       6.2425986       1.6713742       1.2928164        3.400864         3.400864       5.6834693       5.6834693
              1        7.659886       1.9339986       1.3906828        3.400864         3.400864        8.518044        8.518044
              2       4.9610859      0.57716761      0.75971548        3.400864         3.400864       3.1204439       3.1204439
              2       4.6240511      0.79234798       0.8901393        3.400864         3.400864       2.4463742       2.4463742
              1       4.8269331       1.2292345       1.1087085        3.400864         3.400864       2.8521382       2.8521382
              2       4.6208246       1.0764708       1.0375311        3.400864         3.400864       2.4399212       2.4399212
              4       5.9529288       1.6051254       1.2669354        3.400864         3.400864       5.1041296       5.1041296
              1       6.0681475       1.6322321       1.2775884        3.400864         3.400864        5.334567        5.334567
              1       4.7454143      0.69195087      0.83183584        3.400864         3.400864       2.6891005       2.6891005
              2       4.7298821       1.1700832       1.0817039        3.400864         3.400864       2.6580361       2.6580361
              1       4.6829851       1.1352981       1.0655037        3.400864         3.400864       2.5642423       2.5642423
              3       4.7123681       1.1577326       1.0759798        3.400864         3.400864       2.6230083       2.6230083
              4       5.0409247       1.3293798       1.1529874        3.400864         3.400864       3.2801215       3.2801215
              2       4.9480645       1.2894273       1.1355295        3.400864         3.400864       3.0944011       3.0944011
              1       4.8219513       1.2264918       1.1074709        3.400864         3.400864       2.8421747       2.8421747
             10       5.0813509       1.3455564       1.1599812        3.400864         3.400864       3.3609737       3.3609737
              2       4.5668994       0.9847186      0.99232989        3.400864         3.400864       2.3320709       2.3320709
              1       5.0053356      0.55789859       0.7469261        3.400864         3.400864       3.2089431       3.2089431
              1       4.9409946      0.58626664      0.76568051        3.400864         3.400864       3.0802613       3.0802613
              2       4.7389989       1.1762609       1.0845556        3.400864         3.400864       2.6762697       2.6762697
              2       4.5883576      0.84010094       0.9165702        3.400864         3.400864       2.3749873       2.3749873
              8       5.6092401       1.5167978       1.2315835        3.400864         3.400864       4.4167522       4.4167522
              2       6.4571274       1.7168223       1.3102757        3.400864         3.400864       6.1125268       6.1125268
              6       4.6347222        1.091569       1.0447818        3.400864         3.400864       2.4677164       2.4677164
              1       6.0445032      0.24570912      0.49569055        3.400864         3.400864       5.2872784       5.2872784
              9       6.4016351      0.16714162      0.40882958        3.400864         3.400864       6.0015422       6.0015422
              1       4.6857815       1.1375409       1.0665556        3.400864         3.400864       2.5698351       2.5698351
              1       6.6366463      0.11955326      0.34576475        3.400864         3.400864       6.4715647       6.4715647
              2       4.9326005       1.2823263       1.1323985        3.400864         3.400864        3.063473        3.063473
              1       7.1803949       1.8536027       1.3614708        3.400864         3.400864       7.5590617       7.5590617
              1       5.0471406       1.3319102       1.1540841        3.400864         3.400864       3.2925533       3.2925533
              1       5.3037736        1.425076       1.1937655        3.400864         3.400864       3.8058192       3.8058192
              2        4.962114      0.57670818      0.75941305        3.400864         3.400864       3.1225001       3.1225001
              1       4.5954344      0.82893069      0.91045631        3.400864         3.400864       2.3891408       2.3891408
              1       5.0081791       1.3157716       1.1470709        3.400864         3.400864       3.2146302       3.2146302
              2       5.5286205       1.4940572       1.2223163        3.400864         3.400864        4.255513        4.255513
              8        4.888967      0.61101018       0.7816714        3.400864         3.400864       2.9762059       2.9762059
              2        4.569846      0.87881262      0.93745006        3.400864         3.400864       2.3379641       2.3379641
              3        5.420954       1.4621562       1.2091965        3.400864         3.400864         4.04018         4.04018
              1       5.1725087       1.3798739       1.1746803        3.400864         3.400864       3.5432895       3.5432895
              3       4.6500597       1.1066862       1.0519916        3.400864         3.400864       2.4983915       2.4983915
              2       4.8011097       1.2147249       1.1021456        3.400864         3.400864       2.8004914       2.8004914
              2       5.0922154       1.3497959       1.1618072        3.400864         3.400864       3.3827027       3.3827027
              1       5.0688957       1.3406414       1.1578607        3.400864         3.400864       3.3360635       3.3360635
              5        4.574101       0.8679438      0.93163501        3.400864         3.400864        2.346474        2.346474
              5       4.6239293      0.79248393      0.89021566        3.400864         3.400864       2.4461307       2.4461307
              1       4.8024771       1.2155121       1.1025027        3.400864         3.400864       2.8032262       2.8032262
              4       5.1203053      0.51190438      0.71547493        3.400864         3.400864       3.4388826       3.4388826
              2       4.5969806       1.0458239       1.0226553        3.400864         3.400864       2.3922333       2.3922333
              1        7.740965       1.9469611       1.3953355        3.400864         3.400864        8.680202        8.680202
              3       4.5730653       1.0020416       1.0010203        3.400864         3.400864       2.3444027       2.3444027
              3        4.727893      0.70375176      0.83889914        3.400864         3.400864        2.654058        2.654058
              1       4.7533856       1.1856987       1.0888979        3.400864         3.400864       2.7050432       2.7050432
              1       7.3425948       1.8815642       1.3717012        3.400864         3.400864       7.8834616       7.8834616
              2       6.4154359       1.7081994        1.306981        3.400864         3.400864       6.0291438       6.0291438
              1       4.6315858       1.0882928       1.0432127        3.400864         3.400864       2.4614437       2.4614437
              2       4.8149692       0.6498617         0.80614        3.400864         3.400864       2.8282105       2.8282105
              2       4.7000183      0.72387319      0.85080738        3.400864         3.400864       2.5983086       2.5983086
              2       5.5546851       1.5015094       1.2253609        3.400864         3.400864       4.3076421       4.3076421
              1       5.2488841      0.46576235      0.68246784        3.400864         3.400864       3.6960403       3.6960403
              3       5.1760081       1.3811385       1.1752185        3.400864         3.400864       3.5502882       3.5502882
              8        4.614309       1.0688016       1.0338286        3.400864         3.400864         2.42689         2.42689
              1       5.1464763       1.3703505       1.1706197        3.400864         3.400864       3.4912247       3.4912247
              5       6.0549476      0.24328493      0.49323923        3.400864         3.400864       5.3081673       5.3081673
              1       5.1600336      0.49712947      0.70507409        3.400864         3.400864       3.5183393       3.5183393
              6       4.6232249       1.0791925       1.0388419        3.400864         3.400864       2.4447219       2.4447219
              1       4.9258464      0.59328665      0.77025103        3.400864         3.400864       3.0499647       3.0499647
              2       6.3927176      0.16900548      0.41110276        3.400864         3.400864       5.9837073       5.9837073
              2       4.5894657      0.83826786      0.91556969        3.400864         3.400864       2.3772033       2.3772033
              3       4.8053373       1.2171516       1.1032459        3.400864         3.400864       2.8089466       2.8089466
              5       4.7740127      0.67382684      0.82086956        3.400864         3.400864       2.7462974       2.7462974
              2       4.5596115      0.93949856      0.96927734        3.400864         3.400864        2.317495        2.317495
              1       5.8130757       1.5706689       1.2532633        3.400864         3.400864       4.8244234       4.8244234
              1       6.0437359       1.6265778       1.2753736        3.400864         3.400864       5.2857439       5.2857439
              1        5.022917       1.3219557       1.1497633        3.400864         3.400864       3.2441061       3.2441061
              1       4.9147429      0.59852486      0.77364389        3.400864         3.400864       3.0277579       3.0277579
              1       5.2807345      0.45501571      0.67454852        3.400864         3.400864       3.7597411       3.7597411
              1       5.5527679       1.5009646       1.2251386        3.400864         3.400864       4.3038079       4.3038079
              1       6.5679663       1.7392965       1.3188239        3.400864         3.400864       6.3342047       6.3342047
              1       7.3999867       1.8912619       1.3752316        3.400864         3.400864       7.9982454       7.9982454
              2       5.3863621       1.4514877        1.204777        3.400864         3.400864       3.9709962       3.9709962
              3       5.0077176      0.55688908      0.74625001        3.400864         3.400864       3.2137072       3.2137072
              2        5.515265      0.38226551      0.61827624        3.400864         3.400864        4.228802        4.228802
              2       4.6247484       1.0808934       1.0396602        3.400864         3.400864       2.4477689       2.4477689
              3       4.6351832      0.78042052      0.88341413        3.400864         3.400864       2.4686385       2.4686385
              1       4.9288987       1.2806047       1.1316381        3.400864         3.400864       3.0560694       3.0560694
              3       4.5678552       0.9877865      0.99387449        3.400864         3.400864       2.3339824       2.3339824
              4       4.5679833      0.88428161      0.94036249        3.400864         3.400864       2.3342385       2.3342385
              5       5.1000441       1.3528242       1.1631097        3.400864         3.400864       3.3983603       3.3983603
              1       5.3447116      0.43412374      0.65888067        3.400864         3.400864       3.8876952       3.8876952
              1       5.6741876      0.33797596        0.581357        3.400864         3.400864       4.5466472       4.5466472
              8       5.5712943        0.366258      0.60519253        3.400864         3.400864       4.3408606       4.3408606
              3       5.1481518       1.3709697       1.1708841        3.400864         3.400864       3.4945755       3.4945755
              1       4.9625854       1.2959676       1.1384057        3.400864         3.400864       3.1234428       3.1234428
              2        6.617714       1.7491816       1.3225663        3.400864         3.400864          6.4337          6.4337
              1       4.5678009      0.88484833      0.94066377        3.400864         3.400864       2.3338738       2.3338738
              2       5.6329883       1.5233286        1.234232        3.400864         3.400864       4.4642486       4.4642486
              1       5.4083507      0.41417093      0.64356113        3.400864         3.400864       4.0149734       4.0149734
              1       4.5910467      0.83571002      0.91417177        3.400864         3.400864       2.3803655       2.3803655
              1       4.5634424      0.97145764      0.98562551        3.400864         3.400864       2.3251568       2.3251568
              2       4.8625132       1.2481223       1.1171939        3.400864         3.400864       2.9232984       2.9232984
              6       4.5694786      0.99261603      0.99630118        3.400864         3.400864       2.3372292       2.3372292
              2       5.8949884       1.5910702       1.2613763        3.400864         3.400864       4.9882488       4.9882488
              3       4.5796992       1.0166131       1.0082723        3.400864         3.400864       2.3576704       2.3576704
              2       4.5631567      0.90233485      0.94991308        3.400864         3.400864       2.3245854       2.3245854
              1       4.6867625       1.1383217       1.0669216        3.400864         3.400864       2.5717969       2.5717969
              1       4.5947201      0.83000491      0.91104605        3.400864         3.400864       2.3877121       2.3877121
              2       4.5976745       1.0468358       1.0231499        3.400864         3.400864       2.3936211       2.3936211
              3        4.586961      0.84246254      0.91785758        3.400864         3.400864        2.372194        2.372194
              3        5.399708       0.4168357      0.64562814        3.400864         3.400864        3.997688        3.997688
              1       5.1997557      0.48283799      0.69486545        3.400864         3.400864       3.5977834       3.5977834
              3       4.7248027      0.70589583      0.84017607        3.400864         3.400864       2.6478775       2.6478775
              5       4.5999469       1.0500866       1.0247373        3.400864         3.400864       2.3981657       2.3981657
              2       5.0531389      0.53812871      0.73357257        3.400864         3.400864       3.3045499       3.3045499
              1       5.4095177      0.41381214      0.64328232        3.400864         3.400864       4.0173075       4.0173075
              2       4.6655351      0.75177758      0.86705108        3.400864         3.400864       2.5293422       2.5293422
              2       4.8524228      0.62958137      0.79346164        3.400864         3.400864       2.9031177       2.9031177
              2       6.2185865      0.20635426      0.45426233        3.400864         3.400864       5.6354451       5.6354451
              2       4.5601079      0.94927305      0.97430645        3.400864         3.400864       2.3184877       2.3184877
              2       4.6161602      0.80144043      0.89523205        3.400864         3.400864       2.4305923       2.4305923
              1       4.5597317      0.94325062       0.9712109        3.400864         3.400864       2.3177353       2.3177353
              3       4.6751774      0.74356742      0.86230355        3.400864         3.400864       2.5486267       2.5486267
              1       4.5728975       1.0016308       1.0008151        3.400864         3.400864        2.344067        2.344067
              4       4.5612456      0.95937115      0.97947493        3.400864         3.400864       2.3207632       2.3207632
              3       6.1736394        1.656156       1.2869172        3.400864         3.400864       5.5455509       5.5455509
              1       6.2290554       1.6684104       1.2916696        3.400864         3.400864       5.6563828       5.6563828
              1       5.1428654       1.3690129       1.1700483        3.400864         3.400864       3.4840028       3.4840028
              5       6.2321507      0.20337657      0.45097292        3.400864         3.400864       5.6625734       5.6625734
              1       5.2635685      0.46077754      0.67880596        3.400864         3.400864       3.7254089       3.7254089
              3          4.6431      0.77246589      0.87890038        3.400864         3.400864       2.4844719       2.4844719
              4       5.6320257      0.34940004       0.5911007        3.400864         3.400864       4.4623235       4.4623235
              3       4.5792563      0.85674189      0.92560353        3.400864         3.400864       2.3567846       2.3567846
              2       4.6763639       1.1298842       1.0629601        3.400864         3.400864       2.5509999       2.5509999
              1       5.7305352        1.549425        1.244759        3.400864         3.400864       4.6593424       4.6593424
              4       4.9809776       1.3040847       1.1419653        3.400864         3.400864       3.1602272       3.1602272
              4       4.8108907       1.2203078       1.1046754        3.400864         3.400864       2.8200534       2.8200534
              1       4.7463791       1.1811478       1.0868063        3.400864         3.400864       2.6910302       2.6910302
              2       4.6568184       1.1129377       1.0549586        3.400864         3.400864       2.5119088       2.5119088
              1       4.6890422       1.1401249       1.0677663        3.400864         3.400864       2.5763565       2.5763565
              2       4.7198381      0.70938281      0.84224866        3.400864         3.400864       2.6379482       2.6379482
              2       5.6801671      0.33637339      0.57997706        3.400864         3.400864       4.5586061       4.5586061
              3       4.5714913      0.99808222      0.99904065        3.400864         3.400864       2.3412546       2.3412546
              1       4.8160877      0.64923531       0.8057514        3.400864         3.400864       2.8304474       2.8304474
              1       4.7572956       1.1882025        1.090047        3.400864         3.400864       2.7128632       2.7128632
              1        4.662662       1.1181698       1.0574355        3.400864         3.400864        2.523596        2.523596
              1        4.573566       1.0032519       1.0016246        3.400864         3.400864        2.345404        2.345404
              1       4.5836644       1.0241774       1.0120165        3.400864         3.400864       2.3656008       2.3656008
              1       4.8632951      0.62394082      0.78989925        3.400864         3.400864       2.9248622       2.9248622
              5       4.7997759      0.65851049      0.81148659        3.400864         3.400864       2.7978238       2.7978238
              2       5.9186595      0.27561688      0.52499227        3.400864         3.400864        5.035591        5.035591
              2       4.7459689      0.69158659      0.83161686        3.400864         3.400864       2.6902098       2.6902098
              3        4.758215      0.68367766      0.82684803        3.400864         3.400864        2.714702        2.714702
              1        4.578085       1.0133215       1.0066387        3.400864         3.400864       2.3544421       2.3544421
              5       5.0076724       1.3155572       1.1469774        3.400864         3.400864       3.2136169       3.2136169
              1       5.3439886      0.43435499      0.65905613        3.400864         3.400864       3.8862492       3.8862492
              2       5.0805755       1.3452521         1.15985        3.400864         3.400864        3.359423        3.359423
              1       4.5806233       0.8540271      0.92413587        3.400864         3.400864       2.3595187       2.3595187
              2       4.5621292      0.90761221      0.95268684        3.400864         3.400864       2.3225305       2.3225305
              1       6.5237862       1.7304146       1.3154522        3.400864         3.400864       6.2458443       6.2458443
              2       8.1403454       2.0085277       1.4172254        3.400864         3.400864       9.4789629       9.4789629
              1       5.8238905       1.5733999       1.2543524        3.400864         3.400864       4.8460529       4.8460529
              4       5.0231246      0.55042327      0.74190517        3.400864         3.400864       3.2445212       3.2445212
              1       4.5937088      0.83154453      0.91189063        3.400864         3.400864       2.3856896       2.3856896
              2       4.5931899        1.040122       1.0198637        3.400864         3.400864       2.3846518       2.3846518
              3       4.5709972      0.99678618      0.99839179        3.400864         3.400864       2.3402665       2.3402665
              1       4.7055386      0.71973982      0.84837481        3.400864         3.400864       2.6093491       2.6093491
              1       4.8000364       1.2141055       1.1018645        3.400864         3.400864       2.7983449       2.7983449
              1       4.7903874       1.2084732       1.0993058        3.400864         3.400864       2.7790468       2.7790468
              1       4.5613413        0.960026      0.97980916        3.400864         3.400864       2.3209546       2.3209546
              1       4.6220331      0.79461775      0.89141334        3.400864         3.400864       2.4423381       2.4423381
              1         6.20888       1.6639728       1.2899507        3.400864         3.400864       5.6160319       5.6160319
              1       4.8355424       1.2339147       1.1108171        3.400864         3.400864       2.8693568       2.8693568
              2       4.8549808      0.62824498      0.79261906        3.400864         3.400864       2.9082337       2.9082337
              3       4.5824663       1.0219621       1.0109214        3.400864         3.400864       2.3632045       2.3632045
              1       6.8231619     0.083673529      0.28926377        3.400864         3.400864       6.8445958       6.8445958
              2       4.9452184      0.58433423      0.76441758        3.400864         3.400864       3.0887088       3.0887088
              1       4.6468481       1.1036338       1.0505397        3.400864         3.400864       2.4919682       2.4919682
              2       4.5912455      0.83539307       0.9139984        3.400864         3.400864        2.380763        2.380763
              8       4.5725488       1.0007691       1.0003845        3.400864         3.400864       2.3433696       2.3433696
              1       4.6374678       1.0943814       1.0461269        3.400864         3.400864       2.4732076       2.4732076
              1       5.1208837      0.51168558      0.71532201        3.400864         3.400864       3.4400395       3.4400395
              2       4.6441565      0.77143331      0.87831276        3.400864         3.400864       2.4865851       2.4865851
              2       5.0190734      0.55211287      0.74304298        3.400864         3.400864       3.2364189       3.2364189
              8       4.5897386      0.83782161      0.91532596        3.400864         3.400864       2.3777492       2.3777492
              2       4.6260389       0.7901467      0.88890196        3.400864         3.400864       2.4503499       2.4503499
              1       4.5682694      0.98906055      0.99451523        3.400864         3.400864       2.3348107       2.3348107
              2       5.1372501      0.50554065      0.71101382        3.400864         3.400864       3.4727722       3.4727722
              1       5.0183875      0.55239967      0.74323595        3.400864         3.400864        3.235047        3.235047
              4       4.8205194       1.2256986       1.1071128        3.400864         3.400864       2.8393108       2.8393108
              1       5.2724162      0.45779912      0.67660854        3.400864         3.400864       3.7431043       3.7431043
              3       5.2123451      0.47840159       0.6916658        3.400864         3.400864       3.6229622       3.6229622
              2       4.9072028       1.2703365       1.1270921        3.400864         3.400864       3.0126777       3.0126777
              2       4.8027395       1.2156629        1.102571        3.400864         3.400864       2.8037509       2.8037509
              1       4.5829784      0.84954938      0.92171003        3.400864         3.400864       2.3642289       2.3642289
              2       4.7126986       1.1579719        1.076091        3.400864         3.400864       2.6236691       2.6236691
              1       4.5752466      0.86530145      0.93021581        3.400864         3.400864       2.3487652       2.3487652
              1       4.5627385      0.90437738      0.95098758        3.400864         3.400864       2.3237489       2.3237489
              2       9.5119726       2.1972872       1.4823249        3.400864         3.400864       12.222217       12.222217
              3       4.6653676      0.75192346       0.8671352        3.400864         3.400864       2.5290071       2.5290071
              6       4.5761352       1.0091476       1.0045634        3.400864         3.400864       2.3505425       2.3505425
              2        4.642954       1.0998563       1.0487403        3.400864         3.400864         2.48418         2.48418
              2       4.9746078       1.3012939       1.1407427        3.400864         3.400864       3.1474876       3.1474876
              1       6.0936579       1.6380922       1.2798798        3.400864         3.400864       5.3855878       5.3855878
              3       5.1578406      0.49793205      0.70564301        3.400864         3.400864       3.5139533       3.5139533
              1       5.0553073      0.53725518      0.73297693        3.400864         3.400864       3.3088865       3.3088865
              1       6.0519295      0.24398457      0.49394794        3.400864         3.400864       5.3021311       5.3021311
              1       4.5636629      0.97244858      0.98612808        3.400864         3.400864       2.3255977       2.3255977
              5       4.5910614       1.0367787       1.0182233        3.400864         3.400864       2.3803947       2.3803947
              2       5.6064158       1.5160162       1.2312661        3.400864         3.400864       4.4111036       4.4111036
              1       4.5931524      0.83240125      0.91236026        3.400864         3.400864       2.3845769       2.3845769
              2       4.8171949      0.64861657      0.80536735        3.400864         3.400864       2.8326619       2.8326619
              4        7.158521     0.022698914      0.15066159        3.400864         3.400864        7.515314        7.515314
              3       4.5595883      0.93443673      0.96666267        3.400864         3.400864       2.3174487       2.3174487
              2       4.8449347        1.238938       1.1130759        3.400864         3.400864       2.8881415       2.8881415
              1       4.5883333       1.0323238       1.0160334        3.400864         3.400864       2.3749387       2.3749387
              1       4.7363475       1.1744809       1.0837347        3.400864         3.400864       2.6709671       2.6709671
              1        5.293288         1.42162       1.1923171        3.400864         3.400864        3.784848        3.784848
              6       5.1267863      0.50945919       0.7137641        3.400864         3.400864       3.4518446       3.4518446
              5       4.6121785       1.0661958       1.0325676        3.400864         3.400864       2.4226291       2.4226291
              1       4.6478709       1.1046119       1.0510052        3.400864         3.400864       2.4940139       2.4940139
              2        4.718658      0.71021955      0.84274525        3.400864         3.400864        2.635588        2.635588
              4       4.6289155       1.0854466       1.0418477        3.400864         3.400864        2.456103        2.456103
              5       4.7180659       1.1618248       1.0778798        3.400864         3.400864       2.6344039       2.6344039
              1       5.2483897      0.46593112      0.68259147        3.400864         3.400864       3.6950514       3.6950514
              2       5.0363582      0.54495487      0.73821058        3.400864         3.400864       3.2709884       3.2709884
              3       4.5597105      0.92971686      0.96421826        3.400864         3.400864        2.317693        2.317693
              1       4.6684049        1.123169       1.0597967        3.400864         3.400864       2.5350817       2.5350817
              4       4.5984036       1.0478891       1.0236646        3.400864         3.400864       2.3950793       2.3950793
              2       6.5546506       1.7366299       1.3178125        3.400864         3.400864       6.3075732       6.3075732
              5       4.8681234       1.2509971       1.1184798        3.400864         3.400864       2.9345189       2.9345189
              2       4.5600784      0.92356077      0.96102069        3.400864         3.400864       2.3184287       2.3184287
              1       5.4673771      0.39632307      0.62954196        3.400864         3.400864       4.1330262       4.1330262
              3       6.0903498       1.6373351       1.2795839        3.400864         3.400864       5.3789717       5.3789717
              5       4.5596266      0.94016945      0.96962335        3.400864         3.400864       2.3175251       2.3175251
              4       4.6364149      0.77915649      0.88269841        3.400864         3.400864       2.4711018       2.4711018
              1        4.693341       1.1434823       1.0693373        3.400864         3.400864        2.584954        2.584954
              2       4.6515965      0.76433771      0.87426409        3.400864         3.400864        2.501465        2.501465
              1       5.2611547      0.46159332       0.6794066        3.400864         3.400864       3.7205815       3.7205815
              1       5.6100731      0.35543721      0.59618555        3.400864         3.400864       4.4184183       4.4184183
              1       4.6746933       1.1284942       1.0623061        3.400864         3.400864       2.5476586       2.5476586
              1       4.5908411       1.0364263       1.0180502        3.400864         3.400864       2.3799541       2.3799541
              2       4.8140749      0.65036354       0.8064512        3.400864         3.400864       2.8264218       2.8264218
              3       4.6749008       1.1286673       1.0623875        3.400864         3.400864       2.5480735       2.5480735
              5       4.5672744      0.88652062      0.94155224        3.400864         3.400864       2.3328208       2.3328208
              7       4.7650578      0.67936435      0.82423561        3.400864         3.400864       2.7283877       2.7283877
              2       4.9116707      0.59998863      0.77458933        3.400864         3.400864       3.0216135       3.0216135
              4       4.6080037      0.81153367      0.90085164        3.400864         3.400864       2.4142794       2.4142794
              3       4.9658114      0.57506083      0.75832765        3.400864         3.400864       3.1298947       3.1298947
              2        4.753501      0.68669241      0.82866906        3.400864         3.400864       2.7052741       2.7052741
              4        4.644414      0.77118267      0.87817007        3.400864         3.400864          2.4871          2.4871
              8         4.77231      0.67487073      0.82150516        3.400864         3.400864        2.742892        2.742892
              1       4.9038267       1.2687101       1.1263703        3.400864         3.400864       3.0059254       3.0059254
              1       5.0496797       1.3329391       1.1545298        3.400864         3.400864       3.2976313       3.2976313
              3       4.6110408      0.80768282      0.89871175        3.400864         3.400864       2.4203536       2.4203536
              7       4.5628781      0.96878408       0.9842683        3.400864         3.400864       2.3240282       2.3240282
              1        5.114498       1.3583579       1.1654861        3.400864         3.400864       3.4272681       3.4272681
              1       4.9154095       1.2742572         1.12883        3.400864         3.400864        3.029091        3.029091
              1       4.7191158       1.1625708       1.0782258        3.400864         3.400864       2.6365036       2.6365036
              3       4.5737288      0.86882458       0.9321076        3.400864         3.400864       2.3457296       2.3457296
              3       4.5812691         1.01969        1.009797        3.400864         3.400864       2.3608103       2.3608103
              1        7.011496       1.8235505        1.350389        3.400864         3.400864        7.221264        7.221264
              2       4.5622342      0.90702953      0.95238098        3.400864         3.400864       2.3227403       2.3227403
              1       5.8771234      0.28579005      0.53459335        3.400864         3.400864       4.9525188       4.9525188
              2       5.2259076       1.3987955       1.1827069        3.400864         3.400864       3.6500873       3.6500873
              1       4.6496414       1.1062917        1.051804        3.400864         3.400864       2.4975548       2.4975548
              1       4.5617433      0.96259938      0.98112149        3.400864         3.400864       2.3217586       2.3217586
              5       4.6740636       1.1279675       1.0620582        3.400864         3.400864       2.5463992       2.5463992
              2       4.8034364       1.2160631       1.1027525        3.400864         3.400864       2.8051448       2.8051448
              6       4.6284749       1.0849718       1.0416198        3.400864         3.400864       2.4552219       2.4552219
              3       4.6014819      0.82023428      0.90566787        3.400864         3.400864       2.4012358       2.4012358
              1       4.8433727      0.63435698       0.7964653        3.400864         3.400864       2.8850174       2.8850174
              5       4.8253017       0.6441262      0.80257473        3.400864         3.400864       2.8488755       2.8488755
              3       4.6169292       1.0719379       1.0353443        3.400864         3.400864       2.4321304       2.4321304
              1       5.3929046      0.41894301      0.64725807        3.400864         3.400864       3.9840813       3.9840813
              1       4.7369511      0.69757811      0.83521142        3.400864         3.400864       2.6721742       2.6721742
              1       6.7288965       1.7708509       1.3307332        3.400864         3.400864        6.656065        6.656065
              1       4.5685891      0.99002361       0.9949993        3.400864         3.400864       2.3354503       2.3354503
              4       5.4920442       0.3890369      0.62372823        3.400864         3.400864       4.1823605       4.1823605
              4       5.2330096      0.47121132      0.68644834        3.400864         3.400864       3.6642912       3.6642912
              2       4.6649814      0.75226013      0.86732931        3.400864         3.400864       2.5282349       2.5282349
              5       5.0597048      0.53548946      0.73177146        3.400864         3.400864       3.3176816       3.3176816
              3       5.3784564      0.42344702      0.65072807        3.400864         3.400864       3.9551847       3.9551847
              2       4.6498627      0.76596485      0.87519418        3.400864         3.400864       2.4979974       2.4979974
              2       4.6223268      0.79428512      0.89122675        3.400864         3.400864       2.4429256       2.4429256
              1       4.7687567       1.1954027       1.0933447        3.400864         3.400864       2.7357854       2.7357854
              2       4.9761195       1.3019582       1.1410338        3.400864         3.400864       3.1505111       3.1505111
              3       4.5604209      0.91978389      0.95905364        3.400864         3.400864       2.3191138       2.3191138
              1       5.3280845       1.4329965       1.1970783        3.400864         3.400864       3.8544411       3.8544411
              1       4.5790806       1.0153679       1.0076546        3.400864         3.400864       2.3564333       2.3564333
              1       4.5598339      0.94529328      0.97226194        3.400864         3.400864       2.3179399       2.3179399
              1        4.581821       1.0207449       1.0103192        3.400864         3.400864       2.3619139       2.3619139
              6         5.12382       1.3618888       1.1669999        3.400864         3.400864        3.445912        3.445912
              3       4.5798518       1.0169173       1.0084232        3.400864         3.400864       2.3579756       2.3579756
              1       4.5751494       1.0069436       1.0034658        3.400864         3.400864       2.3485709       2.3485709
              1       4.5684992      0.88271081      0.93952691        3.400864         3.400864       2.3352704       2.3352704
              2       5.4454433       1.4695799       1.2122623        3.400864         3.400864       4.0891587       4.0891587
              4       5.2259022       1.3987936        1.182706        3.400864         3.400864       3.6500763       3.6500763
              1       4.5654852      0.89268099      0.94481796        3.400864         3.400864       2.3292423       2.3292423
              2       5.8656896       1.5838469       1.2585098        3.400864         3.400864       4.9296512       4.9296512
              1       5.9155406         1.59609       1.2633646        3.400864         3.400864       5.0293533       5.0293533
              2        5.786411       1.5638847       1.2505537        3.400864         3.400864       4.7710939       4.7710939
              6       4.8655868       1.2497006       1.1179001        3.400864         3.400864       2.9294457       2.9294457
              2       4.6840986       1.1361942       1.0659241        3.400864         3.400864       2.5664692       2.5664692
              3       4.6531148         1.10954       1.0533471        3.400864         3.400864       2.5045017       2.5045017
              4       5.2153128      0.47736204      0.69091392        3.400864         3.400864       3.6288976       3.6288976
              1       5.3935948      0.41872883       0.6470926        3.400864         3.400864       3.9854617       3.9854617
              1       4.7694007      0.67666406      0.82259593        3.400864         3.400864       2.7370734       2.7370734
              3       4.5705469      0.87688533      0.93642156        3.400864         3.400864       2.3393657       2.3393657
              2       4.5598549      0.92680745      0.96270839        3.400864         3.400864       2.3179819       2.3179819
              1       4.5859773        1.028303       1.0140528        3.400864         3.400864       2.3702265       2.3702265
              1       4.6568121      0.75953338      0.87151212        3.400864         3.400864       2.5118961       2.5118961
              2       4.6969498       1.1462594        1.070635        3.400864         3.400864       2.5921716       2.5921716
              1        4.793894      0.66193195      0.81359201        3.400864         3.400864         2.78606         2.78606
              1       4.6427145      0.77284421      0.87911558        3.400864         3.400864        2.483701        2.483701
              3        6.616396      0.12354411      0.35148842        3.400864         3.400864        6.431064        6.431064
              5       4.8010725       0.6577619      0.81102521        3.400864         3.400864       2.8004171       2.8004171
              2        4.685217       0.7353752       0.8575402        3.400864         3.400864        2.568706        2.568706
              1       4.5729034      0.87081999      0.93317736        3.400864         3.400864       2.3440789       2.3440789
              1       4.7457943      0.69170123      0.83168578        3.400864         3.400864       2.6898605       2.6898605
              1       6.5696194      0.13283842      0.36447005        3.400864         3.400864       6.3375109       6.3375109
              2       4.8396552      0.63634064      0.79770962        3.400864         3.400864       2.8775825       2.8775825
              1       4.5785983      0.85808218      0.92632725        3.400864         3.400864       2.3554686       2.3554686
              2       5.5660038      0.36775022      0.60642413        3.400864         3.400864       4.3302796       4.3302796
              1       5.8554767       1.5813099       1.2575015        3.400864         3.400864       4.9092254       4.9092254
              3       4.5629898      0.96933059      0.98454588        3.400864         3.400864       2.3242516       2.3242516
              4       4.5615156      0.91129109      0.95461568        3.400864         3.400864       2.3213032       2.3213032
              1       5.0243635      0.54990805      0.74155785        3.400864         3.400864        3.246999        3.246999
              1       6.0453925      0.24550239      0.49548198        3.400864         3.400864        5.289057        5.289057
              1       4.7326052       0.7005199      0.83697067        3.400864         3.400864       2.6634825       2.6634825
              6       5.2470038       1.4060609       1.1857744        3.400864         3.400864       3.6922796       3.6922796
              5       4.6337917      0.78186102      0.88422906        3.400864         3.400864       2.4658555       2.4658555
              1       4.8509224      0.63036797      0.79395716        3.400864         3.400864       2.9001168       2.9001168
              1       5.1958573      0.48422058       0.6958596        3.400864         3.400864       3.5899867       3.5899867
              1       5.7252381       1.5480365       1.2442011        3.400864         3.400864       4.6487482       4.6487482
              1       4.5600706      0.94880557      0.97406651        3.400864         3.400864       2.3184132       2.3184132
              1       4.6078596        1.060746       1.0299252        3.400864         3.400864       2.4139912       2.4139912
              1       5.8729832       1.5856526        1.259227        3.400864         3.400864       4.9442385       4.9442385
              4       4.6272044        1.083594       1.0409582        3.400864         3.400864       2.4526808       2.4526808
              1       5.3890912       1.4523374       1.2051296        3.400864         3.400864       3.9764545       3.9764545
              3       4.6851317        1.137022       1.0663123        3.400864         3.400864       2.5685355       2.5685355
              4       4.7011708      0.72300359      0.85029618        3.400864         3.400864       2.6006137       2.6006137
              1       4.6347838       0.7808327      0.88364739        3.400864         3.400864       2.4678395       2.4678395
              1       4.6479986       1.1047336       1.0510631        3.400864         3.400864       2.4942693       2.4942693
              2       4.6235397       1.0795456       1.0390118        3.400864         3.400864       2.4453515       2.4453515
              5       5.3795464       1.4493595       1.2038935        3.400864         3.400864       3.9573649       3.9573649
              4        4.588183      0.84039307      0.91672955        3.400864         3.400864        2.374638        2.374638
              1       4.8339636       1.2330619       1.1104332        3.400864         3.400864       2.8661991       2.8661991
              2       4.9009236       1.2673052       1.1257465        3.400864         3.400864       3.0001191       3.0001191
              1        4.625507       0.7907325      0.88923141        3.400864         3.400864        2.449286        2.449286
              1        4.749747       1.1833458        1.087817        3.400864         3.400864       2.6977659       2.6977659
              1       4.6647735       1.1200236       1.0583117        3.400864         3.400864       2.5278189       2.5278189
              4       4.7318817       1.1714521       1.0823364        3.400864         3.400864       2.6620354       2.6620354
              1       4.5678454       0.8847093      0.94058987        3.400864         3.400864       2.3339629       2.3339629
              3        4.591713      0.83465138      0.91359257        3.400864         3.400864       2.3816981       2.3816981
              2       4.5613195      0.91258671      0.95529404        3.400864         3.400864       2.3209111       2.3209111
              2       4.6391233       1.0960532       1.0469256        3.400864         3.400864       2.4765185       2.4765185
              3       4.5779145       1.0129654       1.0064618        3.400864         3.400864       2.3541009       2.3541009
              3       4.5618809      0.90904098      0.95343641        3.400864         3.400864       2.3220338       2.3220338
              7       4.6787038      0.74065079      0.86061071        3.400864         3.400864       2.5556796       2.5556796
              3       4.8547876       1.2441196       1.1154011        3.400864         3.400864       2.9078471       2.9078471
              2       5.6138379      0.35439743      0.59531288        3.400864         3.400864       4.4259478       4.4259478
              3       4.5609562      0.95726751      0.97840049        3.400864         3.400864       2.3201844       2.3201844
              2        5.754071       1.5555568       1.2472196        3.400864         3.400864       4.7064139       4.7064139
              2       4.5604486      0.91951592      0.95891393        3.400864         3.400864       2.3191691       2.3191691
              4        4.575673       1.0081225       1.0040531        3.400864         3.400864        2.349618        2.349618
              2        6.669301      0.11315858      0.33639051        3.400864         3.400864        6.536874        6.536874
              4       5.2196563       0.4758448      0.68981505        3.400864         3.400864       3.6375846       3.6375846
              3       6.9225148     0.065164237      0.25527287        3.400864         3.400864       7.0433017       7.0433017
              1        6.309384       1.6858182       1.2983906        3.400864         3.400864         5.81704         5.81704
              3        6.087003       1.6365682       1.2792843        3.400864         3.400864        5.372278        5.372278
              1       6.4281474       1.7108386       1.3079903        3.400864         3.400864       6.0545667       6.0545667
              5       7.8898134       1.9703354       1.4036864        3.400864         3.400864       8.9778987       8.9778987
              1       6.5613827       1.7379792       1.3183244        3.400864         3.400864       6.3210374       6.3210374
              4       4.8896895       1.2618117       1.1233039        3.400864         3.400864        2.977651        2.977651
              1       4.5660195      0.89075369      0.94379748        3.400864         3.400864       2.3303111       2.3303111
              3       4.5756436       1.0080569       1.0040204        3.400864         3.400864       2.3495592       2.3495592
              3       4.8750015       1.2544861       1.1200384        3.400864         3.400864        2.948275        2.948275
              1       4.8826875       1.2583403       1.1217577        3.400864         3.400864       2.9636471       2.9636471
              6         4.61746        0.799901      0.89437184        3.400864         3.400864       2.4331919       2.4331919
              2       4.6850282       1.1369392       1.0662735        3.400864         3.400864       2.5683284       2.5683284
              1         4.69229      0.72979881      0.85428263        3.400864         3.400864       2.5828521       2.5828521
              1       4.5739253      0.86835811      0.93185734        3.400864         3.400864       2.3461226       2.3461226
              2       5.1252267      0.51004634      0.71417529        3.400864         3.400864       3.4487253       3.4487253
              3       5.0980381       1.3520503        1.162777        3.400864         3.400864       3.3943483       3.3943483
              1       5.1299565       1.3641972       1.1679885        3.400864         3.400864       3.4581851       3.4581851
              2        6.015937        1.620082       1.2728244        3.400864         3.400864        5.230146        5.230146
              1       5.6535621       1.5289283       1.2364984        3.400864         3.400864       4.5053963       4.5053963
              2       4.7915616       1.2091648       1.0996203        3.400864         3.400864       2.7813951       2.7813951
              2       4.8763108      0.61731941      0.78569677        3.400864         3.400864       2.9508937       2.9508937
              3       4.6219148       1.0777135       1.0381298        3.400864         3.400864       2.4421017       2.4421017
              3       4.5890749       1.0335551       1.0166391        3.400864         3.400864       2.3764219       2.3764219
              2       4.6725329       1.1266815       1.0614525        3.400864         3.400864       2.5433378       2.5433378
              1        5.023805      0.55014021      0.74171437        3.400864         3.400864       3.2458821       3.2458821
              1       6.1501292      0.22157174      0.47071408        3.400864         3.400864       5.4985305       5.4985305
              1       4.9544046       1.2922977       1.1367927        3.400864         3.400864       3.1070811       3.1070811
              2        4.614826       0.8030391      0.89612449        3.400864         3.400864        2.427924        2.427924
              1       5.3013045       1.4242644       1.1934255        3.400864         3.400864        3.800881        3.800881
              1       5.2848501      0.45364453      0.67353138        3.400864         3.400864       3.7679723       3.7679723
              1       5.2466802      0.46651507      0.68301908        3.400864         3.400864       3.6916325       3.6916325
             12        4.650332       1.1069424       1.0521133        3.400864         3.400864       2.4989359       2.4989359
              1        4.729535      0.70262054      0.83822463        3.400864         3.400864        2.657342        2.657342
              1       4.6476648      0.76805014       0.8763847        3.400864         3.400864       2.4936016       2.4936016
              4       5.2377495       1.4028877       1.1844356        3.400864         3.400864        3.673771        3.673771
              3       4.9715766       1.2999583       1.1401572        3.400864         3.400864       3.1414251       3.1414251
              1       4.5885457       1.0326779       1.0162076        3.400864         3.400864       2.3753633       2.3753633
              1       4.7184138       1.1620722       1.0779945        3.400864         3.400864       2.6350996       2.6350996
              2       6.3035769       1.6845733       1.2979111        3.400864         3.400864       5.8054258       5.8054258
              3        5.559714       1.5029359       1.2259429        3.400864         3.400864          4.3177          4.3177
              1       6.1511991       1.6511339       1.2849646        3.400864         3.400864       5.5006702       5.5006702
              1       4.5610365      0.95787155      0.97870912        3.400864         3.400864        2.320345        2.320345
              1       4.5596695      0.93081986      0.96479006        3.400864         3.400864       2.3176111       2.3176111
              1       4.9373262       0.5879537      0.76678139        3.400864         3.400864       3.0729243       3.0729243
              1       4.9989589      0.56061441      0.74874189        3.400864         3.400864       3.1961898       3.1961898
              1       6.4961159       1.7248008       1.3133167        3.400864         3.400864       6.1905038       6.1905038
              1       6.7771644       1.7800851       1.3341983        3.400864         3.400864       6.7526008       6.7526008
              1       6.0410645       1.6259562       1.2751299        3.400864         3.400864       5.2804009       5.2804009
              1       4.9899588      0.56448133      0.75131972        3.400864         3.400864       3.1781896       3.1781896
              1       4.5596105       0.9330157      0.96592738        3.400864         3.400864        2.317493        2.317493
              3       5.0002941      0.56004413      0.74836096        3.400864         3.400864       3.1988602       3.1988602
              6       4.6970426      0.72613497      0.85213554        3.400864         3.400864       2.5923573       2.5923573
              4         6.56714      0.13333407      0.36514938        3.400864         3.400864       6.3325521       6.3325521
              3        5.824759      0.29884666      0.54666869        3.400864         3.400864         4.84779         4.84779
              1       6.0599483      0.24212725      0.49206428        3.400864         3.400864       5.3181686       5.3181686
              1       6.1268306      0.22682529      0.47626179        3.400864         3.400864       5.4519332       5.4519332
              5        4.854401      0.62854742      0.79280983        3.400864         3.400864       2.9070739       2.9070739
              1       4.5826999      0.85006673      0.92199063        3.400864         3.400864       2.3636719       2.3636719
              4       4.8132614       1.2216446       1.1052803        3.400864         3.400864       2.8247949       2.8247949
              1       4.6330972       1.0898803       1.0439733        3.400864         3.400864       2.4644665       2.4644665
              4       4.6704852      0.74751806      0.86459127        3.400864         3.400864       2.5392424       2.5392424
              1       5.3468646      0.43343575      0.65835838        3.400864         3.400864       3.8920013       3.8920013
