#        weight    minuslogpost              A2               A   minuslogprior minuslogprior__0            chi2   chi2__loglike
              2       8.8496982       1.5457054        1.243264        3.400864         3.400864       10.897668       10.897668
              1       6.0705479       1.2434862       1.1151171        3.400864         3.400864       5.3393678       5.3393678
              1       5.5480527       1.1457069        1.070377        3.400864         3.400864       4.2943774       4.2943774
              2       5.0710851      0.86516013      0.93013984        3.400864         3.400864       3.3404423       3.3404423
              3       8.3123602       0.3346989      0.57853167        3.400864         3.400864       9.8229925       9.8229925
              2       6.8831457       1.3540437       1.1636338        3.400864         3.400864       6.9645634       6.9645634
              1       5.8118705       1.1993446       1.0951459        3.400864         3.400864        4.822013        4.822013
              2       6.0970278       1.2476724       1.1169926        3.400864         3.400864       5.3923275       5.3923275
              1       5.2006108      0.79006685      0.88885705        3.400864         3.400864       3.5994936       3.5994936
              4       5.2358148       1.0579117       1.0285483        3.400864         3.400864       3.6699017       3.6699017
              3         5.30941      0.75148086      0.86687996        3.400864         3.400864        3.817092        3.817092
              3       5.0485485      0.89807535      0.94766837        3.400864         3.400864       3.2953691       3.2953691
              1       6.2952524      0.55686304      0.74623256        3.400864         3.400864       5.7887767       5.7887767
              6       5.0643958      0.96199789      0.98081491        3.400864         3.400864       3.3270636       3.3270636
              2       5.2463026       1.0617286       1.0304022        3.400864         3.400864       3.6908773       3.6908773
              1       5.1050682      0.99611624      0.99805623        3.400864         3.400864       3.4084084       3.4084084
              6        5.145458       1.0192789       1.0095935        3.400864         3.400864       3.4891881       3.4891881
              1       5.1375818      0.81913819      0.90506253        3.400864         3.400864       3.4734357       3.4734357
              2       5.7418656       0.6481746      0.80509292        3.400864         3.400864       4.6820033       4.6820033
              1        5.046957      0.90305281      0.95029091        3.400864         3.400864       3.2921859       3.2921859
              1       5.2454109        1.061408       1.0302466        3.400864         3.400864       3.6890938       3.6890938
              6       5.2496287       1.0629183       1.0309793        3.400864         3.400864       3.6975294       3.6975294
              1       5.2383584      0.77548399      0.88061569        3.400864         3.400864       3.6749889       3.6749889
              1       5.0499711      0.93979603      0.96943078        3.400864         3.400864       3.2982142       3.2982142
              1        5.361168       1.0983442       1.0480192        3.400864         3.400864       3.9206079       3.9206079
              4       5.1564995       1.0247464       1.0122976        3.400864         3.400864       3.5112709       3.5112709
              3       5.0748925      0.86148876      0.92816419        3.400864         3.400864       3.3480569       3.3480569
              1       5.9522763      0.61023811      0.78117739        3.400864         3.400864       5.1028247       5.1028247
              4       5.1586245       1.0257671       1.0128016        3.400864         3.400864        3.515521        3.515521
              4       6.8241136      0.48735976      0.69811156        3.400864         3.400864       6.8464991       6.8464991
              1       5.0453841      0.91117797      0.95455642        3.400864         3.400864       3.2890403       3.2890403
              2       5.7293771       1.1837349       1.0879958        3.400864         3.400864       4.6570261       4.6570261
              4       5.4537634      0.71115442      0.84329972        3.400864         3.400864       4.1057989       4.1057989
              1       5.4311972       1.1174086       1.0570755        3.400864         3.400864       4.0606665       4.0606665
              2       5.0634539       0.9608936       0.9802518        3.400864         3.400864       3.3251799       3.3251799
              4       5.8308642       1.2028179       1.0967306        3.400864         3.400864       4.8600004       4.8600004
              5       6.2952897       1.2774732       1.1302536        3.400864         3.400864       5.7888514       5.7888514
              2       6.1459226       1.2552659       1.1203865        3.400864         3.400864       5.4901173       5.4901173
              2       6.5974051        1.318653       1.1483262        3.400864         3.400864       6.3930822       6.3930822
              2        5.339943       1.0921563       1.0450628        3.400864         3.400864       3.8781581       3.8781581
              2       5.0729791      0.86330246      0.92914071        3.400864         3.400864       3.3442303       3.3442303
              2       5.4584081       1.1243436       1.0603507        3.400864         3.400864       4.1150882       4.1150882
              2       5.1353673      0.82031819      0.90571419        3.400864         3.400864       3.4690066       3.4690066
              9       5.0451205      0.91425376      0.95616618        3.400864         3.400864       3.2885131       3.2885131
              1       5.2912382      0.75727645      0.87021632        3.400864         3.400864       3.7807485       3.7807485
              1       5.5329777      0.69207462      0.83191022        3.400864         3.400864       4.2642275       4.2642275
              4       5.9018108      0.61889674      0.78669991        3.400864         3.400864       5.0018935       5.0018935
              1       5.3362117       1.0910458       1.0445314        3.400864         3.400864       3.8706955       3.8706955
              2       5.2414994       1.0599932       1.0295597        3.400864         3.400864       3.6812708       3.6812708
              1       6.1963604       1.2629243        1.123799        3.400864         3.400864       5.5909928       5.5909928
              2       5.2346345      0.77685523      0.88139391        3.400864         3.400864       3.6675411       3.6675411
              2       5.1618894      0.80701395      0.89833955        3.400864         3.400864       3.5220507       3.5220507
              3       5.1246599      0.82623924      0.90897703        3.400864         3.400864       3.4475919       3.4475919
              1       5.1160751      0.83128089      0.91174607        3.400864         3.400864       3.4304222       3.4304222
              4       5.1491353       1.0211318       1.0105107        3.400864         3.400864       3.4965427       3.4965427
              2       5.3162708      0.74934477      0.86564702        3.400864         3.400864       3.8308135       3.8308135
              4       5.1383257      0.81874501       0.9048453        3.400864         3.400864       3.4749234       3.4749234
              5       5.1668088      0.80471913      0.89706139        3.400864         3.400864       3.5318897       3.5318897
              8       5.9055494       1.2160841       1.1027621        3.400864         3.400864       5.0093708       5.0093708
              2       5.4292431       1.1169013       1.0568355        3.400864         3.400864       4.0567582       4.0567582
              5       5.1696228       1.0309035       1.0153342        3.400864         3.400864       3.5375176       3.5375176
              1       5.8624893      0.62582163      0.79108889        3.400864         3.400864       4.9232507       4.9232507
              2       5.5835626      0.68069464      0.82504221        3.400864         3.400864       4.3653973       4.3653973
              2       6.2418946      0.56463553      0.75142233        3.400864         3.400864       5.6820613       5.6820613
              3       5.5635085       1.1491914       1.0720035        3.400864         3.400864        4.325289        4.325289
              1       5.1820276       0.7978992      0.89325204        3.400864         3.400864       3.5623272       3.5623272
              5       5.1024684      0.83994313      0.91648411        3.400864         3.400864       3.4032088       3.4032088
              2       5.0496167      0.93896784      0.96900353        3.400864         3.400864       3.2975055       3.2975055
              1       5.6626372      0.66392786      0.81481769        3.400864         3.400864       4.5235465       4.5235465
             17       5.5651566       1.1495599       1.0721753        3.400864         3.400864       4.3285852       4.3285852
              1       5.3406835       1.0923759       1.0451679        3.400864         3.400864        3.879639        3.879639
              1       5.0483351      0.93566598      0.96729829        3.400864         3.400864       3.2949423       3.2949423
              3       6.3641362       0.5470702      0.73964194        3.400864         3.400864       5.9265445       5.9265445
              2       5.3381277      0.74271394      0.86180853        3.400864         3.400864       3.8745274       3.8745274
              8       5.6563151      0.66522736      0.81561471        3.400864         3.400864       4.5109021       4.5109021
              4       5.0577893      0.88077912      0.93849833        3.400864         3.400864       3.3138507       3.3138507
              3       5.0451349      0.91400757      0.95603743        3.400864         3.400864       3.2885419       3.2885419
              1       5.1208564       1.0058932       1.0029423        3.400864         3.400864       3.4399847       3.4399847
              3       5.8975204      0.61964448        0.787175        3.400864         3.400864       4.9933128       4.9933128
              3       5.2643158       1.0680593       1.0334695        3.400864         3.400864       3.7269037       3.7269037
              1       5.9412048      0.61211666      0.78237884        3.400864         3.400864       5.0806817       5.0806817
              2       5.0878113      0.98380876      0.99187134        3.400864         3.400864       3.3738946       3.3738946
              1       5.9671653        1.226601       1.1075202        3.400864         3.400864       5.1326025       5.1326025
              1       5.8254655      0.63249583      0.79529606        3.400864         3.400864        4.849203        4.849203
              1       5.9387677      0.61253173      0.78264407        3.400864         3.400864       5.0758074       5.0758074
              4       5.4712115      0.70680316      0.84071586        3.400864         3.400864        4.140695        4.140695
              1       6.2412926      0.56472421      0.75148134        3.400864         3.400864       5.6808571       5.6808571
              2       5.2868935      0.75869354      0.87103016        3.400864         3.400864       3.7720589       3.7720589
              2       5.1807763       1.0358857       1.0177847        3.400864         3.400864       3.5598247       3.5598247
              1       5.0683083      0.86801043      0.93167077        3.400864         3.400864       3.3348886       3.3348886
              2       5.0721679      0.86409016       0.9295645        3.400864         3.400864       3.3426078       3.3426078
              7       5.0483766       0.8985488      0.94791814        3.400864         3.400864       3.2950253       3.2950253
              1       5.4822955       1.1302457       1.0631301        3.400864         3.400864        4.162863        4.162863
              3       5.1128657       1.0010874       1.0005436        3.400864         3.400864       3.4240035       3.4240035
              1       5.4246023       1.1156913       1.0562629        3.400864         3.400864       4.0474767       4.0474767
              2       5.1482572       1.0206924       1.0102932        3.400864         3.400864       3.4947864       3.4947864
              4       5.0935052      0.98810605      0.99403524        3.400864         3.400864       3.3852824       3.3852824
              2       5.0450437      0.91646208      0.95732026        3.400864         3.400864       3.2883593       3.2883593
              1       5.4451759      0.71333012      0.84458873        3.400864         3.400864       4.0886238       4.0886238
              2       5.0962292      0.84425847      0.91883539        3.400864         3.400864       3.3907304       3.3907304
              2       5.0584773      0.87981035      0.93798207        3.400864         3.400864       3.3152267       3.3152267
              2       5.2980531       1.0792522       1.0388706        3.400864         3.400864       3.7943782       3.7943782
              2       5.1066324      0.83719257      0.91498228        3.400864         3.400864       3.4115368       3.4115368
              1       5.4969738       1.1337926        1.064797        3.400864         3.400864       4.1922196       4.1922196
              1        5.093012      0.98774419       0.9938532        3.400864         3.400864       3.3842961       3.3842961
              3        5.210604       1.0482826       1.0238567        3.400864         3.400864         3.61948         3.61948
              2       5.2041364       1.0456961       1.0225928        3.400864         3.400864       3.6065449       3.6065449
              1       5.0652324      0.96295646      0.98130345        3.400864         3.400864       3.3287367       3.3287367
              1       5.0770937      0.97485819      0.98734907        3.400864         3.400864       3.3524593       3.3524593
              2        5.051726      0.94351624      0.97134764        3.400864         3.400864        3.301724        3.301724
              4       5.0691067      0.96715654      0.98344118        3.400864         3.400864       3.3364853       3.3364853
              2       5.0481283      0.89925457      0.94829034        3.400864         3.400864       3.2945287       3.2945287
              1       5.2485923       0.7717822      0.87851135        3.400864         3.400864       3.6954567       3.6954567
              1       5.1105099       0.8347137      0.91362668        3.400864         3.400864       3.4192919       3.4192919
              3       5.0507528       0.8928074      0.94488486        3.400864         3.400864       3.2997776       3.2997776
              2       5.0519179      0.89043924      0.94363088        3.400864         3.400864       3.3021077       3.3021077
              2       5.3919613       1.1069632       1.0521232        3.400864         3.400864       3.9821947       3.9821947
              4       5.5594599       1.1482837         1.07158        3.400864         3.400864       4.3171918       4.3171918
              1       6.5235339       1.3089839       1.1441084        3.400864         3.400864       6.2453397       6.2453397
              1       6.1181709       1.2509772       1.1184709        3.400864         3.400864       5.4346138       5.4346138
              1       5.3311246       1.0895201       1.0438008        3.400864         3.400864       3.8605212       3.8605212
              2       5.0489853      0.93740845      0.96819856        3.400864         3.400864       3.2962426       3.2962426
              1        5.486732       1.1313239       1.0636371        3.400864         3.400864       4.1717361       4.1717361
              1       5.0513652      0.94279556       0.9709766        3.400864         3.400864       3.3010025       3.3010025
              1       5.1137731      0.83268392      0.91251516        3.400864         3.400864       3.4258183       3.4258183
              1       5.2948965       1.0782379       1.0383824        3.400864         3.400864       3.7880651       3.7880651
              2       7.4158144       1.4133237       1.1888329        3.400864         3.400864       8.0299009       8.0299009
              1       5.3734607       1.1018332       1.0496824        3.400864         3.400864       3.9451935       3.9451935
              1       5.3736053       1.1018738       1.0497018        3.400864         3.400864       3.9454827       3.9454827
              1       5.5883844      0.67963836      0.82440182        3.400864         3.400864       4.3750408       4.3750408
              5       5.0540104      0.88664374      0.94161762        3.400864         3.400864       3.3062929       3.3062929
              2       5.0457083        0.908828      0.95332471        3.400864         3.400864       3.2896887       3.2896887
              1       5.1511097       1.0221131       1.0109961        3.400864         3.400864       3.5004915       3.5004915
              1       5.1279538      0.82437753      0.90795238        3.400864         3.400864       3.4541795       3.4541795
              1       5.0720394      0.97011478      0.98494405        3.400864         3.400864       3.3423507       3.3423507
              1       5.3360949      0.74331997      0.86216006        3.400864         3.400864       3.8704618       3.8704618
              2       6.5296031       0.5245435      0.72425376        3.400864         3.400864       6.2574782       6.2574782
              3       6.4293254       1.2962953       1.1385497        3.400864         3.400864       6.0569228       6.0569228
              3       6.5585314       1.3135942       1.1461214        3.400864         3.400864       6.3153348       6.3153348
              1        5.930058       1.2203111       1.1046769        3.400864         3.400864        5.058388        5.058388
              2       5.3739698      0.73235461      0.85577719        3.400864         3.400864       3.9462116       3.9462116
              1       5.4610843      0.70931763      0.84220997        3.400864         3.400864       4.1204406       4.1204406
              2       5.0839574      0.85359526      0.92390219        3.400864         3.400864       3.3661869       3.3661869
              1       5.6728757       1.1724934       1.0828174        3.400864         3.400864       4.5440235       4.5440235
              4        5.795167       1.1962544       1.0937342        3.400864         3.400864       4.7886061       4.7886061
              1       5.5573543       1.1478103       1.0713591        3.400864         3.400864       4.3129807       4.3129807
              6       5.0476228      0.93354534       0.9662015        3.400864         3.400864       3.2935176       3.2935176
              2       5.3414481       1.0926023       1.0452762        3.400864         3.400864       3.8811681       3.8811681
              1       5.1371655      0.81935895      0.90518448        3.400864         3.400864        3.472603        3.472603
              4       5.6447403       1.1667068        1.080142        3.400864         3.400864       4.4877526       4.4877526
              1        5.085693      0.98213757      0.99102854        3.400864         3.400864        3.369658        3.369658
              1       5.1992166      0.79063766      0.88917808        3.400864         3.400864       3.5967052       3.5967052
              1        5.383325       0.7297449      0.85425107        3.400864         3.400864        3.964922        3.964922
              8       5.1546763      0.81046789       0.9002599        3.400864         3.400864       3.5076245       3.5076245
              3       6.2974955      0.55653996      0.74601606        3.400864         3.400864        5.793263        5.793263
              1       8.1277797      0.35139069      0.59278216        3.400864         3.400864       9.4538313       9.4538313
              3       6.5954655      0.51592871      0.71828178        3.400864         3.400864       6.3892031       6.3892031
              1       6.8692266       1.3523864       1.1629215        3.400864         3.400864       6.9367252       6.9367252
              3       5.0573243      0.95288195      0.97615672        3.400864         3.400864       3.3129206       3.3129206
              1       5.0493077      0.93821909       0.9686171        3.400864         3.400864       3.2968874       3.2968874
              6       5.3288469       0.7454982      0.86342238        3.400864         3.400864       3.8559658       3.8559658
              1        5.522407       1.1398047       1.0676164        3.400864         3.400864        4.243086        4.243086
              3       5.2857604       1.0752656       1.0369502        3.400864         3.400864       3.7697928       3.7697928
              4       5.0451441      0.92047115      0.95941188        3.400864         3.400864       3.2885603       3.2885603
              1       5.0537493      0.88709115      0.94185517        3.400864         3.400864       3.3057707       3.3057707
              1        5.045039      0.91724658      0.95772991        3.400864         3.400864       3.2883499       3.2883499
              2       5.5756305       1.1518882       1.0732605        3.400864         3.400864        4.349533        4.349533
              1       6.9857147       1.3660674       1.1687889        3.400864         3.400864       7.1697015       7.1697015
              1       6.1110694       1.2498708       1.1179762        3.400864         3.400864       5.4204109       5.4204109
              2       5.4727366       1.1279037       1.0620281        3.400864         3.400864       4.1437452       4.1437452
              3       5.1711384       1.0315933       1.0156738        3.400864         3.400864       3.5405488       3.5405488
              5       5.0592512      0.87874979      0.93741655        3.400864         3.400864       3.3167745       3.3167745
              6       5.3158797        1.084865       1.0415685        3.400864         3.400864       3.8300314       3.8300314
              1       5.7134091      0.65372429      0.80853218        3.400864         3.400864       4.6250902       4.6250902
              1       5.0450412      0.91764996      0.95794048        3.400864         3.400864       3.2883543       3.2883543
              1        5.154892       1.0239679        1.011913        3.400864         3.400864       3.5080561       3.5080561
              2       6.3945449       1.2915022       1.1364428        3.400864         3.400864       5.9873619       5.9873619
              1       5.5210451       1.1394869       1.0674675        3.400864         3.400864       4.2403622       4.2403622
              4       5.0655901      0.96336023      0.98150916        3.400864         3.400864       3.3294521       3.3294521
              3       5.0777319       0.9754297      0.98763845        3.400864         3.400864       3.3537358       3.3537358
              1       5.4608952      0.70936487      0.84223801        3.400864         3.400864       4.1200624       4.1200624
              1       5.2554678       1.0649836       1.0319804        3.400864         3.400864       3.7092076       3.7092076
              4       7.0168794      0.46467338      0.68166956        3.400864         3.400864       7.2320309       7.2320309
              1       5.2698285      0.76438658      0.87429205        3.400864         3.400864       3.7379291       3.7379291
              6       5.0761605      0.86031859      0.92753361        3.400864         3.400864        3.350593        3.350593
              4       5.0803825      0.97774561       0.9888102        3.400864         3.400864       3.3590371       3.3590371
              1        5.198308       1.0433198       1.0214303        3.400864         3.400864        3.594888        3.594888
              1        6.616343       1.3210945       1.1493888        3.400864         3.400864       6.4309579       6.4309579
              1       6.5515025       1.3126726       1.1457192        3.400864         3.400864        6.301277        6.301277
              1       5.4277679       1.1165175       1.0566539        3.400864         3.400864       4.0538078       4.0538078
              1       5.4418524       1.1201524       1.0583725        3.400864         3.400864       4.0819769       4.0819769
              1       5.2647094       1.0681946        1.033535        3.400864         3.400864       3.7276908       3.7276908
              4       5.2862161      0.75891562      0.87115763        3.400864         3.400864       3.7707042       3.7707042
              4       5.8910115      0.62078248      0.78789751        3.400864         3.400864        4.980295        4.980295
              1       5.2105834      0.78605644      0.88659824        3.400864         3.400864       3.6194388       3.6194388
              1       5.4913212      0.70189722      0.83779307        3.400864         3.400864       4.1809144       4.1809144
              1       5.1381124      0.81885761      0.90490751        3.400864         3.400864       3.4744968       3.4744968
              2       5.3294298       1.0890088       1.0435559        3.400864         3.400864       3.8571317       3.8571317
              1       5.4264421       1.1161719       1.0564904        3.400864         3.400864       4.0511562       4.0511562
              8       5.0489607      0.89698558      0.94709322        3.400864         3.400864       3.2961934       3.2961934
              5       5.4883849       1.1317243       1.0638253        3.400864         3.400864       4.1750417       4.1750417
              2       5.8962703       1.2144681       1.1020291        3.400864         3.400864       4.9908126       4.9908126
              2       5.0727287      0.86354436      0.92927088        3.400864         3.400864       3.3437295       3.3437295
              3       5.7865078      0.63969191      0.79980742        3.400864         3.400864       4.7712877       4.7712877
              2       5.1864079       1.0383234       1.0189816        3.400864         3.400864       3.5710878       3.5710878
              6        5.151154      0.81219579      0.90121906        3.400864         3.400864         3.50058         3.50058
              1        5.207148      0.78742398      0.88736913        3.400864         3.400864       3.6125679       3.6125679
              6       5.7590558      0.64487692      0.80304229        3.400864         3.400864       4.7163836       4.7163836
              7       5.0462826      0.90580152      0.95173606        3.400864         3.400864       3.2908371       3.2908371
              2       7.7389101       1.4460531       1.2025195        3.400864         3.400864       8.6760923       8.6760923
              1       5.2728333      0.76336888      0.87370984        3.400864         3.400864       3.7439386       3.7439386
              6       5.0523285      0.88965317      0.94321428        3.400864         3.400864       3.3029289       3.3029289
              1       6.5418564       1.3114043       1.1451656        3.400864         3.400864       6.2819849       6.2819849
              2       5.1211818       1.0060834       1.0030371        3.400864         3.400864       3.4406357       3.4406357
              1       6.4885674      0.53000788       0.7280164        3.400864         3.400864       6.1754068       6.1754068
              1        5.079118      0.85767882      0.92610951        3.400864         3.400864        3.356508        3.356508
              3       5.4911355      0.70194201      0.83781979        3.400864         3.400864        4.180543        4.180543
              3       5.0905324      0.84843487      0.92110524        3.400864         3.400864       3.3793368       3.3793368
              1       5.1803451      0.79863389      0.89366318        3.400864         3.400864       3.5589622       3.5589622
              5       5.1078742      0.83639044      0.91454384        3.400864         3.400864       3.4140204       3.4140204
              1       7.3073714       1.4018434       1.1839947        3.400864         3.400864       7.8130148       7.8130148
              3       6.3121215       1.2798904       1.1313224        3.400864         3.400864       5.8225149       5.8225149
              1       6.1199681       1.2512566       1.1185958        3.400864         3.400864       5.4382083       5.4382083
              1       6.2791061       1.2751336       1.1292181        3.400864         3.400864       5.7564842       5.7564842
              1       5.4924361       1.1327023       1.0642849        3.400864         3.400864       4.1831442       4.1831442
              1       5.9649844       1.2262349       1.1073549        3.400864         3.400864       5.1282408       5.1282408
              1       6.3358935      0.55105363      0.74232987        3.400864         3.400864        5.870059        5.870059
              4       5.3712355      0.73312433       0.8562268        3.400864         3.400864       3.9407431       3.9407431
              1       7.9292013      0.36991651      0.60820762        3.400864         3.400864       9.0566747       9.0566747
              1       7.8008021      0.38223661      0.61825287        3.400864         3.400864       8.7998762       8.7998762
              1       7.4535096      0.41707823      0.64581594        3.400864         3.400864       8.1052913       8.1052913
              1       5.1411199      0.81728192      0.90403646        3.400864         3.400864       3.4805117       3.4805117
              5       5.2961004       1.0786255       1.0385689        3.400864         3.400864       3.7904727       3.7904727
              1       5.0497984      0.93939618      0.96922452        3.400864         3.400864       3.2978687       3.2978687
              3       5.3171638       1.0852621       1.0417591        3.400864         3.400864       3.8325995       3.8325995
              1       5.2020905      0.78946383      0.88851777        3.400864         3.400864       3.6024531       3.6024531
              5       5.1581105      0.80880969      0.89933847        3.400864         3.400864       3.5144931       3.5144931
              2       5.2867691      0.75873428      0.87105355        3.400864         3.400864       3.7718103       3.7718103
              2       6.1738378       1.2595257       1.1222859        3.400864         3.400864       5.5459476       5.5459476
              7       5.0481722      0.93520293      0.96705891        3.400864         3.400864       3.2946164       3.2946164
              1       5.5075121      0.69802709      0.83548015        3.400864         3.400864       4.2132963       4.2132963
              1        5.207639       1.0471032       1.0232806        3.400864         3.400864       3.6135499       3.6135499
              8       5.2683298      0.76489673      0.87458375        3.400864         3.400864       3.7349317       3.7349317
              3       5.2400923      0.77485004      0.88025567        3.400864         3.400864       3.6784566       3.6784566
              1        5.156913        0.809385      0.89965827        3.400864         3.400864        3.512098        3.512098
              1       5.4086519       0.7228556      0.85020915        3.400864         3.400864       4.0155758       4.0155758
              1       5.8535609      0.62741707      0.79209663        3.400864         3.400864       4.9053938       4.9053938
              2       6.2384805       1.2691921       1.1265843        3.400864         3.400864       5.6752331       5.6752331
              1       6.2313016      0.56619907        0.752462        3.400864         3.400864       5.6608752       5.6608752
              1       5.4718251      0.70665179      0.84062583        3.400864         3.400864       4.1419222       4.1419222
              1       5.0450565       0.9158121      0.95698072        3.400864         3.400864       3.2883851       3.2883851
              2        5.047571      0.90095042      0.94918408        3.400864         3.400864        3.293414        3.293414
              1       5.0787669      0.97634476      0.98810159        3.400864         3.400864       3.3558057       3.3558057
              1       5.0459736      0.92701703      0.96281723        3.400864         3.400864       3.2902192       3.2902192
              1       5.0461164      0.92774278      0.96319405        3.400864         3.400864       3.2905047       3.2905047
              1       5.2370282       1.0583585       1.0287655        3.400864         3.400864       3.6723284       3.6723284
              2       5.0770058      0.85955179      0.92712016        3.400864         3.400864       3.3522836       3.3522836
              2       5.1075277      0.83661344      0.91466575        3.400864         3.400864       3.4133274       3.4133274
              1       6.1503819         1.25595       1.1206917        3.400864         3.400864       5.4990359       5.4990359
              1       5.0996129      0.84188745      0.91754425        3.400864         3.400864       3.3974978       3.3974978
              4       5.1287519      0.82393199        0.907707        3.400864         3.400864       3.4557759       3.4557759
              1       5.0536695       0.8872293       0.9419285        3.400864         3.400864        3.305611        3.305611
              2       5.1515323      0.81200883      0.90111533        3.400864         3.400864       3.5013367       3.5013367
              2       5.1027091      0.99454934      0.99727095        3.400864         3.400864       3.4036902       3.4036902
              5        5.223559       1.0533157       1.0263117        3.400864         3.400864       3.6453901       3.6453901
              1       5.0996054      0.99243823      0.99621194        3.400864         3.400864       3.3974828       3.3974828
              1       5.1237687      0.82674954      0.90925769        3.400864         3.400864       3.4458094       3.4458094
              2       5.0644447      0.87227627      0.93395732        3.400864         3.400864       3.3271615       3.3271615
              1       5.3587564      0.73667903      0.85830008        3.400864         3.400864       3.9157849       3.9157849
              4        5.051056      0.89216952      0.94454726        3.400864         3.400864        3.300384        3.300384
              3       5.0985595      0.99171336      0.99584806        3.400864         3.400864       3.3953911       3.3953911
              3       5.0513148      0.94269314      0.97092386        3.400864         3.400864       3.3009015       3.3009015
              1       5.5055753       1.1358444         1.06576        3.400864         3.400864       4.2094227       4.2094227
              1       5.1010731      0.84088702      0.91699892        3.400864         3.400864       3.4004182       3.4004182
              1       5.1225748       1.0068931       1.0034406        3.400864         3.400864       3.4434216       3.4434216
              3       5.2535208       1.0642981       1.0316483        3.400864         3.400864       3.7053137       3.7053137
              2       6.7263123       1.3349902       1.1554178        3.400864         3.400864       6.6508967       6.6508967
              9       5.0539472      0.88675141      0.94167479        3.400864         3.400864       3.3061665       3.3061665
              6       5.3713157       1.1012291       1.0493946        3.400864         3.400864       3.9409034       3.9409034
              3       5.1884194      0.79514848      0.89171098        3.400864         3.400864       3.5751108       3.5751108
              3       5.8813491       1.2118509        1.100841        3.400864         3.400864       4.9609703       4.9609703
              2       5.9561274       1.2247435       1.1066813        3.400864         3.400864       5.1105269       5.1105269
              2       5.6186894      0.67310422      0.82042929        3.400864         3.400864       4.4356508       4.4356508
              1       5.4743184       1.1282931       1.0622114        3.400864         3.400864       4.1469088       4.1469088
              4       5.0471448      0.93195276      0.96537701        3.400864         3.400864       3.2925615       3.2925615
              2       5.0668796      0.86954336      0.93249309        3.400864         3.400864       3.3320312       3.3320312
              2        5.059382      0.87857343      0.93732248        3.400864         3.400864       3.3170361       3.3170361
              1       5.9153858      0.61654309      0.78520258        3.400864         3.400864       5.0290435       5.0290435
              2       5.4060921      0.72354077        0.850612        3.400864         3.400864       4.0104561       4.0104561
              1       5.0543831       0.9483146      0.97381446        3.400864         3.400864       3.3070382       3.3070382
              1       5.0455026       0.9102264      0.95405786        3.400864         3.400864       3.2892772       3.2892772
              2       5.2827082       1.0742601       1.0364652        3.400864         3.400864       3.7636883       3.7636883
              5       5.3818241       1.1041697       1.0507948        3.400864         3.400864       3.9619202       3.9619202
              8       5.0471571      0.93199592      0.96539936        3.400864         3.400864       3.2925861       3.2925861
              3       6.1148757      0.58386657      0.76411162        3.400864         3.400864       5.4280234       5.4280234
              2       5.3666106       0.7344337      0.85699107        3.400864         3.400864       3.9314932       3.9314932
              1       6.3878041      0.54376476      0.73740407        3.400864         3.400864       5.9738802       5.9738802
              1       5.4388002      0.71496057      0.84555341        3.400864         3.400864       4.0758724       4.0758724
              1       5.4663848      0.70799779      0.84142605        3.400864         3.400864       4.1310417       4.1310417
              2        5.120586       1.0057349       1.0028633        3.400864         3.400864       3.4394441       3.4394441
              2       5.6775696       1.1734461       1.0832572        3.400864         3.400864       4.5534112       4.5534112
              3       5.0611365      0.87628121      0.93609893        3.400864         3.400864        3.320545        3.320545
              1       5.0789735       0.9765258       0.9881932        3.400864         3.400864       3.3562191       3.3562191
              2       5.1050108      0.99607852      0.99803733        3.400864         3.400864       3.4082937       3.4082937
              2       5.0451381       0.9203747      0.95936161        3.400864         3.400864       3.2885482       3.2885482
              6       5.4225985       1.1151666       1.0560145        3.400864         3.400864       4.0434689       4.0434689
              1       5.4674448      0.70773488       0.8412698        3.400864         3.400864       4.1331615       4.1331615
              4        5.437106       1.1189348       1.0577971        3.400864         3.400864       4.0724841       4.0724841
              1        5.045986      0.92708211      0.96285103        3.400864         3.400864       3.2902439       3.2902439
              2        5.260041       1.0665812       1.0327542        3.400864         3.400864       3.7183539       3.7183539
              6       5.0877541       0.8505666      0.92226168        3.400864         3.400864       3.3737803       3.3737803
              4       5.7273909       1.1833478       1.0878179        3.400864         3.400864       4.6530538       4.6530538
              1       9.1115135       1.5669719       1.2517875        3.400864         3.400864       11.421299       11.421299
              1       9.5393981       1.6003042       1.2650313        3.400864         3.400864       12.277068       12.277068
              1       9.3804886       1.5881184       1.2602057        3.400864         3.400864       11.959249       11.959249
              1       8.4684967       1.5133868       1.2301979        3.400864         3.400864       10.135265       10.135265
              4       6.2514407       1.2710984         1.12743        3.400864         3.400864       5.7011534       5.7011534
              2       6.7425785       1.3370066         1.15629        3.400864         3.400864        6.683429        6.683429
              2       5.7603761       1.1897055       1.0907362        3.400864         3.400864       4.7190242       4.7190242
              2       5.0878644      0.85048073      0.92221512        3.400864         3.400864       3.3740007       3.3740007
              3       5.8487508      0.62828026      0.79264132        3.400864         3.400864       4.8957735       4.8957735
              2       5.0458982      0.90771956      0.95274318        3.400864         3.400864       3.2900683       3.2900683
              5        5.462263      0.70902341      0.84203528        3.400864         3.400864        4.122798        4.122798
              5       5.4804003      0.70454742      0.83937323        3.400864         3.400864       4.1590726       4.1590726
              4       5.0720822      0.86417402      0.92960961        3.400864         3.400864       3.3424365       3.3424365
              1       5.0470721      0.93169553      0.96524377        3.400864         3.400864       3.2924163       3.2924163
              1       5.0684423      0.86786903      0.93159489        3.400864         3.400864       3.3351567       3.3351567
              1       5.1399611      0.81788607      0.90437054        3.400864         3.400864       3.4781942       3.4781942
              1       5.1328117      0.82169802       0.9064756        3.400864         3.400864       3.4638954       3.4638954
              1        5.154385       0.8106097      0.90033866        3.400864         3.400864        3.507042        3.507042
              1       6.3931062       1.2913026       1.1363549        3.400864         3.400864       5.9844843       5.9844843
              6        5.123119       1.0072074       1.0035972        3.400864         3.400864         3.44451         3.44451
              1       5.0593403      0.95570129      0.97759976        3.400864         3.400864       3.3169527       3.3169527
              2       5.9343024       0.6132937       0.7831307        3.400864         3.400864       5.0668769       5.0668769
              3        6.359071       1.2865494       1.1342616        3.400864         3.400864        5.916414        5.916414
              1       5.4498987       1.1222001       1.0593395        3.400864         3.400864       4.0980694       4.0980694
              2       5.0638754      0.87293969      0.93431241        3.400864         3.400864       3.3260228       3.3260228
              3       5.8437152      0.62918666      0.79321287        3.400864         3.400864       4.8857025       4.8857025
              2       5.2831955      0.75990974      0.87172802        3.400864         3.400864       3.7646629       3.7646629
              1       7.1997198      0.44415955      0.66645296        3.400864         3.400864       7.5977117       7.5977117
              1       5.3390333      0.74244462      0.86165226        3.400864         3.400864       3.8763387       3.8763387
              1       5.0547056      0.94884751      0.97408804        3.400864         3.400864       3.3076832       3.3076832
              1       5.7244731       1.1827781        1.087556        3.400864         3.400864       4.6472182       4.6472182
              2       5.1189001       1.0047411       1.0023677        3.400864         3.400864       3.4360723       3.4360723
              1       5.5328463      0.69210494      0.83192845        3.400864         3.400864       4.2639646       4.2639646
              1       5.2758678        1.071983       1.0353661        3.400864         3.400864       3.7500077       3.7500077
              1       5.8941524        1.214098       1.1018612        3.400864         3.400864       4.9865768       4.9865768
              1       5.2067676      0.78757628      0.88745495        3.400864         3.400864       3.6118072       3.6118072
              1       5.0461592       0.9279508      0.96330203        3.400864         3.400864       3.2905903       3.2905903
              2       5.1042144      0.83877808      0.91584828        3.400864         3.400864       3.4067007       3.4067007
              1       5.2500323      0.77126889      0.87821916        3.400864         3.400864       3.6983365       3.6983365
              2       5.3137683       1.0842101       1.0412541        3.400864         3.400864       3.8258086       3.8258086
              2       5.2411859       1.0598792       1.0295043        3.400864         3.400864       3.6806439       3.6806439
              1       5.1601854       1.0265108       1.0131687        3.400864         3.400864       3.5186428       3.5186428
              1       5.3188926      0.74853562      0.86517953        3.400864         3.400864       3.8360571       3.8360571
              3        5.088537       0.8499591      0.92193226        3.400864         3.400864        3.375346        3.375346
              4       5.0475805      0.93341075      0.96613185        3.400864         3.400864        3.293433        3.293433
              2        5.050185      0.94028156      0.96968116        3.400864         3.400864       3.2986421       3.2986421
              1       5.0531217        0.946136      0.97269523        3.400864         3.400864       3.3045155       3.3045155
              1       5.5072779      0.69808259      0.83551337        3.400864         3.400864       4.2128278       4.2128278
              1       5.5012959      0.69950482      0.83636405        3.400864         3.400864       4.2008638       4.2008638
              1       6.0841292       1.2456399       1.1160824        3.400864         3.400864       5.3665304       5.3665304
              5       5.1483478      0.81359307      0.90199394        3.400864         3.400864       3.4949675       3.4949675
              1       5.1209125       0.8284048      0.91016746        3.400864         3.400864       3.4400969       3.4400969
              1        5.053284      0.94642528      0.97284391        3.400864         3.400864       3.3048399       3.3048399
              1       5.9663429        1.226463       1.1074579        3.400864         3.400864       5.1309578       5.1309578
              7       5.1882418       1.0391067       1.0193659        3.400864         3.400864       3.5747555       3.5747555
              1       5.1990934       1.0436426       1.0215883        3.400864         3.400864       3.5964589       3.5964589
              1       5.2379021       0.7756513      0.88071068        3.400864         3.400864       3.6740763       3.6740763
              1       6.2066118       1.2644602       1.1244822        3.400864         3.400864       5.6114956       5.6114956
              1        6.786554      0.49192096      0.70137077        3.400864         3.400864       6.7713799       6.7713799
              1       5.6543513      0.66563237      0.81586296        3.400864         3.400864       4.5069746       4.5069746
              3       5.0484324      0.89839386      0.94783641        3.400864         3.400864       3.2951368       3.2951368
              2       5.0678648      0.96584968      0.98277652        3.400864         3.400864       3.3340015       3.3340015
              1       5.1862092       1.0382382       1.0189398        3.400864         3.400864       3.5706904       3.5706904
              1       5.0478344      0.90012801      0.94875076        3.400864         3.400864       3.2939408       3.2939408
              2       5.0582852      0.88007835      0.93812491        3.400864         3.400864       3.3148424       3.3148424
              7        5.045775      0.92590833       0.9622413        3.400864         3.400864       3.2898221       3.2898221
              2       5.8593108       1.2079422       1.0990643        3.400864         3.400864       4.9168937       4.9168937
              1       5.3165551      0.74925683      0.86559623        3.400864         3.400864       3.8313822       3.8313822
              5       5.0903424      0.98575225      0.99285057        3.400864         3.400864       3.3789567       3.3789567
              5       5.2288103       1.0553037       1.0272797        3.400864         3.400864       3.6558926       3.6558926
              1       5.7298256       0.6505086      0.80654113        3.400864         3.400864       4.6579231       4.6579231
              2       5.4622148       1.1252954       1.0607994        3.400864         3.400864       4.1227017       4.1227017
              1       5.1332068       1.0128475       1.0064032        3.400864         3.400864       3.4646857       3.4646857
              1       5.0634637       0.8734256      0.93457242        3.400864         3.400864       3.3251995       3.3251995
              1       6.0283314       1.2366989       1.1120697        3.400864         3.400864       5.2549348       5.2549348
              3       6.2817461       1.2755163       1.1293876        3.400864         3.400864       5.7617642       5.7617642
              2       5.8916395      0.62067249       0.7878277        3.400864         3.400864       4.9815511       4.9815511
              4       7.1179045      0.45322671      0.67322114        3.400864         3.400864       7.4340809       7.4340809
              1       5.1279331       1.0099417       1.0049586        3.400864         3.400864       3.4541381       3.4541381
              1       5.1365888       1.0146653       1.0073059        3.400864         3.400864       3.4714496       3.4714496
              4       5.0455662      0.90976549      0.95381628        3.400864         3.400864       3.2894045       3.2894045
              8       5.1976211       1.0430368       1.0212917        3.400864         3.400864       3.5935142       3.5935142
              1       5.1781863      0.79958326       0.8941942        3.400864         3.400864       3.5546446       3.5546446
              4       5.6728353       1.1724852       1.0828135        3.400864         3.400864       4.5439425       4.5439425
              4       5.0606694      0.87687874      0.93641804        3.400864         3.400864       3.3196108       3.3196108
              3       5.2639295       1.0679263       1.0334052        3.400864         3.400864       3.7261311       3.7261311
              4       6.3394696        1.283784       1.1330419        3.400864         3.400864       5.8772111       5.8772111
              1       5.0729161      0.97096753      0.98537685        3.400864         3.400864       3.3441041       3.3441041
              2       6.3633243      0.54718413      0.73971895        3.400864         3.400864       5.9249206       5.9249206
              3       5.0810395      0.97830602      0.98909353        3.400864         3.400864       3.3603509       3.3603509
              1       5.2200337       1.0519647       1.0256533        3.400864         3.400864       3.6383394       3.6383394
              3       5.0688177      0.96685549       0.9832881        3.400864         3.400864       3.3359073       3.3359073
              4       5.0956518      0.84467084      0.91905976        3.400864         3.400864       3.3895755       3.3895755
              5       5.4280286      0.71774547       0.8471986        3.400864         3.400864       4.0543292       4.0543292
              2       5.1188395       1.0047051       1.0023498        3.400864         3.400864       3.4359511       3.4359511
              1       5.1983025       1.0433175       1.0214292        3.400864         3.400864        3.594877        3.594877
              1       5.1181792       1.0043126        1.002154        3.400864         3.400864       3.4346304       3.4346304
              1       5.1200236       1.0054046       1.0026987        3.400864         3.400864       3.4383193       3.4383193
              2       5.1276112       0.8245694      0.90805804        3.400864         3.400864       3.4534944       3.4534944
              2       5.6643323      0.66358058      0.81460456        3.400864         3.400864       4.5269366       4.5269366
              1       5.4017841       1.1096315       1.0533905        3.400864         3.400864       4.0018403       4.0018403
              5       5.2127278      0.78521001      0.88612076        3.400864         3.400864       3.6237276       3.6237276
              2        5.373343      0.73253076      0.85588011        3.400864         3.400864       3.9449581       3.9449581
              1       5.1515711      0.81198969      0.90110471        3.400864         3.400864       3.5014142       3.5014142
              2        5.682287          1.1744       1.0836974        3.400864         3.400864        4.562846        4.562846
              1       5.0994013      0.84203351      0.91762384        3.400864         3.400864       3.3970746       3.3970746
              2       5.0574571       0.8812563      0.93875252        3.400864         3.400864       3.3131862       3.3131862
              1       5.3040191        1.081152       1.0397846        3.400864         3.400864       3.8063102       3.8063102
              2       5.0493062       0.9382153      0.96861515        3.400864         3.400864       3.2968843       3.2968843
              2        5.752218        1.188147       1.0900215        3.400864         3.400864       4.7027079       4.7027079
              1       5.2764141       1.0721661       1.0354545        3.400864         3.400864       3.7511003       3.7511003
              1       5.8902705       1.2134185       1.1015528        3.400864         3.400864        4.978813        4.978813
              2       5.5304213      0.69266504        0.832265        3.400864         3.400864       4.2591147       4.2591147
              2       5.3338551       1.0903407       1.0441938        3.400864         3.400864       3.8659822       3.8659822
              1       5.2514309       1.0635588       1.0312899        3.400864         3.400864       3.7011338       3.7011338
              2       5.2222623       1.0528204       1.0260703        3.400864         3.400864       3.6427967       3.6427967
              2       5.5495429      0.68828567      0.82962984        3.400864         3.400864       4.2973578       4.2973578
              1        5.058986      0.95522095      0.97735406        3.400864         3.400864       3.3162441       3.3162441
              1       5.2109469       1.0484183        1.023923        3.400864         3.400864       3.6201659       3.6201659
              1       5.3569868      0.73718879      0.85859699        3.400864         3.400864       3.9122457       3.9122457
              1       5.4763658       1.1287959       1.0624481        3.400864         3.400864       4.1510036       4.1510036
              1       5.0706418      0.86560458      0.93037873        3.400864         3.400864       3.3395557       3.3395557
              1       5.6440548       1.1665641        1.080076        3.400864         3.400864       4.4863816       4.4863816
              6       5.4787352      0.70495442      0.83961564        3.400864         3.400864       4.1557423       4.1557423
              2       5.4216804       0.7194051      0.84817752        3.400864         3.400864       4.0416329       4.0416329
              2       5.3608575       1.0982552       1.0479767        3.400864         3.400864        3.919987        3.919987
              2       5.1255765       1.0086135       1.0042975        3.400864         3.400864        3.449425        3.449425
              1       5.0450859      0.91495718      0.95653394        3.400864         3.400864       3.2884437       3.2884437
              1       5.5498781       1.1461212       1.0705705        3.400864         3.400864       4.2980282       4.2980282
              1       5.4217151       1.1149348       1.0559047        3.400864         3.400864       4.0417022       4.0417022
              1       5.8324252       1.2031015       1.0968598        3.400864         3.400864       4.8631224       4.8631224
              1       5.4734669       1.1280836       1.0621128        3.400864         3.400864       4.1452057       4.1452057
              4        8.508413       1.5168526       1.2316057        3.400864         3.400864       10.215098       10.215098
              4       7.7476324       1.4469086       1.2028752        3.400864         3.400864       8.6935367       8.6935367
              3       5.5477722       1.1456432       1.0703472        3.400864         3.400864       4.2938165       4.2938165
              4       8.7086638      0.30038505      0.54807395        3.400864         3.400864         10.6156         10.6156
              8       5.7106839       0.6542619      0.80886458        3.400864         3.400864       4.6196398       4.6196398
              1       5.1192104      0.82940605      0.91071732        3.400864         3.400864       3.4366927       3.4366927
              1       5.2350448       1.0576273       1.0284101        3.400864         3.400864       3.6683617       3.6683617
              3       6.4714543       0.5323096      0.72959551        3.400864         3.400864       6.1411806       6.1411806
              5       5.2794201      0.76116117      0.87244551        3.400864         3.400864       3.7571122       3.7571122
              2       5.0881348      0.98406033      0.99199815        3.400864         3.400864       3.3745416       3.3745416
              1       6.9888211      0.46790429       0.6840353        3.400864         3.400864       7.1759142       7.1759142
              3       6.3162936      0.55384372      0.74420677        3.400864         3.400864       5.8308592       5.8308592
              2       5.8533864      0.62744833      0.79211636        3.400864         3.400864       4.9050449       4.9050449
              3       6.3189618      0.55346264       0.7439507        3.400864         3.400864       5.8361956       5.8361956
              2       5.3600022       1.0980098       1.0478596        3.400864         3.400864       3.9182764       3.9182764
              3       5.1427347       1.0178848       1.0089028        3.400864         3.400864       3.4837414       3.4837414
              2       5.3956982      0.72634811      0.85226059        3.400864         3.400864       3.9896685       3.9896685
              2       5.0932027      0.98788428      0.99392368        3.400864         3.400864       3.3846773       3.3846773
              1       6.4797763      0.53118856      0.72882684        3.400864         3.400864       6.1578247       6.1578247
              2        7.694224      0.39268269      0.62664399        3.400864         3.400864       8.5867199       8.5867199
              1       5.3554011      0.73764682      0.85886368        3.400864         3.400864       3.9090741       3.9090741
              1       5.0888545      0.84971427      0.92179947        3.400864         3.400864        3.375981        3.375981
              2        5.069111      0.86716972      0.93121948        3.400864         3.400864       3.3364941       3.3364941
              6       5.3060434       1.0817916       1.0400921        3.400864         3.400864       3.8103587       3.8103587
              2       5.0881641      0.98408308      0.99200962        3.400864         3.400864       3.3746003       3.3746003
              1       5.0628318      0.87418227      0.93497715        3.400864         3.400864       3.3239356       3.3239356
              1       5.5788698       1.1526036       1.0735938        3.400864         3.400864       4.3560116       4.3560116
              3       5.5336051      0.69192996      0.83182328        3.400864         3.400864       4.2654822       4.2654822
              1       5.4645586       0.7084516      0.84169567        3.400864         3.400864       4.1273891       4.1273891
              5       5.3454877      0.74053711      0.86054466        3.400864         3.400864       3.8892475       3.8892475
              2        6.238823      0.56508819      0.75172348        3.400864         3.400864        5.675918        5.675918
              3       5.2434387       1.0606964       1.0299012        3.400864         3.400864       3.6851494       3.6851494
              4       5.7464184       0.6472973      0.80454789        3.400864         3.400864       4.6911088       4.6911088
              4       5.2398266      0.77494701      0.88031074        3.400864         3.400864       3.6779252       3.6779252
              2       5.0451835      0.92104041       0.9597085        3.400864         3.400864        3.288639        3.288639
              1       5.5080625      0.69789672      0.83540213        3.400864         3.400864       4.2143971       4.2143971
              1       5.5685028       1.1503063       1.0725233        3.400864         3.400864       4.3352777       4.3352777
              1       5.3421307      0.74152666      0.86111942        3.400864         3.400864       3.8825333       3.8825333
              2       6.3261605      0.55243647       0.7432607        3.400864         3.400864       5.8505931       5.8505931
              2       5.0486052      0.93640881      0.96768218        3.400864         3.400864       3.2954823       3.2954823
              1       5.6407247       0.6684609      0.81759458        3.400864         3.400864       4.4797214       4.4797214
              1        5.307252       1.0821724       1.0402751        3.400864         3.400864       3.8127759       3.8127759
              6       5.1505037       1.0218129       1.0108476        3.400864         3.400864       3.4992793       3.4992793
              1        5.121116      0.82828584       0.9101021        3.400864         3.400864        3.440504        3.440504
              2       5.0454813      0.91038726      0.95414216        3.400864         3.400864       3.2892347       3.2892347
              3       5.0664615      0.96432951      0.98200281        3.400864         3.400864       3.3311951       3.3311951
              1       5.7044382       1.1788326       1.0857406        3.400864         3.400864       4.6071484       4.6071484
              1       5.7399676       1.1857896       1.0889397        3.400864         3.400864       4.6782072       4.6782072
              1       5.3030854       1.0808561       1.0396423        3.400864         3.400864       3.8044428       3.8044428
              4       5.3224978      0.74742927      0.86453992        3.400864         3.400864       3.8432675       3.8432675
              2       5.4594328       1.1246003       1.0604717        3.400864         3.400864       4.1171376       4.1171376
              1       5.0627252      0.87431116      0.93504608        3.400864         3.400864       3.3237225       3.3237225
              2       8.1383454       1.4839089        1.218158        3.400864         3.400864       9.4749629       9.4749629
              5        5.146063      0.81474474      0.90263212        3.400864         3.400864       3.4903981       3.4903981
              1       7.3663185      0.42621372      0.65285046        3.400864         3.400864        7.930909        7.930909
              2       5.0535664      0.88740862      0.94202369        3.400864         3.400864       3.3054048       3.3054048
              1       5.0562416       0.9512718      0.97533164        3.400864         3.400864       3.3107551       3.3107551
              4       5.1715055      0.80257111      0.89586333        3.400864         3.400864       3.5412831       3.5412831
              3       5.1637412      0.80614455      0.89785553        3.400864         3.400864       3.5257544       3.5257544
              2       7.4540874       1.4173126       1.1905094        3.400864         3.400864       8.1064468       8.1064468
              1       5.5231062       1.1399677       1.0676927        3.400864         3.400864       4.2444844       4.2444844
              2       5.2386553      0.77537525      0.88055395        3.400864         3.400864       3.6755826       3.6755826
              3       6.5804674      0.51787412      0.71963471        3.400864         3.400864       6.3592068       6.3592068
              3       6.7964745      0.49071148      0.70050802        3.400864         3.400864       6.7912209       6.7912209
              1       5.3420066      0.74156334      0.86114072        3.400864         3.400864       3.8822852       3.8822852
              3       5.1735115      0.80166586      0.89535795        3.400864         3.400864        3.545295        3.545295
              1       5.0455407      0.90994684      0.95391134        3.400864         3.400864       3.2893534       3.2893534
              1       5.0815939      0.97877503       0.9893306        3.400864         3.400864       3.3614598       3.3614598
              1       5.0466741      0.93019581      0.96446659        3.400864         3.400864       3.2916201       3.2916201
              1       5.1984266      0.79096223      0.88936058        3.400864         3.400864       3.5951252       3.5951252
              5       5.1557636       1.0243907       1.0121219        3.400864         3.400864       3.5097993       3.5097993
              2       5.4833664       1.1305064       1.0632528        3.400864         3.400864       4.1650047       4.1650047
              2       5.0481376      0.93510315      0.96700732        3.400864         3.400864       3.2945473       3.2945473
              2       5.2858944      0.75902119      0.87121822        3.400864         3.400864       3.7700608       3.7700608
              1       5.0658055      0.87072904      0.93312863        3.400864         3.400864       3.3298831       3.3298831
              1       5.7608823      0.64452888      0.80282556        3.400864         3.400864       4.7200366       4.7200366
              1       5.5571076       1.1477547       1.0713332        3.400864         3.400864       4.3124872       4.3124872
              1       5.1491284      0.81320246      0.90177739        3.400864         3.400864       3.4965289       3.4965289
              2       5.2656344       1.0685123       1.0336887        3.400864         3.400864       3.7295408       3.7295408
              1       5.4336754       1.1180501       1.0573789        3.400864         3.400864       4.0656229       4.0656229
              1       5.2829949       1.0743549       1.0365109        3.400864         3.400864       3.7642618       3.7642618
              1        5.083467       0.8539971      0.92411963        3.400864         3.400864       3.3652059       3.3652059
              5       5.0485699      0.89801733      0.94763776        3.400864         3.400864       3.2954118       3.2954118
              1       5.3666982        1.099922       1.0487717        3.400864         3.400864       3.9316684       3.9316684
              3       5.1030611      0.99478516      0.99738917        3.400864         3.400864       3.4043942       3.4043942
              3       5.0479842      0.89967737      0.94851324        3.400864         3.400864       3.2942404       3.2942404
              3        5.047848      0.93424445      0.96656321        3.400864         3.400864       3.2939681       3.2939681
              2       5.7168368      0.65304963      0.80811486        3.400864         3.400864       4.6319456       4.6319456
              1       6.1454964       1.2552004       1.1203573        3.400864         3.400864       5.4892648       5.4892648
              2       6.6066107       1.3198417       1.1488436        3.400864         3.400864       6.4114935       6.4114935
              2       5.7704335      0.64271608      0.80169575        3.400864         3.400864       4.7391389       4.7391389
              4       5.0469681      0.90301195      0.95026941        3.400864         3.400864       3.2922082       3.2922082
              1        5.359089       1.0977474       1.0477344        3.400864         3.400864         3.91645         3.91645
              2       5.2612147      0.76734238      0.87598081        3.400864         3.400864       3.7207014       3.7207014
              2       5.8453362       1.2054363       1.0979236        3.400864         3.400864       4.8889443       4.8889443
              3       5.0795252      0.97700631       0.9884363        3.400864         3.400864       3.3573223       3.3573223
              4       5.1262188      0.82535343      0.90848964        3.400864         3.400864       3.4507096       3.4507096
              7       5.1823522       1.0365729       1.0181222        3.400864         3.400864       3.5629765       3.5629765
              1       5.0472382      0.93227723      0.96554505        3.400864         3.400864       3.2927484       3.2927484
              2       5.1959184      0.79199832      0.88994288        3.400864         3.400864       3.5901088       3.5901088
              2       5.0654807      0.87109366      0.93332398        3.400864         3.400864       3.3292334       3.3292334
              3        5.113998        1.001785       1.0008921        3.400864         3.400864       3.4262681       3.4262681
              2       5.0687557       0.8675401      0.93141832        3.400864         3.400864       3.3357834       3.3357834
              1       5.3151987       1.0846541       1.0414673        3.400864         3.400864       3.8286693       3.8286693
              3       5.0767245       0.8598058      0.92725714        3.400864         3.400864       3.3517211       3.3517211
              1       5.2601924       1.0666338       1.0327796        3.400864         3.400864       3.7186567       3.7186567
              1       5.4203153        1.114567       1.0557306        3.400864         3.400864       4.0389027       4.0389027
              5       6.0977666      0.58654241      0.76586057        3.400864         3.400864       5.3938052       5.3938052
              1       5.1396382      0.81805508      0.90446397        3.400864         3.400864       3.4775483       3.4775483
              1       5.3155441      0.74956972      0.86577694        3.400864         3.400864       3.8293602       3.8293602
              2       5.0885893      0.98441212      0.99217545        3.400864         3.400864       3.3754505       3.3754505
              4       5.0591609      0.95545875      0.97747571        3.400864         3.400864       3.3165938       3.3165938
              1       5.9550807       0.6097641      0.78087394        3.400864         3.400864       5.1084334       5.1084334
              2       6.7749591       1.3409919        1.158012        3.400864         3.400864       6.7481901       6.7481901
              1       6.1628704       1.2578584       1.1215429        3.400864         3.400864       5.5240127       5.5240127
              2       7.3258834       1.4038223       1.1848301        3.400864         3.400864       7.8500388       7.8500388
              1       7.2358544        1.394121        1.180729        3.400864         3.400864       7.6699808       7.6699808
              1        6.908746       1.3570754       1.1649358        3.400864         3.400864       7.0157639       7.0157639
              2       5.7134199       1.1806087       1.0865582        3.400864         3.400864       4.6251119       4.6251119
              2       5.0706359      0.86561052      0.93038192        3.400864         3.400864       3.3395439       3.3395439
              1       5.5722536      0.68319078      0.82655355        3.400864         3.400864       4.3427791       4.3427791
              1        5.424042      0.71878608      0.84781253        3.400864         3.400864        4.046356        4.046356
              1       5.0721628      0.97023564       0.9850054        3.400864         3.400864       3.3425975       3.3425975
              1       5.0594429      0.95583924      0.97767031        3.400864         3.400864       3.3171579       3.3171579
              2       5.2208238      0.78206217      0.88434279        3.400864         3.400864       3.6399195       3.6399195
              4       5.0485662      0.93630344      0.96762774        3.400864         3.400864       3.2954044       3.2954044
              2       5.1070897      0.83689624      0.91482033        3.400864         3.400864       3.4124514       3.4124514
              3       5.6568158       1.1692066       1.0812986        3.400864         3.400864       4.5119036       4.5119036
              1       8.8108332       1.5424869        1.241969        3.400864         3.400864       10.819938       10.819938
              3       8.7536971       1.5377249       1.2400504        3.400864         3.400864       10.705666       10.705666
              2       6.2784089       1.2750325       1.1291734        3.400864         3.400864       5.7550897       5.7550897
              1       6.1374458       1.2539617       1.1198043        3.400864         3.400864       5.4731637       5.4731637
              1       5.0807147      0.97802965      0.98895381        3.400864         3.400864       3.3597015       3.3597015
              3       5.0757944      0.97367683      0.98675064        3.400864         3.400864       3.3498607       3.3498607
              2        6.024717       1.2361111       1.1118053        3.400864         3.400864        5.247706        5.247706
              3       6.8288703       1.3475453       1.1608382        3.400864         3.400864       6.8560127       6.8560127
              4       5.1474114       1.0202673       1.0100828        3.400864         3.400864       3.4930948       3.4930948
              1       5.1185353      0.82980632      0.91093706        3.400864         3.400864       3.4353426       3.4353426
              4        6.044732       1.2393527       1.1132622        3.400864         3.400864        5.287736        5.287736
              7       6.1035405       1.2486939       1.1174497        3.400864         3.400864       5.4053531       5.4053531
              1       7.0173137       1.3697073       1.1703449        3.400864         3.400864       7.2328994       7.2328994
              1       8.9503021       1.5539612       1.2465798        3.400864         3.400864       11.098876       11.098876
              1       5.1557677       1.0243927       1.0121229        3.400864         3.400864       3.5098075       3.5098075
              2       5.6148569      0.67392086      0.82092683        3.400864         3.400864       4.4279858       4.4279858
              7       5.6724391      0.66192622      0.81358848        3.400864         3.400864       4.5431502       4.5431502
              1       5.5711715       1.1508998          1.0728        3.400864         3.400864        4.340615        4.340615
              3       5.0454125      0.92339421      0.96093403        3.400864         3.400864       3.2890971       3.2890971
              1       5.0572929       0.9528363      0.97613334        3.400864         3.400864       3.3128578       3.3128578
              1       5.1129964      0.83316264      0.91277743        3.400864         3.400864       3.4242647       3.4242647
              4       5.0752441      0.86116179      0.92798803        3.400864         3.400864       3.3487603       3.3487603
              1       5.1610245      0.80742233      0.89856682        3.400864         3.400864       3.5203211       3.5203211
              2       5.7934325       1.1959316       1.0935866        3.400864         3.400864       4.7851369       4.7851369
              2       5.9624473       1.2258084       1.1071623        3.400864         3.400864       5.1231665       5.1231665
              1       5.6703797       1.1719854       1.0825827        3.400864         3.400864       4.5390313       4.5390313
              3        5.511799       1.1373171       1.0664507        3.400864         3.400864         4.22187         4.22187
              1       5.2779727       1.0726872       1.0357061        3.400864         3.400864       3.7542174       3.7542174
              2       5.3211414       1.0864862       1.0423465        3.400864         3.400864       3.8405547       3.8405547
              4       5.0516878      0.94344086      0.97130884        3.400864         3.400864       3.3016476       3.3016476
              4       5.0513263      0.94271663      0.97093596        3.400864         3.400864       3.3009247       3.3009247
              4       5.0460169      0.92724292      0.96293453        3.400864         3.400864       3.2903059       3.2903059
              1       5.1852021       1.0378056       1.0187274        3.400864         3.400864       3.5686762       3.5686762
              1       5.2981235       1.0792747       1.0388815        3.400864         3.400864       3.7945189       3.7945189
              4       5.1341789       1.0133735       1.0066645        3.400864         3.400864       3.4666299       3.4666299
              4        5.136412      0.81975975      0.90540585        3.400864         3.400864        3.471096        3.471096
              1         5.48403       1.1306679       1.0633287        3.400864         3.400864        4.166332        4.166332
              1        7.330869       1.4043539       1.1850544        3.400864         3.400864       7.8600101       7.8600101
              3       5.3392981      0.74236596      0.86160661        3.400864         3.400864       3.8768683       3.8768683
              3       5.3707005      0.73327533      0.85631497        3.400864         3.400864        3.939673        3.939673
              1       5.5770848       1.1522097       1.0734103        3.400864         3.400864       4.3524417       4.3524417
              1       5.1525106       1.0228039       1.0113377        3.400864         3.400864       3.5032933       3.5032933
              4       5.2968081       1.0788529       1.0386784        3.400864         3.400864       3.7918881       3.7918881
              7        5.152227       1.0226644       1.0112687        3.400864         3.400864       3.5027261       3.5027261
              1       5.0902347      0.84866014      0.92122752        3.400864         3.400864       3.3787414       3.3787414
             10       5.0964352      0.84411194      0.91875565        3.400864         3.400864       3.3911424       3.3911424
              1       5.0462969      0.90573617      0.95170172        3.400864         3.400864       3.2908658       3.2908658
              4       5.1879623      0.79534314      0.89182013        3.400864         3.400864       3.5741966       3.5741966
              2       5.1611488       1.0269673       1.0133939        3.400864         3.400864       3.5205696       3.5205696
              3       8.2644281       1.4953437       1.2228425        3.400864         3.400864       9.7271283       9.7271283
              1       5.0692686      0.96732444      0.98352653        3.400864         3.400864       3.3368092       3.3368092
              1       5.0460154      0.92723512      0.96293049        3.400864         3.400864       3.2903028       3.2903028
              1       6.0616168       1.2420622       1.1144784        3.400864         3.400864       5.3215055       5.3215055
              1       7.5007554       1.4221338       1.1925325        3.400864         3.400864       8.1997827       8.1997827
              1       5.1036968      0.99520918      0.99760172        3.400864         3.400864       3.4056656       3.4056656
              7       5.1111015       0.9999888       0.9999944        3.400864         3.400864       3.4204751       3.4204751
              1       5.1355553      0.82021747      0.90565858        3.400864         3.400864       3.4693825       3.4693825
              1         5.14333      0.81613964      0.90340447        3.400864         3.400864       3.4849321       3.4849321
              1       5.2774545      0.76181669      0.87282111        3.400864         3.400864       3.7531811       3.7531811
              3       5.2623906      0.76693545      0.87574851        3.400864         3.400864       3.7230532       3.7230532
              1       5.5297504      0.69282026      0.83235825        3.400864         3.400864       4.2577727       4.2577727
              6       5.0838383      0.98063818      0.99027177        3.400864         3.400864       3.3659485       3.3659485
              1       5.0511019      0.94225641      0.97069893        3.400864         3.400864       3.3004757       3.3004757
              5        7.290207       0.4343296      0.65903688        3.400864         3.400864        7.778686        7.778686
              2       5.9285144      0.61428423      0.78376286        3.400864         3.400864       5.0553009       5.0553009
              4       5.1450773      0.81524565      0.90290954        3.400864         3.400864       3.4884266       3.4884266
              2       5.0756594       0.8607781      0.92778128        3.400864         3.400864       3.3495909       3.3495909
              1       5.2432178      0.77371434      0.87961033        3.400864         3.400864       3.6847077       3.6847077
              1       5.3406634       1.0923699        1.045165        3.400864         3.400864       3.8795989       3.8795989
