#        weight    minuslogpost              A2               A   minuslogprior minuslogprior__0            chi2   chi2__loglike
              1       5.3993655       1.4555238       1.2064509        3.400864         3.400864       3.9970029       3.9970029
              2       4.5619515      0.96383785      0.98175244        3.400864         3.400864       2.3221749       2.3221749
              2       4.6064644       1.0589338       1.0290451        3.400864         3.400864       2.4112009       2.4112009
              1       4.5744543      0.86711814      0.93119178        3.400864         3.400864       2.3471806       2.3471806
              1       4.7927021       1.2098349       1.0999249        3.400864         3.400864       2.7836762       2.7836762
              1       4.5613512       0.9123728      0.95518208        3.400864         3.400864       2.3209744       2.3209744
              1       4.5864636       1.0291472       1.0144689        3.400864         3.400864       2.3711991       2.3711991
              2       4.5900499      0.83731491      0.91504913        3.400864         3.400864       2.3783719       2.3783719
              2       4.5865916      0.84309716      0.91820322        3.400864         3.400864       2.3714553       2.3714553
              1       4.6626615      0.75429605      0.86850219        3.400864         3.400864       2.5235949       2.5235949
              1       5.3555208       1.4417861        1.200744        3.400864         3.400864       3.9093136       3.9093136
              1       4.6379343      0.77761105      0.88182257        3.400864         3.400864       2.4741406       2.4741406
              2       4.7718886       1.1973357       1.0942283        3.400864         3.400864       2.7420493       2.7420493
              1       6.7623351     0.095206471      0.30855546        3.400864         3.400864       6.7229423       6.7229423
              2       4.6444662      0.77113186      0.87814114        3.400864         3.400864       2.4872045       2.4872045
              4       4.5646554      0.89585554      0.94649645        3.400864         3.400864       2.3275829       2.3275829
              1       5.4433479       1.4689487        1.212002        3.400864         3.400864       4.0849679       4.0849679
              1       4.5908821       1.0364921       1.0180825        3.400864         3.400864       2.3800363       2.3800363
              9        4.570537      0.99555332      0.99777418        3.400864         3.400864        2.339346        2.339346
              1        4.570606      0.87672543      0.93633618        3.400864         3.400864       2.3394841       2.3394841
              2       4.9911312         1.30849       1.1438925        3.400864         3.400864       3.1805343       3.1805343
              2       5.2021551       1.3904762       1.1791846        3.400864         3.400864       3.6025822       3.6025822
              2       4.5916105      0.83481366      0.91368138        3.400864         3.400864       2.3814929       2.3814929
              1       4.6666021      0.75085111      0.86651665        3.400864         3.400864       2.5314763       2.5314763
              2       4.7279897       1.1687803       1.0811015        3.400864         3.400864       2.6542514       2.6542514
              4       4.9785645         1.30303       1.1415034        3.400864         3.400864        3.155401        3.155401
              2       4.5617413      0.90987796      0.95387523        3.400864         3.400864       2.3217547       2.3217547
              2       4.9846259      0.56679171       0.7528557        3.400864         3.400864       3.1675239       3.1675239
              1       4.6349295       1.0917832       1.0448843        3.400864         3.400864       2.4681311       2.4681311
              1       5.6347947       1.5238224        1.234432        3.400864         3.400864       4.4678613       4.4678613
              1       5.5831793       1.5095454       1.2286356        3.400864         3.400864       4.3646306       4.3646306
              3        5.411132       1.4591491       1.2079524        3.400864         3.400864        4.020536        4.020536
              2        4.564841      0.97734096      0.98860557        3.400864         3.400864       2.3279539       2.3279539
              1        5.204798       1.3914094       1.1795802        3.400864         3.400864        3.607868        3.607868
              1       7.0637022       1.8329471       1.3538638        3.400864         3.400864       7.3256765       7.3256765
              6       5.0343718       1.3266945       1.1518223        3.400864         3.400864       3.2670155       3.2670155
              2       4.6245565       1.0806802       1.0395577        3.400864         3.400864       2.4473849       2.4473849
              3       4.5994574      0.82307117       0.9072327        3.400864         3.400864       2.3971867       2.3971867
              2       4.7718676      0.67514265      0.82167064        3.400864         3.400864       2.7420072       2.7420072
              3       4.6387872       1.0957153       1.0467642        3.400864         3.400864       2.4758465       2.4758465
              1       4.5632249       0.9020134      0.94974386        3.400864         3.400864       2.3247218       2.3247218
              1       4.5597546      0.92870776      0.96369485        3.400864         3.400864       2.3177813       2.3177813
              1       4.6246579      0.79167246      0.88975977        3.400864         3.400864       2.4475879       2.4475879
              1       4.6995598       0.7242201      0.85101122        3.400864         3.400864       2.5973917       2.5973917
              2        4.909584      0.60098649      0.77523319        3.400864         3.400864       3.0174401       3.0174401
              9       5.3058039      0.44672294      0.66837335        3.400864         3.400864       3.8098799       3.8098799
              7        4.565687      0.98052219      0.99021321        3.400864         3.400864        2.329646        2.329646
              2       4.9662123      0.57488265      0.75821016        3.400864         3.400864       3.1306966       3.1306966
              5       5.3737336       1.4475375       1.2031365        3.400864         3.400864       3.9457393       3.9457393
              3       5.8688358       1.5846264       1.2588194        3.400864         3.400864       4.9359436       4.9359436
              2       5.0381477      0.54422126      0.73771353        3.400864         3.400864       3.2745674       3.2745674
              3       4.7776679       1.2008655       1.0958401        3.400864         3.400864       2.7536077       2.7536077
              1       4.8494914       1.2413453       1.1141568        3.400864         3.400864       2.8972547       2.8972547
              1       6.8710667       1.7977661        1.340808        3.400864         3.400864       6.9404054       6.9404054
              1       4.9837606      0.56716794      0.75310553        3.400864         3.400864       3.1657933       3.1657933
              2       5.1858106        1.384662       1.1767166        3.400864         3.400864       3.5698933       3.5698933
              3       4.5639447       0.9736772      0.98675083        3.400864         3.400864       2.3261614       2.3261614
              3       5.2583107      0.46255633      0.68011494        3.400864         3.400864       3.7148934       3.7148934
              4       5.1741732      0.49198955      0.70141967        3.400864         3.400864       3.5466183       3.5466183
              2       4.5600368      0.92409827       0.9613003        3.400864         3.400864       2.3183457       2.3183457
              2       4.5902028       1.0353983       1.0175452        3.400864         3.400864       2.3786776       2.3786776
              3       4.5933154       1.0403158       1.0199587        3.400864         3.400864       2.3849028       2.3849028
              1       4.7630028      0.68065206       0.8250164        3.400864         3.400864       2.7242777       2.7242777
              4       4.5726962      0.87133057      0.93345089        3.400864         3.400864       2.3436644       2.3436644
              1       4.6335795      0.78208194      0.88435397        3.400864         3.400864        2.465431        2.465431
              4       4.7004995       1.1489557       1.0718935        3.400864         3.400864        2.599271        2.599271
              2       4.5604961      0.95340008      0.97642208        3.400864         3.400864       2.3192642       2.3192642
              2       4.6508837       1.1074606       1.0523595        3.400864         3.400864       2.5000395       2.5000395
              1       5.1194639      0.51222286      0.71569747        3.400864         3.400864       3.4371998       3.4371998
              4       5.2228182       1.3977219       1.1822529        3.400864         3.400864       3.6439084       3.6439084
              1       6.4728324       1.7200459       1.3115052        3.400864         3.400864       6.1439369       6.1439369
              1       4.5612967      0.91274247      0.95537557        3.400864         3.400864       2.3208654       2.3208654
              5       4.6288319      0.78710872      0.88719148        3.400864         3.400864       2.4559358       2.4559358
              1       5.3588566      0.42962092      0.65545475        3.400864         3.400864       3.9159852       3.9159852
              3       4.8854006      0.61277557      0.78279983        3.400864         3.400864       2.9690733       2.9690733
              3       4.6500637      0.76577538      0.87508592        3.400864         3.400864       2.4983995       2.4983995
              1       4.5915099      0.83497294      0.91376854        3.400864         3.400864       2.3812919       2.3812919
              1       4.7294127      0.70270463      0.83827479        3.400864         3.400864       2.6570973       2.6570973
              1        4.762918         1.19176       1.0916776        3.400864         3.400864        2.724108        2.724108
              2       4.5608009      0.95604674      0.97777643        3.400864         3.400864       2.3198738       2.3198738
              1        4.615717      0.80196934      0.89552741        3.400864         3.400864        2.429706        2.429706
              2       4.5698183      0.87889032       0.9374915        3.400864         3.400864       2.3379085       2.3379085
              2       4.5824649      0.85050578       0.9222287        3.400864         3.400864       2.3632018       2.3632018
              1       4.8534677      0.62903481      0.79311715        3.400864         3.400864       2.9052073       2.9052073
              2       4.7376771       1.1753752       1.0841472        3.400864         3.400864       2.6736262       2.6736262
              6       4.6627703       1.1182654       1.0574807        3.400864         3.400864       2.5238127       2.5238127
              4        4.698368      0.72512459      0.85154248        3.400864         3.400864        2.595008        2.595008
              1       5.0855517      0.52526453      0.72475136        3.400864         3.400864       3.3693755       3.3693755
              4       4.6381146       0.7774287      0.88171917        3.400864         3.400864       2.4745011       2.4745011
              2       4.6997333      0.72408878      0.85093406        3.400864         3.400864       2.5977386       2.5977386
              1       4.7602594      0.68238133      0.82606376        3.400864         3.400864       2.7187908       2.7187908
              4       4.9256843       0.5933625      0.77030027        3.400864         3.400864       3.0496407       3.0496407
              1       5.1865368      0.48754345      0.69824312        3.400864         3.400864       3.5713455       3.5713455
              1       4.9350494      0.58900484      0.76746651        3.400864         3.400864       3.0683709       3.0683709
              1       5.0978687      0.52048046      0.72144332        3.400864         3.400864       3.3940094       3.3940094
              1       5.4429465      0.40363763      0.63532482        3.400864         3.400864       4.0841649       4.0841649
              1        5.403976      0.41551805       0.6446069        3.400864         3.400864        4.006224        4.006224
              2       4.8795149      0.61571038      0.78467215        3.400864         3.400864       2.9573019       2.9573019
              2       4.9276481       1.2800212       1.1313802        3.400864         3.400864       3.0535681       3.0535681
              3       4.6623319       1.1178782       1.0572976        3.400864         3.400864       2.5229358       2.5229358
              5       4.6765446      0.74243143      0.86164461        3.400864         3.400864       2.5513611       2.5513611
              4       4.5630106      0.90303397        0.950281        3.400864         3.400864       2.3242933       2.3242933
              1       4.5596235      0.94004322      0.96955826        3.400864         3.400864        2.317519        2.317519
              2       4.5595843        0.937625      0.96831038        3.400864         3.400864       2.3174407       2.3174407
              2       4.8119942      0.65153455       0.8071769        3.400864         3.400864       2.8222604       2.8222604
              1       6.5688364      0.13299493      0.36468469        3.400864         3.400864       6.3359447       6.3359447
              1       5.7680738      0.31328902      0.55972227        3.400864         3.400864       4.7344196       4.7344196
              3       5.3283986      0.43936737      0.66284792        3.400864         3.400864       3.8550692       3.8550692
              1       5.1486056       0.5013281      0.70804527        3.400864         3.400864       3.4954833       3.4954833
              1       5.5998365      0.35827395       0.5985599        3.400864         3.400864        4.397945        4.397945
              1       5.9694366       0.2633893      0.51321467        3.400864         3.400864       5.1371452       5.1371452
              1       4.6033989      0.81761058      0.90421821        3.400864         3.400864       2.4050699       2.4050699
              2       4.6651757      0.75209068      0.86723162        3.400864         3.400864       2.5286234       2.5286234
              1       5.2012265      0.48231745      0.69449079        3.400864         3.400864        3.600725        3.600725
              3       5.4912353       1.4831911       1.2178633        3.400864         3.400864       4.1807426       4.1807426
              4       5.7611648       1.5573931       1.2479556        3.400864         3.400864       4.7206015       4.7206015
              2       4.6082259       1.0612174       1.0301541        3.400864         3.400864       2.4147238       2.4147238
              2       4.5952575       1.0432697       1.0214058        3.400864         3.400864       2.3887871       2.3887871
              1       4.9476597      0.58322215      0.76368983        3.400864         3.400864       3.0935913       3.0935913
              2       4.7799399      0.67022498       0.8186727        3.400864         3.400864       2.7581518       2.7581518
              2       4.9150613       1.2740918       1.1287568        3.400864         3.400864       3.0283946       3.0283946
              1       5.5729542       1.5066747       1.2274668        3.400864         3.400864       4.3441803       4.3441803
              1       4.5686902      0.99032433      0.99515041        3.400864         3.400864       2.3356523       2.3356523
              6       4.6508579      0.76502896      0.87465934        3.400864         3.400864       2.4999879       2.4999879
              2       4.7322825      0.70073982      0.83710204        3.400864         3.400864       2.6628371       2.6628371
              2       6.9641169       1.8149357       1.3471955        3.400864         3.400864       7.1265058       7.1265058
              4       6.5060289      0.14564882      0.38163965        3.400864         3.400864       6.2103297       6.2103297
              3       4.7012534       1.1495239       1.0721585        3.400864         3.400864       2.6007787       2.6007787
              2       4.6682352      0.74944214      0.86570326        3.400864         3.400864       2.5347424       2.5347424
              1       4.5720677      0.87290457      0.93429362        3.400864         3.400864       2.3424073       2.3424073
              1       4.7109743      0.71574541      0.84601738        3.400864         3.400864       2.6202207       2.6202207
              1       4.6533418       1.1097501       1.0534468        3.400864         3.400864       2.5049555       2.5049555
              3        4.571387      0.99781096      0.99890488        3.400864         3.400864        2.341046        2.341046
              6       4.7474157      0.69063891      0.83104688        3.400864         3.400864       2.6931035       2.6931035
              1       4.5638361      0.97320857      0.98651334        3.400864         3.400864       2.3259442       2.3259442
              4       4.5620754      0.96454974      0.98211493        3.400864         3.400864       2.3224229       2.3224229
              2       4.6194748       1.0749169        1.036782        3.400864         3.400864       2.4372217       2.4372217
              3         5.35833      0.42978784      0.65558206        3.400864         3.400864        3.914932        3.914932
              1       7.0536751     0.041315385      0.20326186        3.400864         3.400864       7.3056221       7.3056221
              2       5.2841215       1.4185784       1.1910409        3.400864         3.400864        3.766515        3.766515
              1       5.6974142      0.33177476      0.57599893        3.400864         3.400864       4.5931004       4.5931004
              2       5.2595397      0.46213996      0.67980877        3.400864         3.400864       3.7173513       3.7173513
              2       4.5634722      0.97159321      0.98569428        3.400864         3.400864       2.3252164       2.3252164
              3       5.4719116        1.477489       1.2155201        3.400864         3.400864       4.1420951       4.1420951
              4       4.7151799        0.712704      0.84421798        3.400864         3.400864       2.6286318       2.6286318
              3       4.7160569      0.71207493      0.84384532        3.400864         3.400864       2.6303858       2.6303858
              2       5.5767094      0.36473467      0.60393267        3.400864         3.400864       4.3516908       4.3516908
              2       4.9551733      0.57982121      0.76145992        3.400864         3.400864       3.1086187       3.1086187
              5       5.0727043       1.3421506       1.1585123        3.400864         3.400864       3.3436806       3.3436806
              2       4.8514038         1.24235       1.1146076        3.400864         3.400864       2.9010797       2.9010797
              6       4.8229966       1.2270694       1.1077316        3.400864         3.400864       2.8442652       2.8442652
              1       4.5642157      0.89764365      0.94744058        3.400864         3.400864       2.3267034       2.3267034
              2         4.81509       1.2226714       1.1057447        3.400864         3.400864       2.8284521       2.8284521
              3       4.6686734      0.74906583      0.86548589        3.400864         3.400864       2.5356188       2.5356188
              8        4.592382       1.0388659       1.0192477        3.400864         3.400864       2.3830361       2.3830361
              6       4.7033946      0.72133566      0.84931482        3.400864         3.400864       2.6050613       2.6050613
              5       4.5660398      0.89068222      0.94375962        3.400864         3.400864       2.3303516       2.3303516
              4       6.4166483       1.7084515       1.3070775        3.400864         3.400864       6.0315685       6.0315685
              1       5.0942055       1.3505678       1.1621393        3.400864         3.400864       3.3866829       3.3866829
              1       5.4195291        1.461721       1.2090165        3.400864         3.400864       4.0373301       4.0373301
              3       5.8689976       1.5846665       1.2588354        3.400864         3.400864       4.9362673       4.9362673
              1       6.6641164       1.7582948       1.3260071        3.400864         3.400864       6.5265049       6.5265049
              4       5.3141811      0.44398296      0.66632047        3.400864         3.400864       3.8266343       3.8266343
              1       5.3911111       1.4529654       1.2053901        3.400864         3.400864       3.9804942       3.9804942
              2       4.6816488       1.1342174       1.0649964        3.400864         3.400864       2.5615696       2.5615696
              1       5.2544701       0.4638599      0.68107261        3.400864         3.400864       3.7072123       3.7072123
              2       5.2224354      0.47487663      0.68911293        3.400864         3.400864       3.6431428       3.6431428
              5       4.5597374      0.94337994      0.97127748        3.400864         3.400864       2.3177468       2.3177468
              3       4.5978558       0.8253668        0.908497        3.400864         3.400864       2.3939835       2.3939835
              1       5.2667782      0.45969488      0.67800803        3.400864         3.400864       3.7318284       3.7318284
              2        5.088914      0.52395309      0.72384604        3.400864         3.400864       3.3760999       3.3760999
              1       4.7403034        1.177132       1.0849571        3.400864         3.400864       2.6788788       2.6788788
              1       5.0979841       1.3520295        1.162768        3.400864         3.400864       3.3942403       3.3942403
              1       5.3311488       1.4339859       1.1974915        3.400864         3.400864       3.8605695       3.8605695
              2       4.7541415       0.6862807      0.82842061        3.400864         3.400864       2.7065549       2.7065549
              2        4.837817        1.235139       1.1113681        3.400864         3.400864       2.8739061       2.8739061
              2       4.6526016      0.76340151      0.87372851        3.400864         3.400864       2.5034751       2.5034751
              1       4.5711848       0.9972816      0.99863988        3.400864         3.400864       2.3406417       2.3406417
              1       5.4633055       0.3975352      0.63050393        3.400864         3.400864       4.1248831       4.1248831
              1       5.3802122      0.42289756      0.65030574        3.400864         3.400864       3.9586964       3.9586964
              1       4.8279039       0.6426994      0.80168535        3.400864         3.400864       2.8540799       2.8540799
              3       4.6067625       0.8131421      0.90174392        3.400864         3.400864       2.4117971       2.4117971
              1       4.8451675      0.63340391      0.79586676        3.400864         3.400864        2.888607        2.888607
              1       4.7219422       1.1645669        1.079151        3.400864         3.400864       2.6421564       2.6421564
              1       4.5758445       1.0085046       1.0042433        3.400864         3.400864       2.3499611       2.3499611
              5       4.8870776       1.2605211       1.1227293        3.400864         3.400864       2.9724271       2.9724271
              1         4.66338       1.1188023       1.0577345        3.400864         3.400864       2.5250321       2.5250321
              1       4.6136667      0.80444392      0.89690798        3.400864         3.400864       2.4256054       2.4256054
              2       4.6265308       1.0828583       1.0406048        3.400864         3.400864       2.4513337       2.4513337
              1       4.7360218       1.1742613       1.0836334        3.400864         3.400864       2.6703156       2.6703156
              1       4.9425685      0.58554536      0.76520936        3.400864         3.400864       3.0834089       3.0834089
              1       4.5748428      0.86622134      0.93071013        3.400864         3.400864       2.3479577       2.3479577
              3       5.8794393       1.5872467       1.2598598        3.400864         3.400864       4.9571507       4.9571507
              2       6.2527625       1.6735906       1.2936733        3.400864         3.400864       5.7037971       5.7037971
              2       4.6873705      0.73366112      0.85654021        3.400864         3.400864        2.573013        2.573013
              1       5.2608946      0.46168133      0.67947136        3.400864         3.400864       3.7200611       3.7200611
              1       4.5623897      0.90618638      0.95193822        3.400864         3.400864       2.3230515       2.3230515
              1        4.872725      0.61912983      0.78684803        3.400864         3.400864       2.9437219       2.9437219
              1       7.6166753        1.927021       1.3881718        3.400864         3.400864       8.4316227       8.4316227
              4       4.8457886      0.63307477      0.79565996        3.400864         3.400864       2.8898492       2.8898492
              2       4.6124224       1.0664967       1.0327133        3.400864         3.400864       2.4231168       2.4231168
              8       4.5636662      0.97246326      0.98613552        3.400864         3.400864       2.3256043       2.3256043
              2        4.779932      0.67022974       0.8186756        3.400864         3.400864        2.758136        2.758136
              3       4.7605763       1.1902844       1.0910016        3.400864         3.400864       2.7194247       2.7194247
              1       4.7160172        1.160362        1.077201        3.400864         3.400864       2.6303063       2.6303063
              3        5.335016      0.43723363      0.66123644        3.400864         3.400864       3.8683041       3.8683041
              2       4.5689394      0.88140626      0.93883239        3.400864         3.400864       2.3361508       2.3361508
              1        5.218643      0.47619832      0.69007124        3.400864         3.400864        3.635558        3.635558
              3       4.6088115      0.81049793      0.90027659        3.400864         3.400864        2.415895        2.415895
              1       5.0590061      0.53576949      0.73196277        3.400864         3.400864       3.3162842       3.3162842
              2       5.2264274       1.3989759       1.1827831        3.400864         3.400864       3.6511268       3.6511268
              2       4.7179744       1.1617597       1.0778496        3.400864         3.400864       2.6342208       2.6342208
              1        4.649896       1.1065319       1.0519182        3.400864         3.400864       2.4980641       2.4980641
              2       4.6320151       1.0887453       1.0434296        3.400864         3.400864       2.4623022       2.4623022
              2       4.5733399      0.86975718      0.93260773        3.400864         3.400864       2.3449519       2.3449519
              2       4.5869116       1.0299182       1.0148489        3.400864         3.400864       2.3720953       2.3720953
              1        5.171269        1.379425       1.1744892        3.400864         3.400864       3.5408099       3.5408099
              1       5.2688592      0.45899428      0.67749117        3.400864         3.400864       3.7359904       3.7359904
              3       4.5948224      0.82985032      0.91096121        3.400864         3.400864       2.3879168       2.3879168
              1       4.6947892      0.72786412      0.85314953        3.400864         3.400864       2.5878505       2.5878505
              1       6.1066351       1.6410546       1.2810365        3.400864         3.400864       5.4115422       5.4115422
              3       5.5240226       1.4927322       1.2217742        3.400864         3.400864       4.2463172       4.2463172
              1       5.0436484      0.54197479      0.73618937        3.400864         3.400864       3.2855688       3.2855688
              4       4.8716309       1.2527811        1.119277        3.400864         3.400864       2.9415338       2.9415338
              1       5.1826002       1.3835111       1.1762275        3.400864         3.400864       3.5634725       3.5634725
              3       5.4966044       1.4847648       1.2185093        3.400864         3.400864       4.1914808       4.1914808
              1        5.531456      0.37759263      0.61448566        3.400864         3.400864       4.2611841       4.2611841
              2       5.5947823      0.35967969      0.59973301        3.400864         3.400864       4.3878367       4.3878367
              5        4.589228       1.0338072       1.0167631        3.400864         3.400864       2.3767281       2.3767281
              2       5.2580841       1.4098322       1.1873636        3.400864         3.400864       3.7144403       3.7144403
              1       4.7088911      0.71726763      0.84691655        3.400864         3.400864       2.6160542       2.6160542
              5       5.3484087      0.43294294        0.657984        3.400864         3.400864       3.8950894       3.8950894
              1       4.5736004       0.8691311      0.93227201        3.400864         3.400864       2.3454728       2.3454728
              1        5.109138       1.3563143       1.1646091        3.400864         3.400864       3.4165481       3.4165481
              6       4.5914612       1.0374152       1.0185358        3.400864         3.400864       2.3811944       2.3811944
              1       7.1442387       1.8472529       1.3591368        3.400864         3.400864       7.4867494       7.4867494
              1       5.2185275       1.3962267       1.1816204        3.400864         3.400864       3.6353269       3.6353269
              3       4.5856241       1.0276852       1.0137481        3.400864         3.400864       2.3695203       2.3695203
              2       4.7780691       1.2011088       1.0959511        3.400864         3.400864       2.7544103       2.7544103
              2       4.7329536      0.70028276      0.83682899        3.400864         3.400864       2.6641791       2.6641791
              2       6.3648301      0.17486376      0.41816714        3.400864         3.400864       5.9279322       5.9279322
              2         4.60724       1.0599444        1.029536        3.400864         3.400864        2.412752        2.412752
              1       4.7108702       1.1566441       1.0754739        3.400864         3.400864       2.6200125       2.6200125
              1       4.5658464      0.98109631      0.99050306        3.400864         3.400864       2.3299648       2.3299648
              4       5.0004772       1.3124994       1.1456437        3.400864         3.400864       3.1992265       3.1992265
              7       4.6773391      0.74177433      0.86126322        3.400864         3.400864       2.5529502       2.5529502
              4       4.5752451       1.0071605       1.0035738        3.400864         3.400864       2.3487622       2.3487622
              2       6.7483462       1.7745841       1.3321352        3.400864         3.400864       6.6949643       6.6949643
              2        4.564011      0.97396035       0.9868943        3.400864         3.400864        2.326294        2.326294
              1       4.6165562       1.0714958       1.0351308        3.400864         3.400864       2.4313843       2.4313843
              1        4.643005      0.77255901      0.87895336        3.400864         3.400864        2.484282        2.484282
              2       4.9625321      0.57652153      0.75929015        3.400864         3.400864       3.1233363       3.1233363
              1       5.4902656      0.38955903      0.62414664        3.400864         3.400864       4.1788031       4.1788031
              4       4.7430121       1.1789305       1.0857857        3.400864         3.400864       2.6842962       2.6842962
              4       4.6787144      0.74064208      0.86060565        3.400864         3.400864       2.5557008       2.5557008
              1       4.5738828       1.0040066       1.0020013        3.400864         3.400864       2.3460376       2.3460376
              2       5.0071966       1.3153557       1.1468896        3.400864         3.400864       3.2126652       3.2126652
             11        4.758584      0.68344315      0.82670621        3.400864         3.400864       2.7154401       2.7154401
              4       4.7498017      0.68908406      0.83011087        3.400864         3.400864       2.6978753       2.6978753
              6       4.6718443       1.1261001       1.0611786        3.400864         3.400864       2.5419606       2.5419606
             11       5.3161027      0.44335663       0.6658503        3.400864         3.400864       3.8304774       3.8304774
              1       4.9013657       1.2675196       1.1258417        3.400864         3.400864       3.0010034       3.0010034
              3       4.5637112      0.97266242      0.98623649        3.400864         3.400864       2.3256945       2.3256945
              4       4.5758137       1.0084361       1.0042092        3.400864         3.400864       2.3498994       2.3498994
              1       4.8063388       1.2177234       1.1035051        3.400864         3.400864       2.8109497       2.8109497
              1       6.2845856       1.6804876       1.2963362        3.400864         3.400864       5.7674432       5.7674432
              8       4.5714843      0.87440119      0.93509422        3.400864         3.400864       2.3412406       2.3412406
              1       4.9102492      0.60066809       0.7750278        3.400864         3.400864       3.0187704       3.0187704
              2       5.3858114       0.4211493      0.64896017        3.400864         3.400864       3.9698947       3.9698947
              4        6.839105     0.080676378      0.28403587        3.400864         3.400864        6.876482        6.876482
              1       6.5025317      0.14635937      0.38256943        3.400864         3.400864       6.2033353       6.2033353
              4       4.5617567      0.90978434      0.95382616        3.400864         3.400864       2.3217855       2.3217855
              1       4.6337154      0.78194047      0.88427398        3.400864         3.400864       2.4657027       2.4657027
              1       6.5409621      0.13858601      0.37227142        3.400864         3.400864       6.2801962       6.2801962
              2       4.5645602      0.89623606      0.94669745        3.400864         3.400864       2.3273924       2.3273924
              1       4.5654562      0.97967734      0.98978651        3.400864         3.400864       2.3291843       2.3291843
              6       4.7524052       1.1850669       1.0886078        3.400864         3.400864       2.7030824       2.7030824
              3       4.5830018      0.84950601       0.9216865        3.400864         3.400864       2.3642757       2.3642757
              2       4.7850691       1.2053184       1.0978699        3.400864         3.400864       2.7684101       2.7684101
              3       4.8658952      0.62260693      0.78905446        3.400864         3.400864       2.9300623       2.9300623
              1       4.5702687      0.99482268      0.99740798        3.400864         3.400864       2.3388094       2.3388094
              8       4.6192879       1.0747003       1.0366775        3.400864         3.400864       2.4368477       2.4368477
              2        6.507282        1.727071       1.3141807        3.400864         3.400864       6.2128359       6.2128359
              2       4.6574384       1.1135002       1.0552252        3.400864         3.400864       2.5131488       2.5131488
              1       4.8445456      0.63373381        0.796074        3.400864         3.400864       2.8873632       2.8873632
              2       4.9317213      0.59054715      0.76847066        3.400864         3.400864       3.0617146       3.0617146
              1       4.5991241      0.82354493      0.90749376        3.400864         3.400864       2.3965203       2.3965203
              1       4.8945549       1.2642022       1.1243675        3.400864         3.400864       2.9873818       2.9873818
              1       4.5615831      0.91086038      0.95439005        3.400864         3.400864       2.3214382       2.3214382
              1       6.9594788     0.058377509      0.24161438        3.400864         3.400864       7.1172296       7.1172296
              1       4.6829265      0.73721454      0.85861199        3.400864         3.400864        2.564125        2.564125
              2       5.7232157      0.32495986      0.57005251        3.400864         3.400864       4.6447033       4.6447033
              3       6.5933429       0.1281113      0.35792638        3.400864         3.400864       6.3849579       6.3849579
              1       4.7984282      0.65929072      0.81196719        3.400864         3.400864       2.7951283       2.7951283
              7       5.4295187       1.4647643       1.2102745        3.400864         3.400864       4.0573095       4.0573095
              1       8.5949399       2.0745608       1.4403336        3.400864         3.400864       10.388152       10.388152
              2       9.3022669       2.1702992       1.4731935        3.400864         3.400864       11.802806       11.802806
              1       7.6357687       1.9301102        1.389284        3.400864         3.400864       8.4698093       8.4698093
              1       5.8816934       1.5878024       1.2600803        3.400864         3.400864       4.9616587       4.9616587
              4       6.4364423        1.712556       1.3086466        3.400864         3.400864       6.0711567       6.0711567
              1       7.1372171       1.8460146       1.3586812        3.400864         3.400864       7.4727063       7.4727063
              2       6.4844182      0.15004984      0.38736267        3.400864         3.400864       6.1671084       6.1671084
              1       4.9408964       1.2861537       1.1340872        3.400864         3.400864       3.0800649       3.0800649
              3       4.8522999       1.2428196       1.1148182        3.400864         3.400864       2.9028718       2.9028718
              2       4.9927691      0.56326956      0.75051286        3.400864         3.400864       3.1838103       3.1838103
              8       4.5637535       0.9728483      0.98633073        3.400864         3.400864        2.325779        2.325779
              9        5.614971      0.35408483      0.59505027        3.400864         3.400864        4.428214        4.428214
              1       5.7655022       1.5585132       1.2484043        3.400864         3.400864       4.7292765       4.7292765
              1       6.6388776       1.7533506       1.3241415        3.400864         3.400864       6.4760271       6.4760271
              1       6.2249858       1.6675174       1.2913239        3.400864         3.400864       5.6482435       5.6482435
              1       5.4378371       1.4672853       1.2113155        3.400864         3.400864       4.0739463       4.0739463
              1       4.8634995      0.62383577      0.78983275        3.400864         3.400864       2.9252709       2.9252709
              4        6.275732      0.19389014      0.44032958        3.400864         3.400864       5.7497361       5.7497361
              5       6.6879371      0.10953128       0.3309551        3.400864         3.400864       6.5741462       6.5741462
              1        4.649966      0.76586741      0.87513851        3.400864         3.400864       2.4982041       2.4982041
              3       6.0940293      0.23428819      0.48403325        3.400864         3.400864       5.3863307       5.3863307
              4       5.6601295      0.34176071      0.58460304        3.400864         3.400864        4.518531        4.518531
              2       4.6827566      0.73735166      0.85869183        3.400864         3.400864       2.5637852       2.5637852
              1       4.8048963       1.2168994       1.1031316        3.400864         3.400864       2.8080646       2.8080646
              1       5.9022244      0.27962339      0.52879428        3.400864         3.400864       5.0027208       5.0027208
              1       5.2157987       1.3952733       1.1812169        3.400864         3.400864       3.6298695       3.6298695
              1       5.0354208      0.54533971      0.73847119        3.400864         3.400864       3.2691136       3.2691136
              1       4.7096214      0.71673281      0.84660074        3.400864         3.400864       2.6175148       2.6175148
              7       4.8500352      0.63083401       0.7942506        3.400864         3.400864       2.8983425       2.8983425
              1       5.8658509      0.28857851      0.53719504        3.400864         3.400864       4.9299739       4.9299739
              1       4.7057041       0.7196171      0.84830248        3.400864         3.400864       2.6096802       2.6096802
              2       4.8204526      0.64680375       0.8042411        3.400864         3.400864       2.8391773       2.8391773
              1       4.9043228      0.60351572      0.77686274        3.400864         3.400864       3.0069177       3.0069177
              1       4.9794459       1.3034156       1.1416723        3.400864         3.400864       3.1571637       3.1571637
              1       6.1716231       1.6557062       1.2867425        3.400864         3.400864       5.5415182       5.5415182
              1       5.5414495      0.37472784      0.61215018        3.400864         3.400864       4.2811709       4.2811709
              3       5.5662327      0.36768557      0.60637082        3.400864         3.400864       4.3307374       4.3307374
              1       4.8984995       1.2661276       1.1252233        3.400864         3.400864       2.9952709       2.9952709
              2       4.9187266       1.2758292       1.1295261        3.400864         3.400864       3.0357252       3.0357252
              4       4.7387757      0.69635374      0.83447813        3.400864         3.400864       2.6758234       2.6758234
              2       5.4564015      0.39959685      0.63213673        3.400864         3.400864        4.111075        4.111075
              1        5.601248      0.35788198      0.59823238        3.400864         3.400864        4.400768        4.400768
              3       5.5492842      0.37249205      0.61032127        3.400864         3.400864       4.2968404       4.2968404
              2       5.3599663        1.443196       1.2013309        3.400864         3.400864       3.9182047       3.9182047
              3       4.8141832       1.2221626       1.1055147        3.400864         3.400864       2.8266385       2.8266385
              2       4.6413426       1.0982675       1.0479826        3.400864         3.400864       2.4809573       2.4809573
              3       5.1780334      0.49059661      0.70042602        3.400864         3.400864       3.5543387       3.5543387
              1       5.3428625      0.43471535      0.65932947        3.400864         3.400864       3.8839971       3.8839971
              1       5.5755894        1.507416       1.2277687        3.400864         3.400864       4.3494509       4.3494509
              4       4.8957548       1.2647891       1.1246284        3.400864         3.400864       2.9897817       2.9897817
              4       5.6478629      0.34508294       0.5874376        3.400864         3.400864       4.4939979       4.4939979
              1       4.6947441      0.72789893      0.85316993        3.400864         3.400864       2.5877601       2.5877601
              7       4.5881182       1.0319636       1.0158561        3.400864         3.400864       2.3745084       2.3745084
              1       4.8045473       1.2166997       1.1030411        3.400864         3.400864       2.8073667       2.8073667
              1       4.6321434       1.0888804       1.0434943        3.400864         3.400864       2.4625589       2.4625589
              5        4.814556       1.2223719       1.1056093        3.400864         3.400864        2.827384        2.827384
              1       4.6134911      0.80465797       0.8970273        3.400864         3.400864       2.4252543       2.4252543
              1       4.5751833       1.0070206       1.0035041        3.400864         3.400864       2.3486387       2.3486387
              1       4.5669928       0.8874386      0.94203959        3.400864         3.400864       2.3322576       2.3322576
              7       4.8171762        0.648627      0.80537383        3.400864         3.400864       2.8326245       2.8326245
              2       4.9530559      0.58077635      0.76208684        3.400864         3.400864       3.1043838       3.1043838
              1       4.6500782      0.76576177      0.87507815        3.400864         3.400864       2.4984284       2.4984284
              1       4.6690876       1.1237545       1.0600729        3.400864         3.400864       2.5364472       2.5364472
              2       5.8151179      0.30127985      0.54888965        3.400864         3.400864       4.8285079       4.8285079
              1       4.6669759      0.75052768      0.86633001        3.400864         3.400864       2.5322238       2.5322238
              2       4.7006809       0.7233728      0.85051325        3.400864         3.400864       2.5996339       2.5996339
              1       4.6262919       1.0825964       1.0404789        3.400864         3.400864       2.4508558       2.4508558
              3       5.0068883      0.55724022      0.74648524        3.400864         3.400864       3.2120486       3.2120486
              1       4.9791133       1.3032701       1.1416086        3.400864         3.400864       3.1564986       3.1564986
              5       4.6499603       1.1065926        1.051947        3.400864         3.400864       2.4981927       2.4981927
              3       4.7551503       1.1868318       1.0894181        3.400864         3.400864       2.7085726       2.7085726
              5       4.8382116      0.63711453      0.79819455        3.400864         3.400864       2.8746952       2.8746952
              1       4.7864013       1.2061121       1.0982314        3.400864         3.400864       2.7710747       2.7710747
              1       4.5596801      0.93051497      0.96463204        3.400864         3.400864       2.3176322       2.3176322
              1       4.6201232      0.79679988      0.89263648        3.400864         3.400864       2.4385183       2.4385183
              5       4.6272315      0.78884187      0.88816771        3.400864         3.400864        2.452735        2.452735
              3        4.657905      0.75854305      0.87094377        3.400864         3.400864       2.5140821       2.5140821
             10       4.6587423       1.1146772       1.0557827        3.400864         3.400864       2.5157566       2.5157566
              2       5.0863124       1.3474979       1.1608178        3.400864         3.400864       3.3708967       3.3708967
              1       4.9447706       0.5845386      0.76455124        3.400864         3.400864       3.0878132       3.0878132
              1       4.5692116      0.99185062      0.99591698        3.400864         3.400864       2.3366953       2.3366953
              1       4.5848406        1.026299       1.0130642        3.400864         3.400864       2.3679531       2.3679531
              1       4.5624664      0.90577925      0.95172436        3.400864         3.400864       2.3232049       2.3232049
              5       6.1866955      0.21340351      0.46195618        3.400864         3.400864        5.571663        5.571663
              1       5.9652281       1.6080711       1.2680974        3.400864         3.400864       5.1287282       5.1287282
              2       7.9743604       1.9833799       1.4083252        3.400864         3.400864       9.1469928       9.1469928
              2       6.4402589        1.713345        1.308948        3.400864         3.400864       6.0787898       6.0787898
              1       6.4255038       1.7102905       1.3077808        3.400864         3.400864       6.0492796       6.0492796
              3       5.2987973       1.4234389       1.1930796        3.400864         3.400864       3.7958665       3.7958665
              1       4.5596038      0.93909677      0.96907005        3.400864         3.400864       2.3174797       2.3174797
              1       5.5207506       1.4917874       1.2213875        3.400864         3.400864       4.2397732       4.2397732
              1       5.6993003       1.5411914       1.2414473        3.400864         3.400864       4.5968726       4.5968726
              1       5.0130049       1.3178075        1.147958        3.400864         3.400864       3.2242818       3.2242818
              3       5.2417318       1.4042558        1.185013        3.400864         3.400864       3.6817357       3.6817357
              3       5.1423642       0.5036384      0.70967486        3.400864         3.400864       3.4830004       3.4830004
              3       5.3253501       1.4321119       1.1967088        3.400864         3.400864       3.8489722       3.8489722
              1       4.5766425       1.0102562        1.005115        3.400864         3.400864       2.3515571       2.3515571
              1       4.9379708      0.58765664      0.76658766        3.400864         3.400864       3.0742137       3.0742137
              1       5.1028799      0.51854973      0.72010397        3.400864         3.400864       3.4040318       3.4040318
              2       4.6854127      0.73521882      0.85744902        3.400864         3.400864       2.5690975       2.5690975
              2       4.5657043      0.98058491      0.99024487        3.400864         3.400864       2.3296806       2.3296806
              1        5.424626       1.4632759       1.2096594        3.400864         3.400864       4.0475239       4.0475239
              2       4.5911213       1.0368743       1.0182703        3.400864         3.400864       2.3805146       2.3805146
              1       5.1955845       1.3881479       1.1781969        3.400864         3.400864        3.589441        3.589441
              1       4.5596269      0.94018471      0.96963122        3.400864         3.400864       2.3175259       2.3175259
              2       4.5762817       1.0094695       1.0047236        3.400864         3.400864       2.3508355       2.3508355
              4       4.5693871      0.99235495      0.99617014        3.400864         3.400864       2.3370463       2.3370463
              1       4.9678908      0.57413761      0.75771869        3.400864         3.400864       3.1340537       3.1340537
              1        6.137182        1.647979       1.2837363        3.400864         3.400864       5.4726361       5.4726361
              4       5.2737872       1.4151261       1.1895907        3.400864         3.400864       3.7458465       3.7458465
              1       5.5972176       1.5134634        1.230229        3.400864         3.400864       4.3927073       4.3927073
              1       4.6688102       1.1235169       1.0599608        3.400864         3.400864       2.5358925       2.5358925
              1       6.9040249     0.068578983      0.26187589        3.400864         3.400864       7.0063217       7.0063217
              3       4.5612226      0.91325409      0.95564329        3.400864         3.400864       2.3207173       2.3207173
              1       6.2962184       1.6829929       1.2973022        3.400864         3.400864       5.7907087       5.7907087
              1       4.6981971       1.1472108       1.0710793        3.400864         3.400864       2.5946663       2.5946663
              2       5.0405049       1.3292083        1.152913        3.400864         3.400864       3.2792818       3.2792818
              1       4.8083512       1.2188689       1.1040239        3.400864         3.400864       2.8149744       2.8149744
              2       4.8722182       1.2530789       1.1194101        3.400864         3.400864       2.9427085       2.9427085
              3       4.6515304       1.1080659       1.0526471        3.400864         3.400864       2.5013329       2.5013329
              2       5.1465402       1.3703741       1.1706298        3.400864         3.400864       3.4913525       3.4913525
              2        5.466795      0.39649621      0.62967945        3.400864         3.400864       4.1318619       4.1318619
              2       6.3867361      0.17025824       0.4126236        3.400864         3.400864       5.9717442       5.9717442
              3       4.5801954       0.8548672      0.92459029        3.400864         3.400864       2.3586628       2.3586628
              3       4.5612654      0.91295738      0.95548803        3.400864         3.400864       2.3208028       2.3208028
              1       4.5897035       1.0345865       1.0171463        3.400864         3.400864        2.377679        2.377679
              4       4.6674853      0.75008783      0.86607611        3.400864         3.400864       2.5332426       2.5332426
              8       4.5732686       1.0025355        1.001267        3.400864         3.400864       2.3448091       2.3448091
              5       4.8861893      0.61238434       0.7825499        3.400864         3.400864       2.9706506       2.9706506
              2        4.602295       0.8191143      0.90504934        3.400864         3.400864        2.402862        2.402862
              1       4.6020769       1.0530517       1.0261831        3.400864         3.400864       2.4024257       2.4024257
              1       4.5599138      0.92585263      0.96221236        3.400864         3.400864       2.3180997       2.3180997
              2       5.0496491      0.53953866      0.73453295        3.400864         3.400864       3.2975701       3.2975701
              2       5.5371526      0.37595781      0.61315399        3.400864         3.400864       4.2725772       4.2725772
              1       5.8870154      0.28335289      0.53230902        3.400864         3.400864       4.9723027       4.9723027
              1       5.4538154      0.40037113      0.63274887        3.400864         3.400864       4.1059028       4.1059028
              1       4.5601985      0.95034537      0.97485659        3.400864         3.400864       2.3186691       2.3186691
              1       4.6607483       1.1164731       1.0566329        3.400864         3.400864       2.5197687       2.5197687
              1       4.7727442       0.6746041      0.82134287        3.400864         3.400864       2.7437605       2.7437605
              5       4.5608027      0.91640444      0.95729015        3.400864         3.400864       2.3198773       2.3198773
              1       4.5615436       0.9613537      0.98048646        3.400864         3.400864       2.3213591       2.3213591
              1       4.5828543       1.0226858       1.0112793        3.400864         3.400864       2.3639806       2.3639806
              2       4.9907386      0.56414471      0.75109567        3.400864         3.400864       3.1797492       3.1797492
              4       4.6484958      0.76725866      0.87593302        3.400864         3.400864       2.4952636       2.4952636
              1       6.1319437      0.22566901      0.47504633        3.400864         3.400864       5.4621595       5.4621595
              1         4.58928       1.0338927       1.0168051        3.400864         3.400864        2.376832        2.376832
              1       4.7823597       1.2036969       1.0971312        3.400864         3.400864       2.7629914       2.7629914
              1         4.56587      0.89128461      0.94407871        3.400864         3.400864        2.330012        2.330012
              5       4.5853339      0.84529118      0.91939718        3.400864         3.400864       2.3689398       2.3689398
              1       4.5925627      0.83331718      0.91286208        3.400864         3.400864       2.3833975       2.3833975
              3       5.0297708      0.54766731      0.74004548        3.400864         3.400864       3.2578135       3.2578135
              1       4.8835772      0.61368197      0.78337856        3.400864         3.400864       2.9654263       2.9654263
              3       5.5799887       1.5086512       1.2282716        3.400864         3.400864       4.3582494       4.3582494
              1       4.7430175       1.1789341       1.0857873        3.400864         3.400864       2.6843071       2.6843071
              2       4.7121537       1.1575771       1.0759076        3.400864         3.400864       2.6225795       2.6225795
              1       4.5942035       0.8307885        0.911476        3.400864         3.400864       2.3866791       2.3866791
              4       4.6784455      0.74086291      0.86073394        3.400864         3.400864       2.5551631       2.5551631
              1       5.0038854      0.55851452      0.74733829        3.400864         3.400864       3.2060427       3.2060427
              1       4.7130845      0.71421411      0.84511189        3.400864         3.400864       2.6244411       2.6244411
              1       4.7209109      0.70862476      0.84179853        3.400864         3.400864       2.6400939       2.6400939
              2       4.7066848       0.7188914      0.84787464        3.400864         3.400864       2.6116416       2.6116416
              2       5.0272322      0.54871766      0.74075479        3.400864         3.400864       3.2527364       3.2527364
              1        4.981008        1.304098       1.1419711        3.400864         3.400864        3.160288        3.160288
              4       4.5630241      0.96949653      0.98463015        3.400864         3.400864       2.3243202       2.3243202
              1       4.8811368      0.61489899      0.78415495        3.400864         3.400864       2.9605456       2.9605456
              1       5.2469198      0.46643319      0.68295914        3.400864         3.400864       3.6921116       3.6921116
              2       5.2681603       1.4132359        1.188796        3.400864         3.400864       3.7345926       3.7345926
              1       5.3726426       1.4471948       1.2029941        3.400864         3.400864       3.9435573       3.9435573
              3       4.6314074      0.78436111      0.88564164        3.400864         3.400864       2.4610868       2.4610868
              1       6.3940038      0.16873638      0.41077534        3.400864         3.400864       5.9862796       5.9862796
              2       5.0736553      0.52993874      0.72796891        3.400864         3.400864       3.3455826       3.3455826
              2       4.6886363      0.73266034       0.8559558        3.400864         3.400864       2.5755447       2.5755447
              1        5.019955      0.55174455      0.74279509        3.400864         3.400864       3.2381821       3.2381821
              1       4.7366193      0.69780143      0.83534509        3.400864         3.400864       2.6715106       2.6715106
              1       5.1170565       1.3593299       1.1659031        3.400864         3.400864       3.4323851       3.4323851
              2       4.8232855       0.6452365      0.80326615        3.400864         3.400864       2.8448431       2.8448431
              1       5.4128732       1.4596834       1.2081736        3.400864         3.400864       4.0240184       4.0240184
              4       5.0677437      0.53228156      0.72957629        3.400864         3.400864       3.3337595       3.3337595
              3       4.7206806       1.1636781       1.0787391        3.400864         3.400864       2.6396332       2.6396332
              1       4.7670534      0.67812003      0.82348044        3.400864         3.400864       2.7323789       2.7323789
              1       4.7915274       1.2091447       1.0996111        3.400864         3.400864       2.7813268       2.7813268
              2       5.0562144        1.335575       1.1556708        3.400864         3.400864       3.3107008       3.3107008
              2       4.7534562       1.1857441       1.0889188        3.400864         3.400864       2.7051845       2.7051845
              1       6.5269765       1.7310593       1.3156973        3.400864         3.400864        6.252225        6.252225
              2       5.8475233       1.5793274       1.2567129        3.400864         3.400864       4.8933187       4.8933187
              2       4.9166765       1.2748585       1.1290963        3.400864         3.400864        3.031625        3.031625
              4       4.5667956      0.88809186      0.94238626        3.400864         3.400864       2.3318632       2.3318632
              1        5.418779       1.4614917       1.2089217        3.400864         3.400864         4.03583         4.03583
              2       4.6055726      0.81470413      0.90260962        3.400864         3.400864       2.4094172       2.4094172
              2       4.5934402       1.0405081        1.020053        3.400864         3.400864       2.3851523       2.3851523
              3       5.4490242       0.4018086      0.63388374        3.400864         3.400864       4.0963204       4.0963204
              1       4.8499777      0.63086426      0.79426964        3.400864         3.400864       2.8982274       2.8982274
              2         4.95797      0.57856359      0.76063368        3.400864         3.400864        3.114212        3.114212
              1       5.1497629      0.50090107      0.70774365        3.400864         3.400864       3.4977979       3.4977979
              2        5.345174       1.4384895       1.1993704        3.400864         3.400864       3.8886201       3.8886201
              3       6.1333111      0.22536011      0.47472109        3.400864         3.400864       5.4648943       5.4648943
              2       5.3571693       1.4423094       1.2009619        3.400864         3.400864       3.9126107       3.9126107
              2       5.5651072      0.36800351      0.60663293        3.400864         3.400864       4.3284864       4.3284864
              1       5.7428592      0.31982197      0.56552804        3.400864         3.400864       4.6839904       4.6839904
              1       5.0533604      0.53803939      0.73351168        3.400864         3.400864       3.3049928       3.3049928
              5       5.2449726      0.46709912       0.6834465        3.400864         3.400864       3.6882172       3.6882172
              1       5.2813223      0.45481965      0.67440318        3.400864         3.400864       3.7609166       3.7609166
              1       4.5647468      0.89549366      0.94630527        3.400864         3.400864       2.3277657       2.3277657
              1       4.6505845       1.1071798       1.0522261        3.400864         3.400864        2.499441        2.499441
              1       5.1001172       1.3528523       1.1631218        3.400864         3.400864       3.3985064       3.3985064
              5       5.1555888       1.3737077       1.1720528        3.400864         3.400864       3.5094497       3.5094497
              2       4.6348781      0.78073529      0.88359226        3.400864         3.400864       2.4680281       2.4680281
              4       4.5602244      0.92182828      0.96011889        3.400864         3.400864       2.3187209       2.3187209
              3       6.8249907     0.083329199      0.28866797        3.400864         3.400864       6.8482534       6.8482534
              1       6.1588962      0.21960487      0.46862018        3.400864         3.400864       5.5160645       5.5160645
              4       4.7627003       0.6808422      0.82513163        3.400864         3.400864       2.7236725       2.7236725
              2       4.5832236        1.023369        1.011617        3.400864         3.400864       2.3647193       2.3647193
              1        4.793945       1.2105633        1.100256        3.400864         3.400864        2.786162        2.786162
              1       4.6198617      0.79710125      0.89280527        3.400864         3.400864       2.4379955       2.4379955
              3        4.989868      0.56452056      0.75134583        3.400864         3.400864        3.178008        3.178008
              1       4.7817307      0.66914629      0.81801363        3.400864         3.400864       2.7617334       2.7617334
              5       4.5629872      0.90314723      0.95034059        3.400864         3.400864       2.3242465       2.3242465
              1       4.7355199      0.69854286      0.83578877        3.400864         3.400864       2.6693119       2.6693119
             12       4.5649716      0.97784803      0.98886199        3.400864         3.400864       2.3282152       2.3282152
              1       5.4292918      0.40776997      0.63856869        3.400864         3.400864       4.0568555       4.0568555
              2        4.657568      0.75884785      0.87111873        3.400864         3.400864        2.513408        2.513408
              2       4.7961048       1.2118244        1.100829        3.400864         3.400864       2.7904817       2.7904817
              2        6.412351       1.7075575       1.3067354        3.400864         3.400864       6.0229741       6.0229741
              1       5.8287409       1.5746209        1.254839        3.400864         3.400864       4.8557539       4.8557539
              1       6.2618027       1.6755564       1.2944329        3.400864         3.400864       5.7218773       5.7218773
              1        5.543072       1.4982013       1.2240103        3.400864         3.400864        4.284416        4.284416
              1       5.1916049       1.3867318       1.1775958        3.400864         3.400864       3.5814819       3.5814819
              4       4.7967303       0.6602768      0.81257418        3.400864         3.400864       2.7917326       2.7917326
              2       5.5126408      0.38302659      0.61889142        3.400864         3.400864       4.2235537       4.2235537
              7       4.6115849       1.0654604       1.0322114        3.400864         3.400864       2.4214419       2.4214419
              3       4.6807074      0.73901288      0.85965858        3.400864         3.400864       2.5596868       2.5596868
              4       4.5958371      0.82832984      0.91012628        3.400864         3.400864       2.3899462       2.3899462
              1       4.5899548      0.83746951       0.9151336        3.400864         3.400864       2.3781816       2.3781816
              2       4.7315253      0.70125664      0.83741067        3.400864         3.400864       2.6613226       2.6613226
              2       5.1797789       1.3824972       1.1757964        3.400864         3.400864       3.5578299       3.5578299
              5       4.6114089       1.0652416       1.0321054        3.400864         3.400864       2.4210899       2.4210899
              7       4.6497217       1.1063676       1.0518401        3.400864         3.400864       2.4977155       2.4977155
              2       4.9182606      0.59685659      0.77256494        3.400864         3.400864       3.0347932       3.0347932
              1       4.5702347      0.99472945      0.99736124        3.400864         3.400864       2.3387414       2.3387414
              2       4.8291289       1.2304352       1.1092499        3.400864         3.400864       2.8565299       2.8565299
              3       4.5665279      0.88899301      0.94286426        3.400864         3.400864       2.3313278       2.3313278
              2       4.6307446       1.0874019       1.0427856        3.400864         3.400864       2.4597611       2.4597611
              1        4.574408      0.86722569      0.93124953        3.400864         3.400864       2.3470881       2.3470881
              3       5.3811959       1.4498754       1.2041077        3.400864         3.400864       3.9606638       3.9606638
              1       5.8246051       1.5735799       1.2544241        3.400864         3.400864       4.8474821       4.8474821
              5        6.455476       1.7164826        1.310146        3.400864         3.400864       6.1092241       6.1092241
              2       5.0369598       1.3277573       1.1522835        3.400864         3.400864       3.2721916       3.2721916
              5       4.5866135       1.0294059       1.0145964        3.400864         3.400864        2.371499        2.371499
              7        4.649642       1.1062923       1.0518043        3.400864         3.400864       2.4975561       2.4975561
              4       4.5722217      0.99995009      0.99997504        3.400864         3.400864       2.3427154       2.3427154
              1       4.5622546       0.9069172        0.952322        3.400864         3.400864       2.3227813       2.3227813
              6       6.4957514       1.7247266       1.3132885        3.400864         3.400864       6.1897749       6.1897749
              1        7.724015        1.944265        1.394369        3.400864         3.400864       8.6463021       8.6463021
              1       5.0941905        1.350562       1.1621368        3.400864         3.400864        3.386653        3.386653
              3       4.8892073       1.2615738        1.123198        3.400864         3.400864       2.9766867       2.9766867
              3       5.3804696      0.42281706      0.65024385        3.400864         3.400864       3.9592112       3.9592112
              6       5.9750084      0.26206107      0.51191901        3.400864         3.400864       5.1482887       5.1482887
              1       4.6642006      0.75294281      0.86772277        3.400864         3.400864       2.5266733       2.5266733
              9       4.5596302      0.94031496      0.96969839        3.400864         3.400864       2.3175324       2.3175324
              1        4.561772      0.90969153       0.9537775        3.400864         3.400864       2.3218161       2.3218161
              1       5.8716988      0.28713044      0.53584554        3.400864         3.400864       4.9416696       4.9416696
              2        4.856038      0.62769436      0.79227165        3.400864         3.400864       2.9103481       2.9103481
              7       4.9537828      0.58044816      0.76187148        3.400864         3.400864       3.1058376       3.1058376
              2        5.484009      0.39139964       0.6256194        3.400864         3.400864         4.16629         4.16629
              1       4.5760114      0.86359087       0.9292959        3.400864         3.400864       2.3502949       2.3502949
              4       5.8114597      0.30220554      0.54973224        3.400864         3.400864       4.8211914       4.8211914
              2        4.879093      0.61592179      0.78480685        3.400864         3.400864       2.9564581       2.9564581
              1        5.719626      0.32590344      0.57087953        3.400864         3.400864        4.637524        4.637524
              3       4.8283054      0.64247991      0.80154845        3.400864         3.400864       2.8548827       2.8548827
              2       5.4639433      0.39734516       0.6303532        3.400864         3.400864       4.1261586       4.1261586
              3       7.2805081         1.87096       1.3678304        3.400864         3.400864       7.7592881       7.7592881
              4        5.457898      0.39914931      0.63178264        3.400864         3.400864       4.1140679       4.1140679
              4       4.7667229      0.67832574      0.82360533        3.400864         3.400864       2.7317177       2.7317177
              2       5.2374599      0.46967732      0.68533008        3.400864         3.400864       3.6731919       3.6731919
              2       5.3579871      0.42989656      0.65566497        3.400864         3.400864       3.9142462       3.9142462
              3       5.4436744       1.4690471       1.2120425        3.400864         3.400864       4.0856209       4.0856209
              1       4.6121259      0.80633457      0.89796134        3.400864         3.400864       2.4225238       2.4225238
              1       4.6799314       1.1328197         1.06434        3.400864         3.400864       2.5581347       2.5581347
              1       5.0173225      0.55284541      0.74353575        3.400864         3.400864        3.232917        3.232917
              1       4.5599926      0.92469862      0.96161251        3.400864         3.400864       2.3182572       2.3182572
              1       5.3714523      0.42564471      0.65241452        3.400864         3.400864       3.9411767       3.9411767
              1       4.8427172       0.6347058      0.79668425        3.400864         3.400864       2.8837064       2.8837064
              2       5.1905148      0.48612226      0.69722469        3.400864         3.400864       3.5793015       3.5793015
              4       7.0119702     0.048829075      0.22097302        3.400864         3.400864       7.2222124       7.2222124
              4       4.5598503      0.92688707      0.96274975        3.400864         3.400864       2.3179726       2.3179726
              4       4.7423053      0.69400282      0.83306831        3.400864         3.400864       2.6828827       2.6828827
              3       4.8101816      0.65255862        0.807811        3.400864         3.400864       2.8186351       2.8186351
              5       4.5682759      0.98908052      0.99452528        3.400864         3.400864       2.3348239       2.3348239
              1       5.2307653       1.4004785       1.1834181        3.400864         3.400864       3.6598026       3.6598026
              1       5.5464285      0.37330595      0.61098769        3.400864         3.400864        4.291129        4.291129
              2       4.7300532      0.70226466      0.83801232        3.400864         3.400864       2.6583784       2.6583784
              1       4.6273452       1.0837473       1.0410319        3.400864         3.400864       2.4529625       2.4529625
              4       4.6278382       1.0842829       1.0412891        3.400864         3.400864       2.4539484       2.4539484
              2       4.9020111      0.60463314       0.7775816        3.400864         3.400864       3.0022941       3.0022941
              1       5.1176891       1.3595699        1.166006        3.400864         3.400864       3.4336501       3.4336501
              1       4.6697123       1.1242886       1.0603248        3.400864         3.400864       2.5376966       2.5376966
              7       5.1077842       0.5166688      0.71879677        3.400864         3.400864       3.4138403       3.4138403
              1       4.5878997      0.84086881      0.91698899        3.400864         3.400864       2.3740715       2.3740715
              1       5.1113821      0.51529422      0.71783997        3.400864         3.400864       3.4210363       3.4210363
              2       5.1470158       1.3705499       1.1707049        3.400864         3.400864       3.4923036       3.4923036
              2       5.1819767       1.3832872       1.1761323        3.400864         3.400864       3.5622254       3.5622254
              3       5.3548563      0.43089028      0.65642233        3.400864         3.400864       3.9079846       3.9079846
              1       4.5904776      0.83662322       0.9146711        3.400864         3.400864       2.3792272       2.3792272
              1       4.5943045      0.83063481      0.91139169        3.400864         3.400864       2.3868811       2.3868811
              1       5.1063257      0.51722728      0.71918515        3.400864         3.400864       3.4109234       3.4109234
              2        4.800092       1.2141375       1.1018791        3.400864         3.400864        2.798456        2.798456
              2       5.5521071       1.5007767       1.2250619        3.400864         3.400864       4.3024862       4.3024862
              5       4.8690955      0.62097284       0.7880183        3.400864         3.400864        2.936463        2.936463
              2       4.8384944       1.2355026       1.1115316        3.400864         3.400864       2.8752609       2.8752609
              1       4.7725217       1.1977246       1.0944061        3.400864         3.400864       2.7433154       2.7433154
              3       4.6113497       0.8072976      0.89849741        3.400864         3.400864       2.4209713       2.4209713
              1       4.6513045      0.76461067      0.87442019        3.400864         3.400864        2.500881        2.500881
              3       5.3033976       1.4249525       1.1937138        3.400864         3.400864       3.8050672       3.8050672
              2       5.0388102      0.54395002      0.73752967        3.400864         3.400864       3.2758924       3.2758924
              2       5.1817916      0.48924463      0.69946024        3.400864         3.400864       3.5618553       3.5618553
              4       4.5698873       0.8786973      0.93738855        3.400864         3.400864       2.3380466       2.3380466
