#        weight    minuslogpost              A2               A   minuslogprior minuslogprior__0            chi2   chi2__loglike
              1       4.8613501        1.247523       1.1169257        3.400864         3.400864       2.9209722       2.9209722
              1       5.3913138       1.4530284       1.2054163        3.400864         3.400864       3.9808996       3.9808996
              1       4.5884812      0.83989479      0.91645774        3.400864         3.400864       2.3752344       2.3752344
              1       6.3550588      0.17692709      0.42062703        3.400864         3.400864       5.9083895       5.9083895
              1       5.5838596      0.36272944      0.60227024        3.400864         3.400864       4.3659912       4.3659912
              1       4.6167491       1.0717247       1.0352414        3.400864         3.400864       2.4317703       2.4317703
              3        4.758099       0.6837514      0.82689262        3.400864         3.400864         2.71447         2.71447
              1       5.0553328       1.3352205       1.1555174        3.400864         3.400864       3.3089377       3.3089377
              1       4.7053105       1.1525563       1.0735718        3.400864         3.400864       2.6088929       2.6088929
              2       4.6504764      0.76538713      0.87486406        3.400864         3.400864       2.4992248       2.4992248
              2       4.9430208      0.58533833      0.76507407        3.400864         3.400864       3.0843136       3.0843136
              1        4.617636      0.79969389      0.89425605        3.400864         3.400864       2.4335439       2.4335439
              1       4.6096664      0.80941097       0.8996727        3.400864         3.400864       2.4176048       2.4176048
              1       4.5680551      0.98840527      0.99418573        3.400864         3.400864       2.3343822       2.3343822
              1       4.6806931       1.1334409       1.0646318        3.400864         3.400864       2.5596583       2.5596583
              3       4.6090273      0.81022272      0.90012373        3.400864         3.400864       2.4163265       2.4163265
              2       5.0226341      0.55062746      0.74204276        3.400864         3.400864       3.2435401       3.2435401
              2       4.7032981      0.72140777      0.84935727        3.400864         3.400864       2.6048683       2.6048683
              1       4.5785469      0.85818778      0.92638425        3.400864         3.400864       2.3553659       2.3553659
              1       5.1724968      0.49259582      0.70185171        3.400864         3.400864       3.5432656       3.5432656
              3       4.8516315      0.62999597      0.79372286        3.400864         3.400864        2.901535        2.901535
              1       4.7918839       1.2093543       1.0997065        3.400864         3.400864       2.7820398       2.7820398
              1       4.5629127      0.90351106      0.95053199        3.400864         3.400864       2.3240974       2.3240974
              2       5.3400431       1.4368466       1.1986854        3.400864         3.400864       3.8783582       3.8783582
              2         4.56012      0.92304385      0.96075171        3.400864         3.400864        2.318512        2.318512
              1       4.6554035       1.1116475       1.0543469        3.400864         3.400864        2.509079        2.509079
              1       4.7181027        1.161851       1.0778919        3.400864         3.400864       2.6344775       2.6344775
              2       4.5634908      0.97167784      0.98573721        3.400864         3.400864       2.3252537       2.3252537
              1       4.6856181       1.1374105       1.0664945        3.400864         3.400864       2.5695082       2.5695082
              2       4.6128468      0.80544656      0.89746675        3.400864         3.400864       2.4239657       2.4239657
              1       4.5970771      0.82650017      0.90912055        3.400864         3.400864       2.3924263       2.3924263
              2       5.0157168      0.55351845       0.7439882        3.400864         3.400864       3.2297056       3.2297056
              1       4.7943813      0.66164688      0.81341679        3.400864         3.400864       2.7870346       2.7870346
              1       4.9868946       1.3066583       1.1430915        3.400864         3.400864       3.1720612       3.1720612
              1       5.0205462       1.3209676       1.1493335        3.400864         3.400864       3.2393644       3.2393644
              1       4.7843593       1.2048946       1.0976769        3.400864         3.400864       2.7669907       2.7669907
              3       6.2864243       0.1915812      0.43769989        3.400864         3.400864       5.7711206       5.7711206
              1       6.3621136      0.17543682      0.41885179        3.400864         3.400864       5.9224992       5.9224992
              2       4.5633703      0.97112741      0.98545797        3.400864         3.400864       2.3250126       2.3250126
              3       4.6224273       1.0782939       1.0384093        3.400864         3.400864       2.4431266       2.4431266
              1       4.5882964      0.84020322        0.916626        3.400864         3.400864       2.3748649       2.3748649
              1       5.2965714      0.44976056       0.6706419        3.400864         3.400864       3.7914147       3.7914147
              2       4.5851727      0.84557623      0.91955219        3.400864         3.400864       2.3686174       2.3686174
              1       4.5612186      0.95918317      0.97937897        3.400864         3.400864       2.3207092       2.3207092
              1       4.9694738        1.299029       1.1397495        3.400864         3.400864       3.1372197       3.1372197
              1       4.8798371       1.2569163       1.1211228        3.400864         3.400864       2.9579462       2.9579462
              1       4.7177482       1.1615986       1.0777748        3.400864         3.400864       2.6337685       2.6337685
              1       5.0314607      0.54696964      0.73957396        3.400864         3.400864       3.2611935       3.2611935
              2       4.5695228      0.87972367      0.93793585        3.400864         3.400864       2.3373176       2.3373176
              1        5.104877       1.3546826       1.1639083        3.400864         3.400864       3.4080261       3.4080261
              2       5.2297672       1.4001332       1.1832723        3.400864         3.400864       3.6578065       3.6578065
              1       5.0495096       0.5395951      0.73457137        3.400864         3.400864       3.2972913       3.2972913
              1       4.6856403      0.73503712      0.85734306        3.400864         3.400864       2.5695526       2.5695526
              2       6.0880282       1.6368032       1.2793761        3.400864         3.400864       5.3743285       5.3743285
              1       6.3029462        1.684438        1.297859        3.400864         3.400864       5.8041644       5.8041644
              3       6.6969431       1.7646813       1.3284131        3.400864         3.400864       6.5921582       6.5921582
              1       8.6664006       2.0845957       1.4438129        3.400864         3.400864       10.531073       10.531073
              1       6.2575849       1.6746399       1.2940788        3.400864         3.400864       5.7134418       5.7134418
              2       6.7284342        1.770762       1.3306998        3.400864         3.400864       6.6551404       6.6551404
              2       5.2256322       1.3986999       1.1826664        3.400864         3.400864       3.6495364       3.6495364
              1       5.6318133       1.5230072       1.2341018        3.400864         3.400864       4.4618987       4.4618987
              1       8.5343647       2.0659848       1.4373534        3.400864         3.400864       10.267002       10.267002
              1       5.1915534       1.3867134        1.177588        3.400864         3.400864       3.5813788       3.5813788
              4        4.561408      0.96047159      0.98003652        3.400864         3.400864       2.3210879       2.3210879
              3       4.8448333       1.2388842       1.1130518        3.400864         3.400864       2.8879386       2.8879386
              2       5.0438543       1.3305744       1.1535053        3.400864         3.400864       3.2859807       3.2859807
              2       5.3641084       1.4445061       1.2018761        3.400864         3.400864       3.9264887       3.9264887
              5       4.6046825       0.8158858      0.90326397        3.400864         3.400864        2.407637        2.407637
              1       5.9255074       1.5985107       1.2643222        3.400864         3.400864       5.0492868       5.0492868
              8       5.0953833        1.351024       1.1623356        3.400864         3.400864       3.3890386       3.3890386
              4       5.7169761       1.5458644        1.243328        3.400864         3.400864       4.6322243       4.6322243
              2       5.5650322       1.5044407       1.2265564        3.400864         3.400864       4.3283364       4.3283364
              1       4.7696572       1.1959599       1.0935995        3.400864         3.400864       2.7375865       2.7375865
              5        4.649514      0.76629395      0.87538217        3.400864         3.400864          2.4973          2.4973
              1       4.8273576        1.229467       1.1088133        3.400864         3.400864       2.8529872       2.8529872
              1       4.9515963      0.58143623      0.76251966        3.400864         3.400864       3.1014646       3.1014646
              3       4.6669636      0.75053835      0.86633616        3.400864         3.400864       2.5321992       2.5321992
              3       4.6636917       1.1190762        1.057864        3.400864         3.400864       2.5256555       2.5256555
              3       5.3768042       1.4485008       1.2035368        3.400864         3.400864       3.9518803       3.9518803
              2       6.4147682      0.16440484      0.40546867        3.400864         3.400864       6.0278084       6.0278084
              1       4.8268027        1.229163       1.1086762        3.400864         3.400864       2.8518773       2.8518773
              3        4.937878        1.284766       1.1334752        3.400864         3.400864       3.0740281       3.0740281
              1        5.176412       1.3812842       1.1752805        3.400864         3.400864        3.551096        3.551096
              4       4.6032376       1.0546362       1.0269548        3.400864         3.400864       2.4047472       2.4047472
              1        4.591364      0.83520451      0.91389524        3.400864         3.400864       2.3810001       2.3810001
              1       5.1267976      0.50945495      0.71376113        3.400864         3.400864       3.4518672       3.4518672
              2       4.5928678        1.039623        1.019619        3.400864         3.400864       2.3840075       2.3840075
              1       4.5597299      0.94321011      0.97119005        3.400864         3.400864       2.3177318       2.3177318
              2       4.5986937       1.0483054       1.0238679        3.400864         3.400864       2.3956594       2.3956594
              1       4.7140204      0.71353837      0.84471201        3.400864         3.400864       2.6263128       2.6263128
              1       4.5780722       1.0132946       1.0066254        3.400864         3.400864       2.3544163       2.3544163
              1       4.5816597       1.0204381       1.0101673        3.400864         3.400864       2.3615914       2.3615914
              4       4.5723149      0.87228076      0.93395972        3.400864         3.400864       2.3429019       2.3429019
              1       4.9716749      0.57246362      0.75661326        3.400864         3.400864       3.1416217       3.1416217
              1       4.8550733      0.62819676      0.79258865        3.400864         3.400864       2.9084187       2.9084187
              2       4.7267806       1.1679441       1.0807146        3.400864         3.400864       2.6518332       2.6518332
              2       4.7788087      0.67090861      0.81909011        3.400864         3.400864       2.7558894       2.7558894
              1       4.7836424       1.2044658       1.0974816        3.400864         3.400864       2.7655568       2.7655568
              3       4.8274829       1.2295356       1.1088442        3.400864         3.400864       2.8532377       2.8532377
              3       8.0921596       2.0012884        1.414669        3.400864         3.400864       9.3825912       9.3825912
              1       5.2247399         1.39839       1.1825354        3.400864         3.400864       3.6477518       3.6477518
              4       4.7207156      0.70876257      0.84188038        3.400864         3.400864       2.6397032       2.6397032
              2       5.2059207      0.48066009      0.69329654        3.400864         3.400864       3.6101135       3.6101135
              5       4.7926416      0.66266599      0.81404299        3.400864         3.400864       2.7835552       2.7835552
              1       5.3171199      0.44302539      0.66560153        3.400864         3.400864       3.8325117       3.8325117
              3       6.5739196      0.13197951      0.36328984        3.400864         3.400864       6.3461112       6.3461112
              3       5.0236461      0.55020629      0.74175892        3.400864         3.400864       3.2455643       3.2455643
              4       5.1885177      0.48683516      0.69773574        3.400864         3.400864       3.5753075       3.5753075
              2       4.5889982       1.0334284       1.0165768        3.400864         3.400864       2.3762685       2.3762685
              1        4.565928      0.89107791      0.94396923        3.400864         3.400864        2.330128        2.330128
              4       5.5968106      0.35911514      0.59926216        3.400864         3.400864       4.3918932       4.3918932
              3       4.7363553      0.69797923      0.83545151        3.400864         3.400864       2.6709827       2.6709827
              7       4.5789199       1.0150411       1.0074925        3.400864         3.400864       2.3561118       2.3561118
              1       4.6276343       1.0840616       1.0411828        3.400864         3.400864       2.4535406       2.4535406
              1       4.7125166       1.1578402       1.0760298        3.400864         3.400864       2.6233053       2.6233053
              7       4.9311636       0.5908063      0.76863925        3.400864         3.400864       3.0605992       3.0605992
              1       4.5614351       0.9118148      0.95488994        3.400864         3.400864       2.3211422       2.3211422
              1        4.701569       1.1497614       1.0722693        3.400864         3.400864       2.6014101       2.6014101
              1       4.9319472       1.2820231       1.1322646        3.400864         3.400864       3.0621664       3.0621664
              1       5.2106996       1.3934863       1.1804602        3.400864         3.400864       3.6196712       3.6196712
              5       4.5996266       1.0496341       1.0245165        3.400864         3.400864       2.3975252       2.3975252
              4        6.798617     0.088308429      0.29716734        3.400864         3.400864       6.7955061       6.7955061
              7       4.5862472      0.84369285      0.91852755        3.400864         3.400864       2.3707664       2.3707664
              2       5.1756203      0.49146684      0.70104696        3.400864         3.400864       3.5495127       3.5495127
              3        5.619441      0.35285333      0.59401459        3.400864         3.400864        4.437154        4.437154
              1       4.6318564      0.78388713        0.885374        3.400864         3.400864       2.4619849       2.4619849
              5       4.5596632      0.94145423      0.97028564        3.400864         3.400864       2.3175984       2.3175984
              3       5.1075334      0.51676476      0.71886352        3.400864         3.400864       3.4133388       3.4133388
              1       6.4761491      0.15174038      0.38953867        3.400864         3.400864       6.1505702       6.1505702
              2       7.7568851       1.9494869       1.3962403        3.400864         3.400864       8.7120423       8.7120423
              3       4.8515277      0.63005038      0.79375713        3.400864         3.400864       2.9013275       2.9013275
              1        5.076703      0.52873616      0.72714246        3.400864         3.400864       3.3516781       3.3516781
              3       4.6075378       1.0603303       1.0297234        3.400864         3.400864       2.4133476       2.4133476
              2       5.9190073        1.596933       1.2636981        3.400864         3.400864       5.0362866       5.0362866
              2       6.5645472       1.7386126       1.3185646        3.400864         3.400864       6.3273664       6.3273664
              2       6.4791934       1.7213478       1.3120014        3.400864         3.400864       6.1566587       6.1566587
              5        4.763345       1.1920281       1.0918004        3.400864         3.400864       2.7249619       2.7249619
              3       5.8770095       1.5866472       1.2596219        3.400864         3.400864       4.9522911       4.9522911
              2       5.9511828       1.6047061         1.26677        3.400864         3.400864       5.1006376       5.1006376
              4       6.0831939       1.6356944       1.2789427        3.400864         3.400864       5.3646597       5.3646597
              3       4.6757215       1.1293509       1.0627092        3.400864         3.400864        2.549715        2.549715
              1       4.7370947       1.1749839       1.0839667        3.400864         3.400864       2.6724615       2.6724615
              1       5.2580899       1.4098342       1.1873644        3.400864         3.400864       3.7144518       3.7144518
              2       4.8895315       1.2617337       1.1232692        3.400864         3.400864        2.977335        2.977335
              2       6.0865038      0.23601161      0.48581026        3.400864         3.400864       5.3712796       5.3712796
              1       4.7813444       1.2030868       1.0968531        3.400864         3.400864       2.7609608       2.7609608
              1       5.7917854       0.3072074      0.55426293        3.400864         3.400864       4.7818427       4.7818427
              3       4.5847517       1.0261405       1.0129859        3.400864         3.400864       2.3677755       2.3677755
              1       4.5713985      0.87462438      0.93521355        3.400864         3.400864       2.3410691       2.3410691
              3       4.7925141       1.2097245       1.0998748        3.400864         3.400864       2.7833002       2.7833002
              2       4.9455513        1.288283       1.1350255        3.400864         3.400864       3.0893747       3.0893747
              3       4.5607829      0.95590037      0.97770158        3.400864         3.400864       2.3198379       2.3198379
              2       4.5676291       0.9870774      0.99351769        3.400864         3.400864       2.3335302       2.3335302
              1       4.8083434       1.2188645        1.104022        3.400864         3.400864       2.8149589       2.8149589
              5       4.6922746      0.72981082      0.85428966        3.400864         3.400864       2.5828212       2.5828212
              2       4.8984321      0.60637057      0.77869799        3.400864         3.400864       2.9951362       2.9951362
              1       5.4559543      0.39973067      0.63224257        3.400864         3.400864       4.1101805       4.1101805
              3       4.9158865       0.5979816       0.7732927        3.400864         3.400864       3.0300451       3.0300451
              1       4.6776882      0.74148632        0.861096        3.400864         3.400864       2.5536483       2.5536483
              5       4.5791256      0.85700632      0.92574636        3.400864         3.400864       2.3565232       2.3565232
              1       4.7228558       1.1652084       1.0794482        3.400864         3.400864       2.6439836       2.6439836
              2       4.6647999       1.1200467       1.0583226        3.400864         3.400864       2.5278717       2.5278717
              1       5.2650609      0.46027382      0.67843483        3.400864         3.400864       3.7283939       3.7283939
              1       5.5522656      0.37164358      0.60962577        3.400864         3.400864       4.3028033       4.3028033
              1       4.7151725        1.159756       1.0769197        3.400864         3.400864        2.628617        2.628617
              1       4.5599114      0.94657459      0.97292065        3.400864         3.400864       2.3180947       2.3180947
              1       4.6382785       1.0952023       1.0465191        3.400864         3.400864        2.474829        2.474829
              1       4.9821527      0.56786812      0.75357025        3.400864         3.400864       3.1625774       3.1625774
              3       4.9585856      0.57828737      0.76045208        3.400864         3.400864       3.1154432       3.1154432
              6       4.9919549      0.56362024      0.75074645        3.400864         3.400864       3.1821818       3.1821818
              1       4.8993391      0.60592937      0.77841465        3.400864         3.400864       2.9969503       2.9969503
              1       5.1211605      0.51158091      0.71524884        3.400864         3.400864       3.4405931       3.4405931
              2       4.5996789      0.82275731      0.90705971        3.400864         3.400864       2.3976298       2.3976298
              3       4.8448516       1.2388939       1.1130561        3.400864         3.400864       2.8879752       2.8879752
              2       4.6368671      0.77869499      0.88243696        3.400864         3.400864       2.4720062       2.4720062
              5       4.7881356       1.2071419       1.0987001        3.400864         3.400864       2.7745431       2.7745431
              1       4.5854799       1.0274315        1.013623        3.400864         3.400864       2.3692317       2.3692317
              3       6.6046641      0.12586518      0.35477483        3.400864         3.400864       6.4076001       6.4076001
              3       5.9526914      0.26739699      0.51710443        3.400864         3.400864       5.1036548       5.1036548
              2       6.1712095       1.6556139       1.2867066        3.400864         3.400864       5.5406909       5.5406909
              1       6.9526574       1.8128394       1.3464172        3.400864         3.400864       7.1035868       7.1035868
              2       6.2911677       1.6819062       1.2968833        3.400864         3.400864       5.7806074       5.7806074
              4       5.0225049       1.3217841       1.1496887        3.400864         3.400864       3.2432818       3.2432818
              1       5.1078146      0.51665716      0.71878868        3.400864         3.400864       3.4139012       3.4139012
              1       4.7295893       1.1698821       1.0816109        3.400864         3.400864       2.6574505       2.6574505
              1       4.8645809      0.62328047      0.78948114        3.400864         3.400864       2.9274338       2.9274338
              3       4.6331155      0.78256599       0.8846276        3.400864         3.400864       2.4645029       2.4645029
              1       4.5697957      0.87895361      0.93752526        3.400864         3.400864       2.3378633       2.3378633
              2       4.6592413       0.7573397      0.87025267        3.400864         3.400864       2.5167546       2.5167546
              1       4.5680357       0.8841198      0.94027645        3.400864         3.400864       2.3343434       2.3343434
              8       4.5995124       1.0494722       1.0244375        3.400864         3.400864       2.3972967       2.3972967
              1        5.089461       1.3487252       1.1613463        3.400864         3.400864        3.377194        3.377194
              3       4.6132184      0.80499117        0.897213        3.400864         3.400864       2.4247089       2.4247089
              1       4.6610149      0.75575495      0.86934168        3.400864         3.400864       2.5203018       2.5203018
              4        5.431116      0.40721604      0.63813481        3.400864         3.400864       4.0605039       4.0605039
              2       5.8476889      0.29309667      0.54138403        3.400864         3.400864       4.8936498       4.8936498
              1       5.4436737      0.40341845       0.6351523        3.400864         3.400864       4.0856194       4.0856194
              1       5.5536914      0.37123825      0.60929324        3.400864         3.400864       4.3056549       4.3056549
              3       4.6828899      0.73724402      0.85862915        3.400864         3.400864       2.5640519       2.5640519
              5       4.8921819       0.6094269      0.78065799        3.400864         3.400864       2.9826358       2.9826358
              1       4.6342163      0.78142005      0.88397967        3.400864         3.400864       2.4667047       2.4667047
              2       6.1768409       1.6568696       1.2871945        3.400864         3.400864       5.5519539       5.5519539
              1       5.1639562       1.3767678       1.1733575        3.400864         3.400864       3.5261845       3.5261845
              2       4.8190433       1.2248788       1.1067424        3.400864         3.400864       2.8363586       2.8363586
              3       4.5763611      0.86282217      0.92888221        3.400864         3.400864       2.3509942       2.3509942
              2       6.7667232     0.094369195      0.30719569        3.400864         3.400864       6.7317184       6.7317184
              3       7.0517535       1.8308052       1.3530725        3.400864         3.400864        7.301779        7.301779
              1       4.6956997      0.72716377      0.85273898        3.400864         3.400864       2.5896714       2.5896714
              1       4.6419705        0.773577      0.87953226        3.400864         3.400864       2.4822129       2.4822129
              3       4.5685377      0.88259556      0.93946557        3.400864         3.400864       2.3353474       2.3353474
              1       5.2418373      0.46817336      0.68423195        3.400864         3.400864       3.6819467       3.6819467
              6       4.6265877      0.78954481      0.88856334        3.400864         3.400864       2.4514474       2.4514474
              3       4.6660554      0.75132522      0.86679018        3.400864         3.400864       2.5303829       2.5303829
              6       4.5597938      0.92791408      0.96328297        3.400864         3.400864       2.3178596       2.3178596
              5       4.6207807      0.79604474      0.89221339        3.400864         3.400864       2.4398335       2.4398335
              3       4.5781005       1.0133537       1.0066547        3.400864         3.400864        2.354473        2.354473
              3       4.5703478      0.99503905      0.99751644        3.400864         3.400864       2.3389676       2.3389676
              2       4.5655602      0.89240524      0.94467203        3.400864         3.400864       2.3293924       2.3293924
              1       4.9248207      0.59376714      0.77056287        3.400864         3.400864       3.0479135       3.0479135
              5       4.5997026       1.0497415        1.024569        3.400864         3.400864       2.3976771       2.3976771
              5       4.6490589      0.76672448      0.87562805        3.400864         3.400864       2.4963898       2.4963898
              2       4.7625882       1.1915527       1.0915827        3.400864         3.400864       2.7234485       2.7234485
              3       5.0212107       1.3212448       1.1494541        3.400864         3.400864       3.2406934       3.2406934
              4       6.9128612     0.066945414      0.25873812        3.400864         3.400864       7.0239943       7.0239943
              1       6.5574513      0.13527385      0.36779594        3.400864         3.400864       6.3131746       6.3131746
              2       4.6292574      0.78665131      0.88693365        3.400864         3.400864       2.4567868       2.4567868
              3       4.9783421       1.3029326       1.1414607        3.400864         3.400864       3.1549562       3.1549562
              2       4.6430105       1.0999117       1.0487668        3.400864         3.400864        2.484293        2.484293
              6       4.6042994       1.0560674       1.0276514        3.400864         3.400864       2.4068708       2.4068708
              1       5.1923978      0.48545106      0.69674318        3.400864         3.400864       3.5830677       3.5830677
              1       4.6465419       1.1033398       1.0503998        3.400864         3.400864       2.4913558       2.4913558
              2       5.0078934       1.3156507       1.1470182        3.400864         3.400864       3.2140589       3.2140589
              1       4.8115313      0.65179571      0.80733866        3.400864         3.400864       2.8213346       2.8213346
              3       4.6694288      0.74841899      0.86511212        3.400864         3.400864       2.5371296       2.5371296
              3       4.5597654      0.92848033      0.96357684        3.400864         3.400864       2.3178029       2.3178029
              1       4.8185766      0.64784634      0.80488902        3.400864         3.400864       2.8354251       2.8354251
              2       5.2027168      0.48179064      0.69411141        3.400864         3.400864       3.6037055       3.6037055
              3       5.5646004      0.36814672      0.60675095        3.400864         3.400864       4.3274728       4.3274728
              3       5.7326508       1.5499787       1.2449814        3.400864         3.400864       4.6635736       4.6635736
              2       4.5627763      0.90418716      0.95088756        3.400864         3.400864       2.3238246       2.3238246
              2       4.6382395       1.0951629       1.0465003        3.400864         3.400864       2.4747509       2.4747509
              1        5.514567      0.38246784      0.61843984        3.400864         3.400864       4.2274061       4.2274061
              1       5.2203506      0.47560273      0.68963957        3.400864         3.400864       3.6389732       3.6389732
              2       4.5606434      0.95472654      0.97710109        3.400864         3.400864       2.3195588       2.3195588
              1       4.8075248      0.65406631      0.80874366        3.400864         3.400864       2.8133216       2.8133216
              1        4.764857      0.67948994       0.8243118        3.400864         3.400864       2.7279859       2.7279859
              1        4.649119      0.76666753      0.87559553        3.400864         3.400864       2.4965101       2.4965101
              1       4.9312911      0.59074701      0.76860068        3.400864         3.400864       3.0608543       3.0608543
              5       5.9624207      0.26506551      0.51484514        3.400864         3.400864       5.1231135       5.1231135
              1         4.83807      0.63719055      0.79824216        3.400864         3.400864        2.874412        2.874412
              1       4.6258105      0.79039797      0.88904329        3.400864         3.400864        2.449893        2.449893
              3       5.8535418      0.29163718      0.54003443        3.400864         3.400864       4.9053556       4.9053556
              4       5.1622859      0.49630673       0.7044904        3.400864         3.400864       3.5228438       3.5228438
              3       5.7180407       1.5461448       1.2434407        3.400864         3.400864       4.6343535       4.6343535
              3       4.6676017       1.1224779       1.0594706        3.400864         3.400864       2.5334754       2.5334754
              1       4.5974432      0.82596584      0.90882663        3.400864         3.400864       2.3931585       2.3931585
              6       4.5602583      0.95100917      0.97519699        3.400864         3.400864       2.3187885       2.3187885
              2       4.7875476       1.2067932       1.0985414        3.400864         3.400864       2.7733671       2.7733671
              1       4.7636021       1.1921895       1.0918743        3.400864         3.400864       2.7254761       2.7254761
              2       4.5851838       1.0269089       1.0133651        3.400864         3.400864       2.3686397       2.3686397
              1       4.5765759      0.86235388      0.92863011        3.400864         3.400864       2.3514238       2.3514238
              2       4.6369043       1.0938083       1.0458529        3.400864         3.400864       2.4720806       2.4720806
              2       4.6286229       1.0851314       1.0416964        3.400864         3.400864       2.4555177       2.4555177
              1       4.6860027      0.73474811      0.85717449        3.400864         3.400864       2.5702775       2.5702775
              3       4.6957806      0.72710165      0.85270256        3.400864         3.400864       2.5898332       2.5898332
              2       4.5810453       1.0192583       1.0095832        3.400864         3.400864       2.3603626       2.3603626
              1       4.9846423      0.56678458      0.75285097        3.400864         3.400864       3.1675567       3.1675567
              1        4.766392       1.1939336       1.0926727        3.400864         3.400864        2.731056        2.731056
              2        5.135591      0.50615958      0.71144893        3.400864         3.400864        3.469454        3.469454
              2       4.5988662       1.0485523       1.0239884        3.400864         3.400864       2.3960043       2.3960043
              3       5.5027158       1.4865507       1.2192419        3.400864         3.400864       4.2037037       4.2037037
              8       4.5959773      0.82812141      0.91001176        3.400864         3.400864       2.3902266       2.3902266
              1       4.7857226        1.205708       1.0980474        3.400864         3.400864       2.7697171       2.7697171
              1       5.5854647       1.5101851       1.2288959        3.400864         3.400864       4.3692014       4.3692014
              3        4.595695      0.82854151      0.91024256        3.400864         3.400864       2.3896619       2.3896619
              7       4.9917349      0.56371504      0.75080959        3.400864         3.400864       3.1817418       3.1817418
              1       5.2574897      0.46283471      0.68031957        3.400864         3.400864       3.7132513       3.7132513
              1        5.278762       1.4167911       1.1902903        3.400864         3.400864        3.755796        3.755796
              4        4.564089      0.89817452       0.9477207        3.400864         3.400864         2.32645         2.32645
              2       4.5944634       0.8303936      0.91125935        3.400864         3.400864       2.3871987       2.3871987
              2       6.9644376      0.05747104      0.23973118        3.400864         3.400864       7.1271473       7.1271473
              3       4.8354317       1.2338549       1.1107902        3.400864         3.400864       2.8691353       2.8691353
              4       4.5595897      0.93431478       0.9665996        3.400864         3.400864       2.3174515       2.3174515
              2       4.5715095      0.87433583      0.93505926        3.400864         3.400864        2.341291        2.341291
              4       5.1833128      0.48869856      0.69906978        3.400864         3.400864       3.5648977       3.5648977
              1       4.8436804      0.63419334      0.79636257        3.400864         3.400864       2.8856329       2.8856329
              5       4.8345749       1.2333924        1.110582        3.400864         3.400864       2.8674219       2.8674219
              2       4.8403516       1.2364973        1.111979        3.400864         3.400864       2.8789752       2.8789752
              1       4.5637245      0.97272092      0.98626615        3.400864         3.400864        2.325721        2.325721
              1       4.5618406      0.96318546      0.98142013        3.400864         3.400864       2.3219532       2.3219532
              2       4.7316407       1.1712876       1.0822604        3.400864         3.400864       2.6615534       2.6615534
              3       5.1019914       1.3535739        1.163432        3.400864         3.400864       3.4022548       3.4022548
             26       4.5857371       1.0278833       1.0138458        3.400864         3.400864       2.3697463       2.3697463
              2       4.5619317      0.96372265      0.98169377        3.400864         3.400864       2.3221354       2.3221354
              6       4.7852946      0.66701242      0.81670828        3.400864         3.400864       2.7688613       2.7688613
              2       4.6415192      0.77402302      0.87978578        3.400864         3.400864       2.4813105       2.4813105
              1       4.6014734       1.0522193       1.0257774        3.400864         3.400864       2.4012188       2.4012188
              3       4.7696614       1.1959625       1.0936007        3.400864         3.400864       2.7375948       2.7375948
              3       4.6163316      0.80123633      0.89511805        3.400864         3.400864       2.4309353       2.4309353
              1       4.5691833      0.99176885      0.99587592        3.400864         3.400864       2.3366387       2.3366387
              4       5.1749148       0.4917216      0.70122864        3.400864         3.400864       3.5481016       3.5481016
              1       4.5990564       1.0488239        1.024121        3.400864         3.400864       2.3963848       2.3963848
              3       4.8546679      0.62840818      0.79272201        3.400864         3.400864       2.9076077       2.9076077
              2       5.0630449      0.53415349      0.73085805        3.400864         3.400864       3.3243618       3.3243618
              4       5.1642369       1.3768701       1.1734011        3.400864         3.400864       3.5267458       3.5267458
              1       4.6583076       1.1142857       1.0555973        3.400864         3.400864       2.5148872       2.5148872
              2       4.6092785       1.0625623       1.0308066        3.400864         3.400864       2.4168289       2.4168289
              1       4.5776737      0.86000534      0.92736473        3.400864         3.400864       2.3536195       2.3536195
              3       4.5611695      0.95883725      0.97920235        3.400864         3.400864       2.3206111       2.3206111
              4       4.5677728      0.88493604      0.94071039        3.400864         3.400864       2.3338177       2.3338177
              1       4.8923204      0.60935886      0.78061441        3.400864         3.400864       2.9829128       2.9829128
              1       4.5678567      0.98779119      0.99387685        3.400864         3.400864       2.3339855       2.3339855
              1       4.6425643       1.0994735       1.0485578        3.400864         3.400864       2.4834007       2.4834007
              1       4.6368626      0.77869955      0.88243954        3.400864         3.400864       2.4719972       2.4719972
              1       4.7035735      0.72120209      0.84923618        3.400864         3.400864        2.605419        2.605419
              1       4.5598643      0.92664894      0.96262606        3.400864         3.400864       2.3180007       2.3180007
              2       4.6489747       1.1056611       1.0515042        3.400864         3.400864       2.4962215       2.4962215
              4       4.5633792      0.97116828      0.98547871        3.400864         3.400864       2.3250303       2.3250303
              3       4.7046386       1.1520571       1.0733392        3.400864         3.400864       2.6075492       2.6075492
              1       4.9928849      0.56321974      0.75047967        3.400864         3.400864       3.1840418       3.1840418
              2       4.8385641      0.63692536      0.79807603        3.400864         3.400864       2.8754003       2.8754003
              2       4.8716722        1.252802       1.1192864        3.400864         3.400864       2.9416164       2.9416164
              1       5.8004287       1.5674603       1.2519825        3.400864         3.400864       4.7991295       4.7991295
              2       5.1203597       1.3605815       1.1664397        3.400864         3.400864       3.4389913       3.4389913
              3       4.5938267       1.0411016       1.0203439        3.400864         3.400864       2.3859255       2.3859255
              1       4.5657773      0.89161694       0.9442547        3.400864         3.400864       2.3298266       2.3298266
              2       5.2127542      0.47825815      0.69156211        3.400864         3.400864       3.6237804       3.6237804
              1       4.5763355       1.0095872       1.0047822        3.400864         3.400864        2.350943        2.350943
              1       4.6002721       1.0505444       1.0249607        3.400864         3.400864       2.3988163       2.3988163
              1       4.8969851       1.2653897       1.1248954        3.400864         3.400864       2.9922421       2.9922421
              3       4.8476274      0.63210248      0.79504873        3.400864         3.400864       2.8935269       2.8935269
              1       4.8098693       1.2197299       1.1044138        3.400864         3.400864       2.8180106       2.8180106
              1       4.5710588      0.87551621      0.93569023        3.400864         3.400864       2.3403896       2.3403896
              1        4.605544       1.0577235       1.0284568        3.400864         3.400864       2.4093601       2.4093601
              2       5.0349898      0.54551675      0.73859106        3.400864         3.400864       3.2682517       3.2682517
              1       5.2415731       1.4042014         1.18499        3.400864         3.400864       3.6814182       3.6814182
              2       6.8002623       1.7844684         1.33584        3.400864         3.400864       6.7987965       6.7987965
              3       4.6989658       1.1477949       1.0713519        3.400864         3.400864       2.5962036       2.5962036
              6       4.6132801       1.0675496       1.0332229        3.400864         3.400864       2.4248322       2.4248322
              5       4.5878708      0.84091754      0.91701556        3.400864         3.400864       2.3740136       2.3740136
              3       4.7904492      0.66395571      0.81483478        3.400864         3.400864       2.7791705       2.7791705
              3       4.9526418       1.2915019       1.1364427        3.400864         3.400864       3.1035555       3.1035555
              3       5.2834498      0.45411063      0.67387731        3.400864         3.400864       3.7651716       3.7651716
              2       4.6226617      0.79390679      0.89101447        3.400864         3.400864       2.4435954       2.4435954
              8       4.7332895      0.70005427      0.83669246        3.400864         3.400864        2.664851        2.664851
              2       4.5948752      0.82977072      0.91091751        3.400864         3.400864       2.3880224       2.3880224
              1       4.5595975       0.9337514      0.96630813        3.400864         3.400864       2.3174669       2.3174669
              2        4.595832      0.82833743      0.91013045        3.400864         3.400864        2.389936        2.389936
              2       4.9391971      0.58709226      0.76621946        3.400864         3.400864       3.0766663       3.0766663
              3       4.8257545       1.2285879       1.1084168        3.400864         3.400864        2.849781        2.849781
              1       4.6071518         1.05983       1.0294804        3.400864         3.400864       2.4125757       2.4125757
              4       4.6426225      0.77293466      0.87916703        3.400864         3.400864        2.483517        2.483517
              6       4.7925783      0.66270315      0.81406581        3.400864         3.400864       2.7834286       2.7834286
              5       5.0544097      0.53761654      0.73322339        3.400864         3.400864       3.3070914       3.3070914
             14       4.5820114      0.85135936      0.92269137        3.400864         3.400864       2.3622948       2.3622948
              5       4.6419735       1.0988914       1.0482802        3.400864         3.400864       2.4822191       2.4822191
              1       4.7872793        1.206634       1.0984689        3.400864         3.400864       2.7728306       2.7728306
              1       4.7895782      0.66446984       0.8151502        3.400864         3.400864       2.7774284       2.7774284
              2       4.9332354      0.58984465      0.76801344        3.400864         3.400864       3.0647428       3.0647428
              4        4.655778      0.76047546      0.87205244        3.400864         3.400864       2.5098281       2.5098281
              2       4.6235563      0.79290116      0.89044998        3.400864         3.400864       2.4453847       2.4453847
              1       4.5645337      0.97612303      0.98798939        3.400864         3.400864       2.3273395       2.3273395
              1       4.7614314      0.68164113      0.82561561        3.400864         3.400864       2.7211348       2.7211348
              1       4.6571564      0.75922079      0.87133277        3.400864         3.400864       2.5125848       2.5125848
              2       4.5611357      0.91386964      0.95596529        3.400864         3.400864       2.3205435       2.3205435
              2       4.6396029       1.0965343       1.0471553        3.400864         3.400864       2.4774777       2.4774777
              3       4.5611727       0.9136054      0.95582708        3.400864         3.400864       2.3206175       2.3206175
              1       4.7895952       1.2080056       1.0990931        3.400864         3.400864       2.7774623       2.7774623
              3        4.676522       1.1300152       1.0630217        3.400864         3.400864        2.551316        2.551316
              1       4.5663865      0.98298938      0.99145821        3.400864         3.400864       2.3310451       2.3310451
              4        4.746427       1.1811792       1.0868207        3.400864         3.400864        2.691126        2.691126
              2       4.6140839       1.0685288       1.0336967        3.400864         3.400864       2.4264399       2.4264399
              5       4.5850119        1.026604       1.0132147        3.400864         3.400864       2.3682959       2.3682959
              4        4.576604      0.86229274      0.92859719        3.400864         3.400864         2.35148         2.35148
              1       4.9623478       1.2958616       1.1383591        3.400864         3.400864       3.1229676       3.1229676
              2       4.5729689      0.87065945      0.93309134        3.400864         3.400864       2.3442098       2.3442098
              2       4.7204618       1.1635236       1.0786675        3.400864         3.400864       2.6391957       2.6391957
              3       5.3825077      0.42218008      0.64975386        3.400864         3.400864       3.9632875       3.9632875
              5        5.103778      0.51820464      0.71986432        3.400864         3.400864       3.4058281       3.4058281
              2        5.184501       0.4882725      0.69876498        3.400864         3.400864        3.567274        3.567274
              2       5.4666137      0.39655013      0.62972227        3.400864         3.400864       4.1314994       4.1314994
              1       5.2165487       1.3955355       1.1813279        3.400864         3.400864       3.6313694       3.6313694
              1       4.6515552      0.76437626      0.87428614        3.400864         3.400864       2.5013825       2.5013825
              6       4.6855439       1.1373513       1.0664667        3.400864         3.400864       2.5693598       2.5693598
              1       4.6616321      0.75520674      0.86902632        3.400864         3.400864       2.5215362       2.5215362
              1       4.8624375      0.62438205      0.79017849        3.400864         3.400864        2.923147        2.923147
              3        4.941775      0.58590883      0.76544682        3.400864         3.400864        3.081822        3.081822
              2       4.6438129       1.1006969        1.049141        3.400864         3.400864       2.4858977       2.4858977
              1       4.9088962       1.2711493       1.1274526        3.400864         3.400864       3.0160643       3.0160643
              2        4.901123      0.60506339      0.77785821        3.400864         3.400864       3.0005181       3.0005181
              1       4.6544159       1.1107412       1.0539171        3.400864         3.400864       2.5071039       2.5071039
              1       6.0471165       1.6273636       1.2756816        3.400864         3.400864       5.2925051       5.2925051
              1       4.8947707       1.2643078       1.1244144        3.400864         3.400864       2.9878134       2.9878134
              1       5.5422579       1.4979686       1.2239153        3.400864         3.400864       4.2827879       4.2827879
              2       6.6402736       1.7536249        1.324245        3.400864         3.400864       6.4788191       6.4788191
              3       4.5700839        0.994314      0.99715295        3.400864         3.400864       2.3384398       2.3384398
              3       4.6764415       1.1299485       1.0629904        3.400864         3.400864        2.551155        2.551155
              3       4.5647104      0.89563758      0.94638131        3.400864         3.400864       2.3276928       2.3276928
              2       4.5651956       0.9787036       0.9892945        3.400864         3.400864       2.3286633       2.3286633
              3       4.5626182      0.90498924      0.95130922        3.400864         3.400864       2.3235085       2.3235085
              2       5.9371049       1.6013163       1.2654313        3.400864         3.400864       5.0724818       5.0724818
              1       5.5964705       1.5132556       1.2301445        3.400864         3.400864       4.3912131       4.3912131
              2       5.0195001       1.3205308       1.1491435        3.400864         3.400864       3.2372723       3.2372723
              2       4.8876619       0.6116551      0.78208382        3.400864         3.400864       2.9735958       2.9735958
              3       4.5596225      0.93246616      0.96564287        3.400864         3.400864       2.3175169       2.3175169
              6       4.7622953      0.68109688      0.82528594        3.400864         3.400864       2.7228627       2.7228627
              3       4.8242513      0.64470412      0.80293469        3.400864         3.400864       2.8467747       2.8467747
              1       5.3002523      0.44854722      0.66973668        3.400864         3.400864       3.7987767       3.7987767
              2       4.5796306        1.016476       1.0082043        3.400864         3.400864       2.3575333       2.3575333
              2       6.0193794       1.6208897       1.2731417        3.400864         3.400864       5.2370308       5.2370308
              3       4.9126217      0.59953486      0.77429637        3.400864         3.400864       3.0235154       3.0235154
              2       5.1142781      0.51419107      0.71707117        3.400864         3.400864       3.4268283       3.4268283
              1       4.9382069       1.2849174        1.133542        3.400864         3.400864       3.0746859       3.0746859
              1        4.808467       1.2189347       1.1040537        3.400864         3.400864       2.8152061       2.8152061
              4       4.7848251       1.2051728       1.0978036        3.400864         3.400864       2.7679223       2.7679223
              1       4.6231773       1.0791389       1.0388161        3.400864         3.400864       2.4446265       2.4446265
              6       5.0755635         1.34328       1.1589996        3.400864         3.400864        3.349399        3.349399
              1       4.6130104      0.80524591      0.89735495        3.400864         3.400864       2.4242928       2.4242928
              1       5.4737606       1.4780372       1.2157455        3.400864         3.400864       4.1457931       4.1457931
              1       6.4743672      0.15210515       0.3900066        3.400864         3.400864       6.1470064       6.1470064
              1       4.6003375      0.82182928        0.906548        3.400864         3.400864       2.3989469       2.3989469
              8       5.1896442       1.3860325       1.1772988        3.400864         3.400864       3.5775604       3.5775604
              4        4.559773      0.94413986       0.9716686        3.400864         3.400864        2.317818        2.317818
              3       4.9170238      0.59744222      0.77294387        3.400864         3.400864       3.0323196       3.0323196
              1       6.8877816       1.8008754        1.341967        3.400864         3.400864       6.9738352       6.9738352
              2       5.1938047       1.3875151       1.1779283        3.400864         3.400864       3.5858815       3.5858815
              2       5.6895536       1.5385991       1.2404028        3.400864         3.400864       4.5773793       4.5773793
              3       5.7821452       1.5627925        1.250117        3.400864         3.400864       4.7625625       4.7625625
              1       6.1709869       1.6555642       1.2866873        3.400864         3.400864       5.5402458       5.5402458
              1       7.6852779       1.9380762        1.392148        3.400864         3.400864       8.5688279       8.5688279
              1        8.322677       2.0354892       1.4267057        3.400864         3.400864        9.843626        9.843626
              4       5.1515641      0.50023729      0.70727455        3.400864         3.400864       3.5014002       3.5014002
              1       5.1476508       1.3707846       1.1708051        3.400864         3.400864       3.4935737       3.4935737
              8       4.6098189       1.0632473       1.0311388        3.400864         3.400864       2.4179098       2.4179098
              2       5.6866044       0.3346529      0.57849192        3.400864         3.400864       4.5714807       4.5714807
              1       4.6864393      0.73440056      0.85697174        3.400864         3.400864       2.5711506       2.5711506
              1       5.1371986      0.50555983      0.71102731        3.400864         3.400864       3.4726693       3.4726693
              1       5.6771125      0.33719152      0.58068194        3.400864         3.400864        4.552497        4.552497
              1       8.1686623       2.0127592       1.4187175        3.400864         3.400864       9.5355965       9.5355965
              1       6.6251943       1.7506576       1.3231242        3.400864         3.400864       6.4486607       6.4486607
              1       4.7887023      0.66498777      0.81546782        3.400864         3.400864       2.7756767       2.7756767
              3       5.0104969       1.3167508       1.1474976        3.400864         3.400864       3.2192659       3.2192659
              4       4.7379566       0.6969026      0.83480692        3.400864         3.400864       2.6741852       2.6741852
              2       6.3766268       1.7000852       1.3038732        3.400864         3.400864       5.9515257       5.9515257
              4       4.5621025      0.96470265      0.98219278        3.400864         3.400864        2.322477        2.322477
              3       5.3775057       1.4487206       1.2036281        3.400864         3.400864       3.9532834       3.9532834
              2       5.3545108      0.43100007      0.65650596        3.400864         3.400864       3.9072936       3.9072936
              1       4.7296793       1.1699439       1.0816395        3.400864         3.400864       2.6576305       2.6576305
              1       4.8055681      0.65518187      0.80943306        3.400864         3.400864       2.8094083       2.8094083
              7       4.6271139      0.78896998      0.88823982        3.400864         3.400864       2.4524999       2.4524999
              2       5.0053219      0.55790438      0.74692997        3.400864         3.400864       3.2089159       3.2089159
              2       4.9513433      0.58155075      0.76259475        3.400864         3.400864       3.1009586       3.1009586
              8       4.7643109      0.67983165      0.82451904        3.400864         3.400864       2.7268938       2.7268938
              2       4.7325563      0.70055322      0.83699057        3.400864         3.400864       2.6633847       2.6633847
              1       4.5639851      0.89861509       0.9479531        3.400864         3.400864       2.3262423       2.3262423
              2       6.2129718      0.20759041      0.45562091        3.400864         3.400864       5.6242156       5.6242156
              6       5.5790696       1.5083934       1.2281667        3.400864         3.400864       4.3564112       4.3564112
              1       5.2785043      0.45576038      0.67510028        3.400864         3.400864       3.7552806       3.7552806
              1       6.2421006       1.6712654       1.2927743        3.400864         3.400864       5.6824733       5.6824733
              1       5.0590077       1.3366965       1.1561559        3.400864         3.400864       3.3162874       3.3162874
              2       7.1640107       1.8507308       1.3604157        3.400864         3.400864       7.5262935       7.5262935
              2       4.5635689      0.90043591      0.94891301        3.400864         3.400864       2.3254097       2.3254097
              5       4.5718536      0.99901584       0.9995078        3.400864         3.400864       2.3419793       2.3419793
              1       4.6135299      0.80461068      0.89700094        3.400864         3.400864       2.4253318       2.4253318
              1       5.4588165       0.3988748      0.63156536        3.400864         3.400864       4.1159049       4.1159049
              4       5.6154153      0.35396231      0.59494731        3.400864         3.400864       4.4291026       4.4291026
              4       5.5954491       1.5129713        1.230029        3.400864         3.400864       4.3891702       4.3891702
              1       5.9521792       1.6049454       1.2668644        3.400864         3.400864       5.1026304       5.1026304
              2       4.8091764      0.65312812      0.80816343        3.400864         3.400864       2.8166247       2.8166247
              3       5.0109794      0.55551105      0.74532614        3.400864         3.400864       3.2202308       3.2202308
              2       4.7296688      0.70252858      0.83816978        3.400864         3.400864       2.6576097       2.6576097
              5       4.9546372       1.2924026       1.1368388        3.400864         3.400864       3.1075464       3.1075464
              1       6.6479237       1.7551262       1.3248117        3.400864         3.400864       6.4941194       6.4941194
              3       4.9707493        1.299593       1.1399969        3.400864         3.400864       3.1397706       3.1397706
              2       5.5736436       1.5068687       1.2275458        3.400864         3.400864       4.3455591       4.3455591
              5       4.9286872      0.59195923      0.76938887        3.400864         3.400864       3.0556465       3.0556465
              1       4.5669948      0.98503346      0.99248852        3.400864         3.400864       2.3322617       2.3322617
              2       5.4647478       1.4753598       1.2146439        3.400864         3.400864       4.1277676       4.1277676
              3       5.5342724       1.4956816       1.2229806        3.400864         3.400864       4.2668168       4.2668168
              2       5.0020234       1.3131586       1.1459313        3.400864         3.400864       3.2023188       3.2023188
              1       6.5418693      0.13840342      0.37202609        3.400864         3.400864       6.2820107       6.2820107
              1       6.1493564         1.65072       1.2848035        3.400864         3.400864       5.4969849       5.4969849
              3       4.6830165       1.1353234       1.0655156        3.400864         3.400864        2.564305        2.564305
              1       5.0045867      0.55821654       0.7471389        3.400864         3.400864       3.2074454       3.2074454
              1       4.6029886      0.81816719      0.90452595        3.400864         3.400864       2.4042493       2.4042493
              1       5.4384869      0.40498369      0.63638329        3.400864         3.400864       4.0752458       4.0752458
              1       4.8571542      0.62711407      0.79190534        3.400864         3.400864       2.9125805       2.9125805
              2       4.6025098      0.81882016      0.90488682        3.400864         3.400864       2.4032916       2.4032916
              1       4.5758347       1.0084829       1.0042325        3.400864         3.400864       2.3499415       2.3499415
              1       4.6161146       1.0709707       1.0348771        3.400864         3.400864       2.4305013       2.4305013
              1       5.9573214       1.6061789       1.2673511        3.400864         3.400864       5.1129148       5.1129148
              4        5.173338      0.49229149      0.70163487        3.400864         3.400864        3.544948        3.544948
              4       5.2343833      0.47073728      0.68610297        3.400864         3.400864       3.6670385       3.6670385
              1       4.8110009       1.2203701       1.1047036        3.400864         3.400864       2.8202738       2.8202738
              5       4.6286051      0.78735314      0.88732922        3.400864         3.400864       2.4554821       2.4554821
              4        4.586364      0.84349046      0.91841737        3.400864         3.400864       2.3709999       2.3709999
              2       4.8714029       1.2526655       1.1192254        3.400864         3.400864       2.9410778       2.9410778
              1       5.2731501       1.4149125       1.1895009        3.400864         3.400864       3.7445723       3.7445723
              2       5.5767304       1.5077366       1.2278993        3.400864         3.400864       4.3517328       4.3517328
              1       5.9131977       1.5955197       1.2631388        3.400864         3.400864       5.0246674       5.0246674
              1       5.1281048      0.50896347      0.71341676        3.400864         3.400864       3.4544815       3.4544815
              1       5.4147786      0.41219783      0.64202635        3.400864         3.400864       4.0278291       4.0278291
              2       5.6768098      0.33727267      0.58075181        3.400864         3.400864       4.5518915       4.5518915
              5        5.375704      0.42430951      0.65139044        3.400864         3.400864       3.9496801       3.9496801
              1       5.4546394      0.40012431       0.6325538        3.400864         3.400864       4.1075507       4.1075507
              1       5.7645516      0.31419746       0.5605332        3.400864         3.400864       4.7273753       4.7273753
              4       5.4830063       0.3916952      0.62585557        3.400864         3.400864       4.1642847       4.1642847
              2       4.5619904      0.90840184      0.95310117        3.400864         3.400864       2.3222528       2.3222528
              1       4.6998049      0.72403457      0.85090221        3.400864         3.400864       2.5978819       2.5978819
              2       4.6527106      0.76330028      0.87367058        3.400864         3.400864       2.5036932       2.5036932
              3       4.5691189      0.99158229      0.99578225        3.400864         3.400864       2.3365098       2.3365098
              3       6.2845674      0.19198167      0.43815713        3.400864         3.400864       5.7674069       5.7674069
              1        4.838025      0.63721471      0.79825729        3.400864         3.400864        2.874322        2.874322
              2        5.500156      0.38666194      0.62182147        3.400864         3.400864       4.1985841       4.1985841
              1       5.3858786      0.42112835      0.64894403        3.400864         3.400864       3.9700292       3.9700292
              2       5.8954793      0.28127477      0.53035344        3.400864         3.400864       4.9892306       4.9892306
              2       4.6205493      0.79631004      0.89236206        3.400864         3.400864       2.4393706       2.4393706
              1       4.5595869      0.93457373      0.96673354        3.400864         3.400864       2.3174457       2.3174457
              1       4.5605722      0.91836744       0.9583149        3.400864         3.400864       2.3194165       2.3194165
              2       4.9031203       1.2683688       1.1262188        3.400864         3.400864       3.0045126       3.0045126
              1       4.6303761      0.78545533      0.88625918        3.400864         3.400864       2.4590242       2.4590242
              8        5.066319      0.53284823      0.72996454        3.400864         3.400864         3.33091         3.33091
              1       4.7086021       1.1549857       1.0747026        3.400864         3.400864       2.6154763       2.6154763
              2       4.6293097       1.0858702        1.042051        3.400864         3.400864       2.4568914       2.4568914
              3       5.1681423      0.49417456      0.70297551        3.400864         3.400864       3.5345565       3.5345565
              2       4.5677252      0.88508544       0.9407898        3.400864         3.400864       2.3337224       2.3337224
              4       4.8568445      0.62727496      0.79200692        3.400864         3.400864       2.9119611       2.9119611
              2       5.1298953       1.3641742       1.1679787        3.400864         3.400864       3.4580626       3.4580626
              1       4.6511407       1.1077014        1.052474        3.400864         3.400864       2.5005535       2.5005535
              2       4.8113523       1.2205686       1.1047935        3.400864         3.400864       2.8209766       2.8209766
              2       4.9155461       1.2743221       1.1288588        3.400864         3.400864       3.0293643       3.0293643
              1       4.5607081      0.91718576      0.95769816        3.400864         3.400864       2.3196882       2.3196882
              1       4.6312597      0.78451729      0.88572981        3.400864         3.400864       2.4607915       2.4607915
              1       4.8393738        1.235974       1.1117437        3.400864         3.400864       2.8770197       2.8770197
              3       5.2206086      0.47551282      0.68957437        3.400864         3.400864       3.6394892       3.6394892
              2       4.8879043      0.61153523      0.78200718        3.400864         3.400864       2.9740805       2.9740805
              2       5.0225129      0.55067792      0.74207676        3.400864         3.400864       3.2432978       3.2432978
              1       4.6968578       1.1461891       1.0706022        3.400864         3.400864       2.5919875       2.5919875
              1        5.104229      0.51803147      0.71974403        3.400864         3.400864         3.40673         3.40673
              1       4.5711032      0.87539881      0.93562749        3.400864         3.400864       2.3404785       2.3404785
              1       4.6519188       1.1084285       1.0528193        3.400864         3.400864       2.5021097       2.5021097
              1       4.5597801      0.92818332      0.96342271        3.400864         3.400864       2.3178321       2.3178321
              6        5.376748      0.42398219      0.65113915        3.400864         3.400864        3.951768        3.951768
              1       5.3177167      0.44283112      0.66545558        3.400864         3.400864       3.8337055       3.8337055
              2       4.9746659      0.57114589      0.75574194        3.400864         3.400864       3.1476038       3.1476038
              2       5.1020087      0.51888476      0.72033656        3.400864         3.400864       3.4022894       3.4022894
              1       4.8881173       0.6114299      0.78193983        3.400864         3.400864       2.9745066       2.9745066
              1       5.0945501      0.52176401      0.72233234        3.400864         3.400864       3.3873723       3.3873723
              1       5.6224739       1.5204461       1.2330637        3.400864         3.400864       4.4432198       4.4432198
              2        5.360851       1.4434761       1.2014475        3.400864         3.400864       3.9199739       3.9199739
              2       6.9262576       1.8079907       1.3446155        3.400864         3.400864       7.0507873       7.0507873
              5       4.6020287      0.81947993      0.90525131        3.400864         3.400864       2.4023294       2.4023294
              2       6.0396852       1.6256351        1.275004        3.400864         3.400864       5.2776425       5.2776425
              2       4.5851675       1.0268799       1.0133508        3.400864         3.400864       2.3686069       2.3686069
              3       4.6197165      0.79726895      0.89289918        3.400864         3.400864        2.437705        2.437705
              2        4.887138        1.260551       1.1227426        3.400864         3.400864        2.972548        2.972548
              1       4.7937043      0.66204302      0.81366026        3.400864         3.400864       2.7856806       2.7856806
              1       5.1111979       0.5153645      0.71788892        3.400864         3.400864       3.4206678       3.4206678
              2       4.6239475      0.79246367      0.89020429        3.400864         3.400864        2.446167        2.446167
              2       4.6810764      0.73871272      0.85948398        3.400864         3.400864       2.5604248       2.5604248
              2       5.0095302       1.3163427       1.1473198        3.400864         3.400864       3.2173325       3.2173325
              4       4.5998529        1.049954       1.0246726        3.400864         3.400864       2.3979778       2.3979778
              1        6.204271      0.20951014      0.45772277        3.400864         3.400864        5.606814        5.606814
              1       5.1859279      0.48776138      0.69839915        3.400864         3.400864       3.5701278       3.5701278
              2       4.5609192      0.95698344      0.97825531        3.400864         3.400864       2.3201105       2.3201105
              1       4.5612833      0.95963123      0.97960769        3.400864         3.400864       2.3208386       2.3208386
              1       5.3230839       0.4410877      0.66414434        3.400864         3.400864       3.8444399       3.8444399
              1       5.3873299       1.4517892       1.2049021        3.400864         3.400864       3.9729319       3.9729319
              1       5.5197702        1.491504       1.2212715        3.400864         3.400864       4.2378124       4.2378124
              1       4.9154063      0.59820964      0.77344013        3.400864         3.400864       3.0290846       3.0290846
              2        4.986082      0.56615946      0.75243568        3.400864         3.400864        3.170436        3.170436
              1       5.1255448      0.50992649      0.71409138        3.400864         3.400864       3.4493617       3.4493617
              8       4.5598201      0.94504509      0.97213429        3.400864         3.400864       2.3179123       2.3179123
              2       4.5772072      0.86099437      0.92789782        3.400864         3.400864       2.3526864       2.3526864
              3       6.0367946       1.6249616       1.2747398        3.400864         3.400864       5.2718612       5.2718612
              1       5.6615344        1.531084       1.2373698        3.400864         3.400864       4.5213408       4.5213408
              5       4.6258348       1.0820941       1.0402375        3.400864         3.400864       2.4499415       2.4499415
              1       4.9041149       1.2688493       1.1264321        3.400864         3.400864       3.0065018       3.0065018
              1       4.8353335      0.63866337      0.79916417        3.400864         3.400864       2.8689391       2.8689391
              3       4.7109437      0.71576772      0.84603057        3.400864         3.400864       2.6201594       2.6201594
              1       6.4720207      0.15258575      0.39062226        3.400864         3.400864       6.1423134       6.1423134
              6       4.9079692      0.60176075       0.7757324        3.400864         3.400864       3.0142105       3.0142105
              3       4.7550389      0.68570489        0.828073        3.400864         3.400864       2.7083499       2.7083499
              7       4.8129203      0.65101274      0.80685361        3.400864         3.400864       2.8241127       2.8241127
             18        4.562778      0.96828655      0.98401552        3.400864         3.400864        2.323828        2.323828
              2       4.6229224      0.79361306      0.89084963        3.400864         3.400864       2.4441167       2.4441167
              3       4.9339932      0.58949358      0.76778485        3.400864         3.400864       3.0662584       3.0662584
              2         4.71279      0.71442718      0.84523794        3.400864         3.400864       2.6238521       2.6238521
              6       4.6060014       1.0583265         1.02875        3.400864         3.400864       2.4102749       2.4102749
              2       4.5703336      0.99500015      0.99749694        3.400864         3.400864       2.3389391       2.3389391
              1       4.6396312       1.0965627       1.0471689        3.400864         3.400864       2.4775344       2.4775344
              2       4.5631208      0.90250544      0.95000286        3.400864         3.400864       2.3245136       2.3245136
              2       4.6836707      0.73661509      0.85826283        3.400864         3.400864       2.5656133       2.5656133
              1       4.5628017      0.96840515      0.98407578        3.400864         3.400864       2.3238754       2.3238754
              3       4.5861907       1.0286746       1.0142359        3.400864         3.400864       2.3706535       2.3706535
              1       4.8457369       1.2393632       1.1132669        3.400864         3.400864       2.8897458       2.8897458
              1       4.6187053       1.0740231       1.0363509        3.400864         3.400864       2.4356826       2.4356826
              1       4.6565796      0.75974475      0.87163338        3.400864         3.400864       2.5114312       2.5114312
              6       4.7163177       1.1605772       1.0773009        3.400864         3.400864       2.6309075       2.6309075
              4       5.0006102       1.3125561       1.1456684        3.400864         3.400864       3.1994924       3.1994924
