#        weight    minuslogpost              A2               A   minuslogprior minuslogprior__0            chi2   chi2__loglike
              1        6.381682        1.701147       1.3042803        3.400864         3.400864        5.961636        5.961636
              1       5.5662498       1.5047846       1.2266966        3.400864         3.400864       4.3307716       4.3307716
              2       5.1896362       1.3860296       1.1772976        3.400864         3.400864       3.5775444       3.5775444
              1       4.8735057       1.2537306       1.1197011        3.400864         3.400864       2.9452833       2.9452833
              1       5.1223062       1.3613174       1.1667551        3.400864         3.400864       3.4428845       3.4428845
              1       5.7732228        1.560502       1.2492005        3.400864         3.400864       4.7447176       4.7447176
              1       5.6375256       1.5245681        1.234734        3.400864         3.400864       4.4733232       4.4733232
              4       4.9430689        1.287149       1.1345259        3.400864         3.400864       3.0844098       3.0844098
              1       4.9697785       1.2991638       1.1398087        3.400864         3.400864        3.137829        3.137829
              2       4.9430139       1.2871239       1.1345148        3.400864         3.400864       3.0842999       3.0842999
              1        4.972067       1.3001748       1.1402521        3.400864         3.400864       3.1424061       3.1424061
              2       4.5661939       0.8901422      0.94347348        3.400864         3.400864       2.3306598       2.3306598
              1       4.5999253      0.82240912      0.90686775        3.400864         3.400864       2.3981227       2.3981227
              2       4.5761796      0.86322012       0.9290964        3.400864         3.400864       2.3506312       2.3506312
              2        4.566732      0.88830442      0.94249903        3.400864         3.400864        2.331736        2.331736
              4       4.5684294      0.98954463      0.99475858        3.400864         3.400864       2.3351308       2.3351308
              2       4.6384357      0.77710433      0.88153521        3.400864         3.400864       2.4751435       2.4751435
              1       5.2926176      0.45106721      0.67161537        3.400864         3.400864       3.7835072       3.7835072
              1       4.6541373       1.1104846       1.0537953        3.400864         3.400864       2.5065466       2.5065466
              3       4.5660217      0.89074617       0.9437935        3.400864         3.400864       2.3303153       2.3303153
              1       4.9549747       1.2925547       1.1369057        3.400864         3.400864       3.1082214       3.1082214
              2       4.5597712      0.92836231       0.9635156        3.400864         3.400864       2.3178144       2.3178144
              2       4.6892967       0.7321402      0.85565192        3.400864         3.400864       2.5768653       2.5768653
              1       4.5781482      0.85901246      0.92682925        3.400864         3.400864       2.3545684       2.3545684
              2       4.6225242      0.79406205      0.89110159        3.400864         3.400864       2.4433203       2.4433203
              1       5.7764303      0.31113897      0.55779832        3.400864         3.400864       4.7511326       4.7511326
              1       5.8914491      0.28226346      0.53128473        3.400864         3.400864       4.9811703       4.9811703
              2       6.0596293      0.24220104      0.49213924        3.400864         3.400864       5.3175307       5.3175307
              2       4.5595947      0.93852989      0.96877752        3.400864         3.400864       2.3174615       2.3174615
              1       4.6988934      0.72472535      0.85130802        3.400864         3.400864       2.5960589       2.5960589
              1       4.8389002       1.2357202       1.1116295        3.400864         3.400864       2.8760723       2.8760723
              1       4.5627159      0.96797396      0.98385667        3.400864         3.400864       2.3237038       2.3237038
              1       5.1426889       1.3689474       1.1700203        3.400864         3.400864       3.4836498       3.4836498
              2       5.3377818       1.4361208       1.1983826        3.400864         3.400864       3.8738357       3.8738357
              1       4.9841574         1.30547       1.1425716        3.400864         3.400864       3.1665868       3.1665868
              1       4.6942984       1.1442227       1.0696835        3.400864         3.400864       2.5868689       2.5868689
              1       4.5595943      0.93850073      0.96876248        3.400864         3.400864       2.3174606       2.3174606
              2       4.5949772       1.0428484       1.0211995        3.400864         3.400864       2.3882264       2.3882264
              1        4.807137       1.2181783       1.1037111        3.400864         3.400864        2.812546        2.812546
              1       5.7946314       0.3064814      0.55360762        3.400864         3.400864       4.7875347       4.7875347
              1       5.6821684      0.33583796      0.57951528        3.400864         3.400864       4.5626089       4.5626089
              1       6.3217725      0.18399838      0.42895032        3.400864         3.400864       5.8418169       5.8418169
              4        4.668345       0.7493478      0.86564878        3.400864         3.400864       2.5349619       2.5349619
              1       4.7724036       1.1976521       1.0943729        3.400864         3.400864       2.7430792       2.7430792
              1       5.4298939       1.4648783       1.2103216        3.400864         3.400864       4.0580598       4.0580598
              1        5.731183       1.5495946       1.2448271        3.400864         3.400864        4.660638        4.660638
              1       5.7605872       1.5572438       1.2478957        3.400864         3.400864       4.7194464       4.7194464
              4       5.4340397       1.4661359        1.210841        3.400864         3.400864       4.0663514       4.0663514
              1       4.5654397      0.97961649      0.98975577        3.400864         3.400864       2.3291514       2.3291514
              3        4.734272      0.69938729      0.83629378        3.400864         3.400864       2.6668161       2.6668161
              1       4.8500569       1.2416428       1.1142902        3.400864         3.400864       2.8983859       2.8983859
              2       4.5613479      0.96007067      0.97983196        3.400864         3.400864       2.3209679       2.3209679
              1       4.8218714       0.6460178      0.80375233        3.400864         3.400864       2.8420148       2.8420148
              3       4.5813841       1.0199108       1.0099064        3.400864         3.400864       2.3610402       2.3610402
              2       4.8011084      0.65774119      0.81101245        3.400864         3.400864       2.8004889       2.8004889
              2       5.6002468       1.5143054       1.2305712        3.400864         3.400864       4.3987657       4.3987657
              3       5.5464844       1.4991753       1.2244082        3.400864         3.400864       4.2912408       4.2912408
              1       5.0320808      0.54671398       0.7394011        3.400864         3.400864       3.2624336       3.2624336
              2       4.8351385       1.2336968        1.110719        3.400864         3.400864       2.8685491       2.8685491
              2       4.5720391       0.8729771      0.93433244        3.400864         3.400864       2.3423501       2.3423501
              3       4.9095315      0.60101164      0.77524941        3.400864         3.400864       3.0173351       3.0173351
              2       4.6041957      0.81653701      0.90362437        3.400864         3.400864       2.4066634       2.4066634
              4       4.5722088      0.99991773      0.99995886        3.400864         3.400864       2.3426897       2.3426897
              8       4.6032742       1.0546858        1.026979        3.400864         3.400864       2.4048204       2.4048204
              1       4.7110847       1.1568003       1.0755465        3.400864         3.400864       2.6204415       2.6204415
              1        4.672607      0.74572145      0.86355165        3.400864         3.400864        2.543486        2.543486
              4       6.4612886      0.15478765      0.39343062        3.400864         3.400864       6.1208492       6.1208492
              2       6.4429733       1.7139056       1.3091622        3.400864         3.400864       6.0842186       6.0842186
              5       4.5835207      0.84855066      0.92116809        3.400864         3.400864       2.3653135       2.3653135
              1       4.8814394      0.61474785      0.78405858        3.400864         3.400864       2.9611507       2.9611507
              1       5.0344758       1.3267373       1.1518408        3.400864         3.400864       3.2672236       3.2672236
              1       4.5597341      0.94330721      0.97124004        3.400864         3.400864       2.3177403       2.3177403
              4       4.5621069      0.96472765      0.98220551        3.400864         3.400864       2.3224858       2.3224858
              2       5.6786421      0.33678169      0.58032895        3.400864         3.400864       4.5555563       4.5555563
              1       4.6906147      0.73110596      0.85504734        3.400864         3.400864       2.5795014       2.5795014
              4       4.8064626        1.217794        1.103537        3.400864         3.400864       2.8111971       2.8111971
              3       5.0625595      0.53434738      0.73099068        3.400864         3.400864        3.323391        3.323391
              2       4.5889608      0.83909876      0.91602334        3.400864         3.400864       2.3761937       2.3761937
              3       4.5685409      0.88258587      0.93946041        3.400864         3.400864       2.3353538       2.3353538
              9       4.5688709       0.8816073      0.93893945        3.400864         3.400864       2.3360138       2.3360138
              3       4.5867847       1.0297005       1.0147416        3.400864         3.400864       2.3718415       2.3718415
              7       4.6516758       1.1082017       1.0527116        3.400864         3.400864       2.5016236       2.5016236
              2       4.5630192      0.90299255       0.9502592        3.400864         3.400864       2.3243104       2.3243104
              3       4.7484635      0.68995492      0.83063525        3.400864         3.400864       2.6951989       2.6951989
              4       4.9343422      0.58933199      0.76767962        3.400864         3.400864       3.0669565       3.0669565
              3       5.9440566      0.26947301       0.5191079        3.400864         3.400864       5.0863851       5.0863851
              2       5.9385731      0.27079472       0.5203794        3.400864         3.400864       5.0754183       5.0754183
              4       4.7245183      0.70609419      0.84029411        3.400864         3.400864       2.6473086       2.6473086
              1       4.5881183       0.8405016      0.91678874        3.400864         3.400864       2.3745085       2.3745085
              2       4.5607713      0.95580536      0.97765299        3.400864         3.400864       2.3198146       2.3198146
              6       5.5831795      0.36291987      0.60242831        3.400864         3.400864        4.364631        4.364631
              2       4.5781344      0.85904116      0.92684473        3.400864         3.400864       2.3545408       2.3545408
              2         4.82626       1.2288654        1.108542        3.400864         3.400864       2.8507921       2.8507921
              2       4.7780242       1.2010816       1.0959387        3.400864         3.400864       2.7543204       2.7543204
              1       5.3520962       1.4406974       1.2002905        3.400864         3.400864       3.9024643       3.9024643
              4       4.5671319      0.98548251      0.99271472        3.400864         3.400864       2.3325359       2.3325359
              2       5.3852842      0.42131365      0.64908678        3.400864         3.400864       3.9688404       3.9688404
              2       5.6079048      0.35603693       0.5966883        3.400864         3.400864       4.4140817       4.4140817
              5       5.7417262      0.32011714      0.56578896        3.400864         3.400864       4.6817244       4.6817244
              1       4.5620913       0.9646396      0.98216068        3.400864         3.400864       2.3224546       2.3224546
              1       4.6960306      0.72690981      0.85259006        3.400864         3.400864       2.5903332       2.5903332
              2       4.5598742      0.92648561      0.96254122        3.400864         3.400864       2.3180203       2.3180203
              3       6.4128312      0.16480787      0.40596536        3.400864         3.400864       6.0239345       6.0239345
              2       4.6821658      0.73782917      0.85896983        3.400864         3.400864       2.5626036       2.5626036
              1       6.2547211        1.674017       1.2938381        3.400864         3.400864       5.7077143       5.7077143
              4       5.0171237       1.3195367       1.1487109        3.400864         3.400864       3.2325194       3.2325194
              1        4.579944      0.85536474      0.92485931        3.400864         3.400864       2.3581601       2.3581601
              4       4.7554095       1.1869979       1.0894943        3.400864         3.400864       2.7090911       2.7090911
              4       4.5597222      0.92943452      0.96407184        3.400864         3.400864       2.3177164       2.3177164
              3       4.5695414      0.87967079      0.93790767        3.400864         3.400864       2.3373548       2.3373548
              1       4.5812179       1.0195913       1.0097481        3.400864         3.400864       2.3607077       2.3607077
              2       4.5808144      0.85365471      0.92393437        3.400864         3.400864       2.3599009       2.3599009
              4       4.9445025       1.2878043       1.1348147        3.400864         3.400864        3.087277        3.087277
              1       4.5619898      0.96406005       0.9818656        3.400864         3.400864       2.3222516       2.3222516
              4       4.6462028      0.76945168      0.87718395        3.400864         3.400864       2.4906776       2.4906776
              1       4.5650592       0.9781845       0.9890321        3.400864         3.400864       2.3283903       2.3283903
              1       5.3651079      0.42764361      0.65394466        3.400864         3.400864       3.9284879       3.9284879
              2       4.8312019      0.64090102      0.80056294        3.400864         3.400864       2.8606758       2.8606758
              3       4.6360304       1.0929153       1.0454259        3.400864         3.400864       2.4703327       2.4703327
              1       4.5621865      0.90729273      0.95251915        3.400864         3.400864        2.322645        2.322645
              1       5.9112997      0.27740802      0.52669538        3.400864         3.400864       5.0208714       5.0208714
              2       5.3090667       1.4268114       1.1944921        3.400864         3.400864       3.8164054       3.8164054
              1       4.9048103       1.2691848        1.126581        3.400864         3.400864       3.0078926       3.0078926
              2       5.7156648      0.32694638      0.57179225        3.400864         3.400864       4.6296016       4.6296016
              1       4.8293074      0.64193273      0.80120704        3.400864         3.400864       2.8568869       2.8568869
              1       4.5993285       1.0492112       1.0243101        3.400864         3.400864        2.396929        2.396929
              2       4.7640586      0.67998967      0.82461486        3.400864         3.400864       2.7263893       2.7263893
              1       5.3010532       1.4241817       1.1933909        3.400864         3.400864       3.8003784       3.8003784
              1       4.5970444      0.82654816      0.90914694        3.400864         3.400864       2.3923607       2.3923607
              1       4.5749505       1.0064905         1.00324        3.400864         3.400864        2.348173        2.348173
              1       5.5999946      0.35823002       0.5985232        3.400864         3.400864       4.3982613       4.3982613
              3       4.8107262       1.2202148       1.1046333        3.400864         3.400864       2.8197244       2.8197244
              3       4.7537889      0.68650726      0.82855734        3.400864         3.400864       2.7058498       2.7058498
              1       4.9886997       0.5650255      0.75168178        3.400864         3.400864       3.1756715       3.1756715
              1       4.6768764      0.74215671      0.86148517        3.400864         3.400864       2.5520248       2.5520248
              1       4.8738437       1.2539014       1.1197774        3.400864         3.400864       2.9459593       2.9459593
              2       5.1064981       1.3553041       1.1641753        3.400864         3.400864       3.4112682       3.4112682
              1       5.0585548       1.3365149       1.1560774        3.400864         3.400864       3.3153817       3.3153817
              1       5.4103663        1.458914       1.2078551        3.400864         3.400864       4.0190047       4.0190047
              1       5.5286334       1.4940609       1.2223178        3.400864         3.400864       4.2555389       4.2555389
              2       4.5830025       1.0229605       1.0114151        3.400864         3.400864       2.3642769       2.3642769
              1       4.7063189       1.1533035       1.0739197        3.400864         3.400864       2.6109099       2.6109099
              2        4.560328      0.92071681       0.9595399        3.400864         3.400864        2.318928        2.318928
              1       5.1045632      0.51790318       0.7196549        3.400864         3.400864       3.4073984       3.4073984
              2       5.4078219      0.41433358      0.64368748        3.400864         3.400864       4.0139158       4.0139158
              2       4.5749705      0.86592923      0.93055319        3.400864         3.400864        2.348213        2.348213
              1       4.5897385       1.0346437       1.0171744        3.400864         3.400864       2.3777491       2.3777491
              3       5.2055538       1.3916759       1.1796931        3.400864         3.400864       3.6093796       3.6093796
              1       5.2067301       1.3920904       1.1798688        3.400864         3.400864       3.6117323       3.6117323
              2       4.5595841      0.93486992      0.96688672        3.400864         3.400864       2.3174402       2.3174402
              1       5.6308912      0.34971053      0.59136328        3.400864         3.400864       4.4600544       4.4600544
              1       5.3408513       1.4371057       1.1987935        3.400864         3.400864       3.8799747       3.8799747
              2       4.9325967      0.59014083      0.76820624        3.400864         3.400864       3.0634654       3.0634654
              2       4.7033534      0.72136647      0.84933296        3.400864         3.400864       2.6049788       2.6049788
              2       4.5770469      0.86133712      0.92808249        3.400864         3.400864       2.3523659       2.3523659
              1       4.6179545       1.0731455       1.0359274        3.400864         3.400864       2.4341809       2.4341809
              2       4.7908618       1.2087528        1.099433        3.400864         3.400864       2.7799957       2.7799957
              1       5.6747356       1.5346365       1.2388044        3.400864         3.400864       4.5477433       4.5477433
              3       4.6731732      0.74524487      0.86327566        3.400864         3.400864       2.5446184       2.5446184
              2       4.5607761      0.91662091      0.95740321        3.400864         3.400864       2.3198242       2.3198242
              2       4.8813643      0.61478536      0.78408249        3.400864         3.400864       2.9610006       2.9610006
              1       4.5759605      0.86370349      0.92935649        3.400864         3.400864       2.3501931       2.3501931
              1        4.884087       1.2590371       1.1220682        3.400864         3.400864       2.9664459       2.9664459
              1       5.3902414      0.41977026       0.6478968        3.400864         3.400864       3.9787549       3.9787549
              1       4.6814053       1.1340198       1.0649037        3.400864         3.400864       2.5610827       2.5610827
              3       6.0155769      0.25246788      0.50246182        3.400864         3.400864       5.2294259       5.2294259
              1       4.7605861       1.1902906       1.0910044        3.400864         3.400864       2.7194443       2.7194443
              3       4.5597435      0.92894993      0.96382049        3.400864         3.400864       2.3177589       2.3177589
              2       5.4325578      0.40677861      0.63779198        3.400864         3.400864       4.0633877       4.0633877
              3       4.5912261       1.0370414       1.0183523        3.400864         3.400864       2.3807242       2.3807242
              2       4.7630586        0.680617      0.82499515        3.400864         3.400864       2.7243893       2.7243893
              2       5.1043665       1.3544867       1.1638242        3.400864         3.400864        3.407005        3.407005
              6       4.5609201      0.95698974      0.97825852        3.400864         3.400864       2.3201121       2.3201121
              7       4.5786891      0.85789588      0.92622669        3.400864         3.400864       2.3556502       2.3556502
              1        4.585236       0.8454642      0.91949127        3.400864         3.400864        2.368744        2.368744
              3       6.1186633      0.22867615      0.47820095        3.400864         3.400864       5.4355985       5.4355985
              1       4.6032008      0.81787905      0.90436666        3.400864         3.400864       2.4046736       2.4046736
              1       4.6055634      0.81471623      0.90261633        3.400864         3.400864       2.4093989       2.4093989
              6       4.5617293      0.90995153      0.95391379        3.400864         3.400864       2.3217305       2.3217305
              1       4.6031784       1.0545559       1.0269157        3.400864         3.400864       2.4046288       2.4046288
              5       4.5596147      0.93965277      0.96935688        3.400864         3.400864       2.3175014       2.3175014
              1       5.0515846       1.3337093       1.1548633        3.400864         3.400864       3.3014413       3.3014413
              1       4.6382477      0.77729414      0.88164286        3.400864         3.400864       2.4747674       2.4747674
              1       4.8651811       1.2494926       1.1178071        3.400864         3.400864       2.9286341       2.9286341
              5        4.571437      0.87452421      0.93515999        3.400864         3.400864        2.341146        2.341146
              2       4.5629659      0.96921431      0.98448682        3.400864         3.400864       2.3242038       2.3242038
              1       4.7128374       1.1580725       1.0761377        3.400864         3.400864       2.6239468       2.6239468
              3       4.5703343      0.99500211      0.99749792        3.400864         3.400864       2.3389406       2.3389406
              1       4.7643905       1.1926836       1.0921005        3.400864         3.400864        2.727053        2.727053
              3         4.66589      0.75146895      0.86687309        3.400864         3.400864       2.5300519       2.5300519
              2       5.2024343      0.48189046       0.6941833        3.400864         3.400864       3.6031406       3.6031406
              1       4.5916778       1.0377582       1.0187042        3.400864         3.400864       2.3816275       2.3816275
              1       4.5703864      0.99514436      0.99756923        3.400864         3.400864       2.3390448       2.3390448
              1       5.4308677      0.40729139      0.63819385        3.400864         3.400864       4.0600074       4.0600074
              2       4.5714806      0.87441095      0.93509943        3.400864         3.400864       2.3412331       2.3412331
              1       4.8921109      0.60946177      0.78068033        3.400864         3.400864       2.9824938       2.9824938
              4       4.5595825      0.93739601      0.96819213        3.400864         3.400864        2.317437        2.317437
              1       4.6665319       1.1215534       1.0590342        3.400864         3.400864       2.5313358       2.5313358
              3       4.6263047      0.78985485      0.88873779        3.400864         3.400864       2.4508815       2.4508815
              1       4.8453961      0.63328274      0.79579064        3.400864         3.400864       2.8890641       2.8890641
              1       5.1848341       1.3843122        1.176568        3.400864         3.400864       3.5679401       3.5679401
              2       4.5599172      0.92580121      0.96218564        3.400864         3.400864       2.3181063       2.3181063
              2       6.4839226      0.15015105      0.38749329        3.400864         3.400864       6.1661173       6.1661173
              1        4.594514       1.0421485       1.0208568        3.400864         3.400864          2.3873          2.3873
              1        4.688146      0.73304742      0.85618188        3.400864         3.400864        2.574564        2.574564
              1       5.9591453      0.26584952      0.51560597        3.400864         3.400864       5.1165626       5.1165626
              1       5.5763985      0.36482201      0.60400498        3.400864         3.400864       4.3510691       4.3510691
              1       4.5799679       1.0171479       1.0085375        3.400864         3.400864       2.3582077       2.3582077
              4       4.7845817      0.66743792      0.81696874        3.400864         3.400864       2.7674354       2.7674354
              1       6.2341819       1.6695337       1.2921044        3.400864         3.400864       5.6666359       5.6666359
              2       5.2485305      0.46588306      0.68255627        3.400864         3.400864        3.695333        3.695333
              2       4.6242493      0.79212704      0.89001519        3.400864         3.400864       2.4467705       2.4467705
              1       4.6964336      0.72660095      0.85240891        3.400864         3.400864       2.5911391       2.5911391
              2        4.587358       1.0306801       1.0152242        3.400864         3.400864        2.372988        2.372988
              2       4.5851957      0.84553543         0.91953        3.400864         3.400864       2.3686635       2.3686635
              7       5.7647683      0.31414153       0.5604833        3.400864         3.400864       4.7278087       4.7278087
              2       4.9362009       1.2839925       1.1331339        3.400864         3.400864       3.0706738       3.0706738
              1       4.5869499       1.0299839       1.0148812        3.400864         3.400864       2.3721719       2.3721719
              1       4.5643581      0.97540957      0.98762826        3.400864         3.400864       2.3269881       2.3269881
              1       4.7536406       1.1858627       1.0889732        3.400864         3.400864       2.7055532       2.7055532
              1       5.0193393       1.3204636       1.1491143        3.400864         3.400864       3.2369507       3.2369507
              3       5.9771113       1.6109049       1.2692143        3.400864         3.400864       5.1524946       5.1524946
              3       4.7578219       1.1885377       1.0902007        3.400864         3.400864       2.7139157       2.7139157
              1       5.2336836      0.47097867      0.68627886        3.400864         3.400864       3.6656392       3.6656392
              2       4.8783005       1.2561461       1.1207792        3.400864         3.400864        2.954873        2.954873
              1       4.7716834      0.67525592      0.82173957        3.400864         3.400864       2.7416388       2.7416388
              2       4.7797332      0.67034973      0.81874888        3.400864         3.400864       2.7577385       2.7577385
              1       5.3158117      0.44345144      0.66592149        3.400864         3.400864       3.8298953       3.8298953
              1       4.8031122      0.65658837      0.81030141        3.400864         3.400864       2.8044964       2.8044964
              2       4.6733387      0.74510576      0.86319509        3.400864         3.400864       2.5449495       2.5449495
              5       4.5623804      0.96622922      0.98296959        3.400864         3.400864       2.3230329       2.3230329
              1       5.0984926       1.3522258       1.1628524        3.400864         3.400864       3.3952573       3.3952573
              8         4.68027       1.1330961       1.0644699        3.400864         3.400864       2.5588121       2.5588121
              2        4.564818      0.89521432      0.94615766        3.400864         3.400864       2.3279079       2.3279079
              6        4.685222       0.7353712      0.85753787        3.400864         3.400864       2.5687161       2.5687161
              2       4.6955853       1.1452137       1.0701466        3.400864         3.400864       2.5894426       2.5894426
              2       5.2520231        1.407773       1.1864961        3.400864         3.400864       3.7023182       3.7023182
              4       5.5967496       1.5133332       1.2301761        3.400864         3.400864       4.3917711       4.3917711
              1       4.7700235       1.1961862        1.093703        3.400864         3.400864        2.738319        2.738319
              7       4.7679066      0.67758986      0.82315847        3.400864         3.400864       2.7340852       2.7340852
              2       5.1201133      0.51197703       0.7155257        3.400864         3.400864       3.4384987       3.4384987
              1       4.7958456       1.2116733       1.1007603        3.400864         3.400864       2.7899632       2.7899632
              5       4.7642021       1.1925656       1.0920465        3.400864         3.400864       2.7266762       2.7266762
             10       4.7233094       1.1655262       1.0795954        3.400864         3.400864       2.6448908       2.6448908
              5       4.7329678      0.70027309      0.83682322        3.400864         3.400864       2.6642075       2.6642075
              1        4.621642      0.79506177      0.89166236        3.400864         3.400864       2.4415561       2.4415561
              3       5.1390906      0.50485509      0.71053155        3.400864         3.400864       3.4764532       3.4764532
              2       4.7167401       0.7115861      0.84355563        3.400864         3.400864       2.6317523       2.6317523
              5       4.6460018      0.76964529       0.8772943        3.400864         3.400864       2.4902755       2.4902755
              1       5.4801489      0.39253833       0.6265288        3.400864         3.400864       4.1585699       4.1585699
              1       4.6261544      0.79001988      0.88883062        3.400864         3.400864       2.4505808       2.4505808
              1       4.5899108      0.83754106      0.91517269        3.400864         3.400864       2.3780936       2.3780936
              1       4.5598921      0.92619355       0.9623895        3.400864         3.400864       2.3180563       2.3180563
              2       4.5722086      0.99991709      0.99995854        3.400864         3.400864       2.3426892       2.3426892
              1       4.6298057      0.78606392      0.88660246        3.400864         3.400864       2.4578834       2.4578834
              2        4.814017      0.65039607      0.80647137        3.400864         3.400864        2.826306        2.826306
              1       4.5930301       1.0398748       1.0197425        3.400864         3.400864       2.3843322       2.3843322
              6       4.6508101       1.1073916       1.0523268        3.400864         3.400864       2.4998923       2.4998923
              3       5.2205027       1.3969156       1.1819119        3.400864         3.400864       3.6392775       3.6392775
             10       6.0835625      0.23668636      0.48650422        3.400864         3.400864       5.3653969       5.3653969
              2       4.7889802        1.207642       1.0989277        3.400864         3.400864       2.7762325       2.7762325
              1       4.5817967      0.85176643      0.92291193        3.400864         3.400864       2.3618655       2.3618655
              1       4.7639642       1.1924165       1.0919783        3.400864         3.400864       2.7262004       2.7262004
              1       4.6863181       1.1379684        1.066756        3.400864         3.400864       2.5709083       2.5709083
              5       5.1807519       1.3828471       1.1759452        3.400864         3.400864       3.5597758       3.5597758
              2       4.5607805       0.9558805      0.97769141        3.400864         3.400864        2.319833        2.319833
              2       4.9368675      0.58816519      0.76691928        3.400864         3.400864       3.0720071       3.0720071
              1       5.1131691       0.5146132      0.71736546        3.400864         3.400864       3.4246101       3.4246101
              2       4.9985108      0.56080599      0.74886981        3.400864         3.400864       3.1952937       3.1952937
              1       4.5889197      0.83916681      0.91606048        3.400864         3.400864       2.3761114       2.3761114
              2       4.5759212      0.86379058      0.92940335        3.400864         3.400864       2.3501144       2.3501144
              6        4.659425      0.75717493      0.87015799        3.400864         3.400864        2.517122        2.517122
              1       5.3758795      0.42425449      0.65134821        3.400864         3.400864        3.950031        3.950031
              1       5.4650751      0.39700804      0.63008574        3.400864         3.400864       4.1284223       4.1284223
              1       4.7727742      0.67458575      0.82133169        3.400864         3.400864       2.7438203       2.7438203
              7       4.6056877       1.0579132       1.0285491        3.400864         3.400864       2.4096474       2.4096474
              1       4.6369686      0.77859153      0.88237834        3.400864         3.400864       2.4722092       2.4722092
              3       4.7541648       1.1861997       1.0891279        3.400864         3.400864       2.7066017       2.7066017
              3       4.6132683      0.80493017      0.89717901        3.400864         3.400864       2.4248086       2.4248086
              4       5.0936289      0.52212103      0.72257943        3.400864         3.400864       3.3855298       3.3855298
              1       5.0759522      0.52903208      0.72734591        3.400864         3.400864       3.3501765       3.3501765
              1       6.4034659      0.16675953      0.40836201        3.400864         3.400864       6.0052037       6.0052037
              1       4.7802984      0.67000868      0.81854058        3.400864         3.400864       2.7588688       2.7588688
              3       4.5989275       1.0486399       1.0240312        3.400864         3.400864        2.396127        2.396127
              2        4.583308      0.84894105      0.92137997        3.400864         3.400864        2.364888        2.364888
              2       4.8598801       1.2467638       1.1165858        3.400864         3.400864       2.9180321       2.9180321
              1        4.597716      0.82556946      0.90860853        3.400864         3.400864       2.3937039       2.3937039
              1        4.573268       1.0025343       1.0012663        3.400864         3.400864       2.3448081       2.3448081
              2       4.6298946      0.78596888      0.88654886        3.400864         3.400864       2.4580613       2.4580613
              2       4.6428572      0.77270409      0.87903589        3.400864         3.400864       2.4839863       2.4839863
              2       5.2824234      0.45445255      0.67413096        3.400864         3.400864       3.7631189       3.7631189
              5       5.2154146        1.395139         1.18116        3.400864         3.400864       3.6291013       3.6291013
              1       5.6935734       1.5396695       1.2408342        3.400864         3.400864       4.5854188       4.5854188
              3       6.2499449       1.6729769       1.2934361        3.400864         3.400864       5.6981619       5.6981619
              1       5.6984416       1.5409634       1.2413555        3.400864         3.400864       4.5951553       4.5951553
              1       5.0376598      0.54442113      0.73784899        3.400864         3.400864       3.2735917       3.2735917
              3       5.5976126      0.35889208      0.59907602        3.400864         3.400864       4.3934972       4.3934972
              2       4.9978169       1.3113625       1.1451474        3.400864         3.400864       3.1939057       3.1939057
              1       4.8860341      0.61246128      0.78259906        3.400864         3.400864       2.9703403       2.9703403
              5       4.6780019      0.74122783      0.86094589        3.400864         3.400864       2.5542758       2.5542758
              2       6.0560363      0.24303274      0.49298351        3.400864         3.400864       5.3103445       5.3103445
              1       5.4637757      0.39739511      0.63039282        3.400864         3.400864       4.1258233       4.1258233
              6       5.2571282      0.46295733      0.68040968        3.400864         3.400864       3.7125283       3.7125283
              1       5.1551304      0.49892596      0.70634691        3.400864         3.400864       3.5085329       3.5085329
              8       4.9414998       1.2864304       1.1342091        3.400864         3.400864       3.0812716       3.0812716
              3       5.3542478       1.4413817       1.2005756        3.400864         3.400864       3.9067677       3.9067677
              2       5.7322126        1.549864       1.2449354        3.400864         3.400864       4.6626971       4.6626971
              5       5.6423917       1.5258946       1.2352711        3.400864         3.400864       4.4830554       4.4830554
              1       5.0189399       1.3202967       1.1490416        3.400864         3.400864       3.2361519       3.2361519
              5       5.0591229       1.3367427       1.1561759        3.400864         3.400864       3.3165179       3.3165179
              1       7.1686327       1.8515419       1.3607137        3.400864         3.400864       7.5355374       7.5355374
              7       4.7807249       1.2027138       1.0966831        3.400864         3.400864       2.7597218       2.7597218
              4       4.5783559      0.85858175      0.92659687        3.400864         3.400864       2.3549838       2.3549838
              2       4.6067068      0.81321489      0.90178428        3.400864         3.400864       2.4116855       2.4116855
              2       4.8212629       1.2261107       1.1072989        3.400864         3.400864       2.8407979       2.8407979
              5        4.639447       1.0963781       1.0470808        3.400864         3.400864        2.477166        2.477166
              3       4.5703565      0.87740248      0.93669765        3.400864         3.400864       2.3389851       2.3389851
              5       6.4315945      0.16091256      0.40113908        3.400864         3.400864        6.061461        6.061461
              3       5.9422706       0.2699032      0.51952208        3.400864         3.400864       5.0828133       5.0828133
              1       4.7407162       1.1774069       1.0850838        3.400864         3.400864       2.6797043       2.6797043
              4        4.559894      0.94630068      0.97277987        3.400864         3.400864       2.3180599       2.3180599
              5       5.3014752      0.44814478      0.66943617        3.400864         3.400864       3.8012225       3.8012225
              1       5.4041286       1.4569944       1.2070602        3.400864         3.400864       4.0065292       4.0065292
              2       4.7167137       1.1608604       1.0774323        3.400864         3.400864       2.6316995       2.6316995
              1        4.834068        0.639347      0.79959177        3.400864         3.400864       2.8664079       2.8664079
              1       5.0854987       1.3471801       1.1606809        3.400864         3.400864       3.3692694       3.3692694
              1       5.9736461       1.6100798       1.2688892        3.400864         3.400864       5.1455643       5.1455643
              2       5.7110486       1.5443013       1.2426992        3.400864         3.400864       4.6203692       4.6203692
              5       4.7483634       1.1824452        1.087403        3.400864         3.400864       2.6949989       2.6949989
              1       5.1605919       0.4969254      0.70492936        3.400864         3.400864       3.5194558       3.5194558
              1       4.6601168      0.75655569       0.8698021        3.400864         3.400864       2.5185056       2.5185056
              1        4.605999      0.81414209      0.90229823        3.400864         3.400864         2.41027         2.41027
              1       4.8642003      0.62347577      0.78960482        3.400864         3.400864       2.9266727       2.9266727
              4       4.5659635      0.89095201      0.94390254        3.400864         3.400864       2.3301989       2.3301989
              1       5.9947603      0.25737342      0.50731984        3.400864         3.400864       5.1877926       5.1877926
              1       4.9202201      0.59593083      0.77196556        3.400864         3.400864       3.0387123       3.0387123
              1       6.0217614       1.6214481        1.273361        3.400864         3.400864       5.2417949       5.2417949
              2       5.2814595       1.4176915       1.1906685        3.400864         3.400864        3.761191        3.761191
              1       5.5915461      0.36058159      0.60048446        3.400864         3.400864       4.3813643       4.3813643
              1       4.6041537      0.81659338      0.90365556        3.400864         3.400864       2.4065794       2.4065794
              2       4.5603091      0.92091356      0.95964241        3.400864         3.400864       2.3188902       2.3188902
              5       4.5726503       0.8714443      0.93351181        3.400864         3.400864       2.3435726       2.3435726
              2       4.8561655       1.2448373       1.1157228        3.400864         3.400864        2.910603        2.910603
              1       5.0285023       1.3242736       1.1507709        3.400864         3.400864       3.2552766       3.2552766
              2       5.0765902       1.3436848       1.1591742        3.400864         3.400864       3.3514525       3.3514525
              2       5.0472659        1.331961       1.1541061        3.400864         3.400864       3.2928039       3.2928039
              1       5.0499494       1.3330482       1.1545771        3.400864         3.400864       3.2981709       3.2981709
              5       6.2692154      0.19530091      0.44192863        3.400864         3.400864       5.7367027       5.7367027
              1       4.7702574       0.6761347       0.8222741        3.400864         3.400864       2.7387868       2.7387868
              3       5.0255434       1.3230473        1.150238        3.400864         3.400864       3.2493587       3.2493587
              3       4.6199013       1.0754097       1.0370196        3.400864         3.400864       2.4380746       2.4380746
              1        4.706624       0.7189363      0.84790111        3.400864         3.400864       2.6115201       2.6115201
              2       4.8907693       1.2623437       1.1235407        3.400864         3.400864       2.9798105       2.9798105
              2       4.8107947       1.2202536       1.1046509        3.400864         3.400864       2.8198614       2.8198614
              3       5.3205793       1.4305649       1.1960622        3.400864         3.400864       3.8394307       3.8394307
              1       5.7141582      0.32734351      0.57213942        3.400864         3.400864       4.6265884       4.6265884
              8       4.5792572       1.0157253        1.007832        3.400864         3.400864       2.3567864       2.3567864
              1       4.6223021      0.79431304      0.89124241        3.400864         3.400864       2.4428762       2.4428762
              1       5.1263878      0.50960914      0.71386913        3.400864         3.400864       3.4510476       3.4510476
              2        4.654981      0.76120508      0.87247068        3.400864         3.400864       2.5082339       2.5082339
              5       4.9442881      0.58475894      0.76469533        3.400864         3.400864       3.0868482       3.0868482
              3       6.3965838      0.16819685      0.41011809        3.400864         3.400864       5.9914397       5.9914397
              1       4.6569602      0.75939879       0.8714349        3.400864         3.400864       2.5121925       2.5121925
              1       6.3444433       1.6932903       1.3012649        3.400864         3.400864       5.8871585       5.8871585
              1       6.8918428       1.8016292       1.3422478        3.400864         3.400864       6.9819576       6.9819576
              1       7.5845429       1.9218002       1.3862901        3.400864         3.400864       8.3673578       8.3673578
              3       5.9043539       1.5933625       1.2622846        3.400864         3.400864       5.0069799       5.0069799
              5       4.8951566      0.60796874       0.7797235        3.400864         3.400864       2.9885852       2.9885852
              2       5.4373983       1.4671526       1.2112607        3.400864         3.400864       4.0730686       4.0730686
              2       4.8651646      0.62298117      0.78929156        3.400864         3.400864       2.9286011       2.9286011
              1       4.7212602       1.1640868       1.0789285        3.400864         3.400864       2.6407923       2.6407923
              2       6.8000815       1.7844342       1.3358272        3.400864         3.400864       6.7984351       6.7984351
              3       6.3216534       1.6884416       1.2994005        3.400864         3.400864       5.8415789       5.8415789
              2       5.2492707       1.4068349       1.1861007        3.400864         3.400864       3.6968134       3.6968134
              4       4.6583438      0.75814701      0.87071638        3.400864         3.400864       2.5149597       2.5149597
              1       5.1113758      0.51529661      0.71784164        3.400864         3.400864       3.4210237       3.4210237
              1       4.8999144      0.60564988      0.77823511        3.400864         3.400864       2.9981008       2.9981008
              3       4.7919428       1.2093889       1.0997222        3.400864         3.400864       2.7821576       2.7821576
              3       4.5771923      0.86102626      0.92791501        3.400864         3.400864       2.3526565       2.3526565
              1       5.0230047      0.55047317      0.74193879        3.400864         3.400864       3.2442814       3.2442814
              1       6.8967172     0.069932283      0.26444713        3.400864         3.400864       6.9917064       6.9917064
              1       4.5631348      0.97002675      0.98489936        3.400864         3.400864       2.3245417       2.3245417
              2       5.1996968       1.3896065       1.1788157        3.400864         3.400864       3.5976656       3.5976656
              1       4.7295972       1.1698876       1.0816134        3.400864         3.400864       2.6574665       2.6574665
              3       5.9196793       1.5970963       1.2637627        3.400864         3.400864       5.0376307       5.0376307
              3       4.5742658       1.0049079        1.002451        3.400864         3.400864       2.3468036       2.3468036
              2       4.9393952       1.2854642       1.1337831        3.400864         3.400864       3.0770624       3.0770624
              1       5.7662501       1.5587061       1.2484815        3.400864         3.400864       4.7307721       4.7307721
              3       6.7542325       1.7757107       1.3325579        3.400864         3.400864       6.7067371       6.7067371
              1       4.9096872       1.2715283       1.1276206        3.400864         3.400864       3.0176464       3.0176464
              2       4.7719543        1.197376       1.0942468        3.400864         3.400864       2.7421806       2.7421806
              2       4.5780035      0.85931397      0.92699189        3.400864         3.400864       2.3542789       2.3542789
              2       6.2797865      0.19301375       0.4393333        3.400864         3.400864       5.7578451       5.7578451
              5       5.7209907      0.32554454      0.57056511        3.400864         3.400864       4.6402534       4.6402534
              1       6.3908078      0.16940525      0.41158869        3.400864         3.400864       5.9798876       5.9798876
              3       5.9419404      0.26998278      0.51959867        3.400864         3.400864       5.0821528       5.0821528
              1       4.5924272      0.83352885      0.91297801        3.400864         3.400864       2.3831264       2.3831264
              4       4.7095489      0.71678584      0.84663206        3.400864         3.400864       2.6173698       2.6173698
              1       4.7656886        1.193495        1.092472        3.400864         3.400864       2.7296493       2.7296493
              4       4.5807571       1.0186991       1.0093063        3.400864         3.400864       2.3597863       2.3597863
              3       4.6092115      0.80998824      0.89999347        3.400864         3.400864       2.4166949       2.4166949
              2        4.624584       1.0807108       1.0395724        3.400864         3.400864       2.4474401       2.4474401
              2       4.5740935       1.0045039       1.0022494        3.400864         3.400864        2.346459        2.346459
              5       4.8167933      0.64884086      0.80550658        3.400864         3.400864       2.8318586       2.8318586
              1        6.288402       0.1911549      0.43721265        3.400864         3.400864       5.7750761       5.7750761
              1       6.3926939      0.16901045       0.4111088        3.400864         3.400864       5.9836598       5.9836598
              2       4.6647476      0.75246427      0.86744698        3.400864         3.400864       2.5277673       2.5277673
              1       4.5674091      0.98637779      0.99316554        3.400864         3.400864       2.3330901       2.3330901
              3       5.8851957      0.28380054      0.53272933        3.400864         3.400864       4.9686634       4.9686634
              1       5.2092486       1.3929766       1.1802443        3.400864         3.400864       3.6167693       3.6167693
              3       5.1163564       1.3590642       1.1657891        3.400864         3.400864       3.4309849       3.4309849
              1       5.4210009       1.4621705       1.2092024        3.400864         3.400864       4.0402738       4.0402738
              2       4.7268583       1.1679979       1.0807395        3.400864         3.400864       2.6519885       2.6519885
              1       4.6710849       1.1254568       1.0608755        3.400864         3.400864       2.5404418       2.5404418
              3       5.1790292      0.49023798      0.70016997        3.400864         3.400864       3.5563304       3.5563304
              3       5.7485377      0.31834468      0.56422042        3.400864         3.400864       4.6953473       4.6953473
              1       5.5980867      0.35876024      0.59896598        3.400864         3.400864       4.3944454       4.3944454
              1       4.7841287       1.2047567       1.0976141        3.400864         3.400864       2.7665294       2.7665294
              1       4.9953263      0.56217035       0.7497802        3.400864         3.400864       3.1889247       3.1889247
              1       4.9591279       1.2944212       1.1377263        3.400864         3.400864       3.1165279       3.1165279
              1       5.1801297       1.3826234       1.1758501        3.400864         3.400864       3.5585314       3.5585314
              1       6.7766722       1.7799914       1.3341632        3.400864         3.400864       6.7516164       6.7516164
              1       4.7703812       1.1964071       1.0938039        3.400864         3.400864       2.7390344       2.7390344
              1       4.5987944       1.0484496       1.0239383        3.400864         3.400864       2.3958608       2.3958608
              1       4.7317839      0.70107999       0.8373052        3.400864         3.400864       2.6618399       2.6618399
              1       4.5671801      0.88682623      0.94171452        3.400864         3.400864       2.3326321       2.3326321
              3       7.7686753       1.9513533       1.3969085        3.400864         3.400864       8.7356225       8.7356225
              1        5.037623       1.3280291       1.1524015        3.400864         3.400864       3.2735179       3.2735179
              1       6.1225341        1.644667       1.2824457        3.400864         3.400864       5.4433402       5.4433402
              2       4.8998283      0.60569171      0.77826198        3.400864         3.400864       2.9979285       2.9979285
              1       4.5668592      0.88788015      0.94227392        3.400864         3.400864       2.3319904       2.3319904
              1       4.7122991       1.1576825       1.0759565        3.400864         3.400864       2.6228702       2.6228702
              3       4.5767127      0.86205718      0.92847034        3.400864         3.400864       2.3516974       2.3516974
              2       5.5015655      0.38625034      0.62149042        3.400864         3.400864       4.2014029       4.2014029
              1       5.2521119       1.4078032       1.1865088        3.400864         3.400864       3.7024957       3.7024957
              1       4.9578409      0.57862157      0.76067179        3.400864         3.400864       3.1139538       3.1139538
              1       4.5617172      0.91002552      0.95395258        3.400864         3.400864       2.3217064       2.3217064
              2       5.0797625      0.52753251      0.72631433        3.400864         3.400864       3.3577969       3.3577969
              1       6.0454919       1.6269861       1.2755336        3.400864         3.400864       5.2892558       5.2892558
              1       5.0864329       1.3475449        1.160838        3.400864         3.400864       3.3711379       3.3711379
              6       4.7574397      0.68417098      0.82714629        3.400864         3.400864       2.7131515       2.7131515
              4        4.560131      0.92290989      0.96068199        3.400864         3.400864       2.3185341       2.3185341
              2       4.6385533      0.77698575      0.88146795        3.400864         3.400864       2.4753786       2.4753786
              2       4.6807616      0.73896875      0.85963291        3.400864         3.400864       2.5597952       2.5597952
              1        4.561861      0.96330637      0.98148172        3.400864         3.400864       2.3219939       2.3219939
              1       4.6971261       1.1463942        1.070698        3.400864         3.400864       2.5925243       2.5925243
              3       4.5628074      0.90403176      0.95080585        3.400864         3.400864       2.3238868       2.3238868
              4       5.1429415      0.50342417       0.7095239        3.400864         3.400864       3.4841551       3.4841551
              2       4.5741027       0.8679397      0.93163281        3.400864         3.400864       2.3464775       2.3464775
              1       4.8129525       1.2214707       1.1052017        3.400864         3.400864       2.8241771       2.8241771
              1       4.5619785      0.90847071       0.9531373        3.400864         3.400864        2.322229        2.322229
              2       4.5609614      0.95730722      0.97842078        3.400864         3.400864       2.3201949       2.3201949
              2       4.7727683        1.197876       1.0944752        3.400864         3.400864       2.7438085       2.7438085
              1       5.3151146      0.44367859      0.66609202        3.400864         3.400864       3.8285013       3.8285013
              2       4.7344637        1.173208       1.0831472        3.400864         3.400864       2.6671994       2.6671994
              1       4.5743605      0.86733648      0.93130901        3.400864         3.400864       2.3469929       2.3469929
              1       6.4662347       1.7186933       1.3109894        3.400864         3.400864       6.1307413       6.1307413
              3       4.9087982      0.60136304      0.77547601        3.400864         3.400864       3.0158685       3.0158685
              2       4.5843072       1.0253431       1.0125923        3.400864         3.400864       2.3668864       2.3668864
              1       4.5744806       0.8670571      0.93115901        3.400864         3.400864       2.3472332       2.3472332
              4       4.8784646       1.2562284        1.120816        3.400864         3.400864       2.9552012       2.9552012
              6       5.6973091       1.5406627       1.2412343        3.400864         3.400864       4.5928901       4.5928901
              1       6.3532382       1.6951532       1.3019805        3.400864         3.400864       5.9047484       5.9047484
              5       4.8563004      0.62755783      0.79218548        3.400864         3.400864       2.9108729       2.9108729
              3       4.8033198      0.65646923      0.81022789        3.400864         3.400864       2.8049116       2.8049116
              3        4.570678      0.87653173      0.93623273        3.400864         3.400864       2.3396279       2.3396279
              2       5.4155324      0.41196692      0.64184649        3.400864         3.400864       4.0293368       4.0293368
              3       5.1356853      0.50612436      0.71142418        3.400864         3.400864       3.4696427       3.4696427
              6       4.8492841       1.2412362       1.1141078        3.400864         3.400864       2.8968403       2.8968403
              1       5.0427038      0.54235967      0.73645072        3.400864         3.400864       3.2836796       3.2836796
              1       5.7396692       0.3206534      0.56626266        3.400864         3.400864       4.6776105       4.6776105
              2       4.6566359       1.1127718         1.05488        3.400864         3.400864       2.5115438       2.5115438
              3        4.660392       1.1161554       1.0564826        3.400864         3.400864        2.519056        2.519056
              5       4.5765061       1.0099596       1.0049675        3.400864         3.400864       2.3512842       2.3512842
              1       4.5991535       1.0489622       1.0241886        3.400864         3.400864       2.3965789       2.3965789
              1       5.8866093      0.28345276      0.53240282        3.400864         3.400864       4.9714906       4.9714906
              1       6.0826292       1.6355648        1.278892        3.400864         3.400864       5.3635304       5.3635304
              1       4.9103376       1.2718395       1.1277586        3.400864         3.400864       3.0189471       3.0189471
              2       4.8228465       1.2269865       1.1076942        3.400864         3.400864       2.8439651       2.8439651
              2       4.5891119        1.033616       1.0166691        3.400864         3.400864       2.3764958       2.3764958
              5       5.7478098       1.5539315       1.2465679        3.400864         3.400864       4.6938917       4.6938917
              2       6.7943836        1.783355       1.3354231        3.400864         3.400864       6.7870393       6.7870393
              5       8.2990779        2.032037       1.4254953        3.400864         3.400864       9.7964279       9.7964279
              1       5.7798546       1.5622053       1.2498821        3.400864         3.400864       4.7579811       4.7579811
              3       4.8427066       1.2377539       1.1125439        3.400864         3.400864       2.8836852       2.8836852
              1       4.6740652       1.1279689       1.0620588        3.400864         3.400864       2.5464024       2.5464024
              2       5.2281532       1.3995743        1.183036        3.400864         3.400864       3.6545784       3.6545784
              1       4.6561025       1.1122861       1.0546497        3.400864         3.400864        2.510477        2.510477
              1       4.6415355       1.0984585       1.0480737        3.400864         3.400864       2.4813431       2.4813431
              1        4.662473       1.1180029       1.0573566        3.400864         3.400864        2.523218        2.523218
              1       4.6053237      0.81503341      0.90279201        3.400864         3.400864       2.4089194       2.4089194
              1       4.7859637      0.66661369      0.81646414        3.400864         3.400864       2.7701994       2.7701994
              2       4.5607333       0.9169743      0.95758775        3.400864         3.400864       2.3197386       2.3197386
              1       4.7049627       1.1522981       1.0734515        3.400864         3.400864       2.6081975       2.6081975
              4       5.0321719       1.3257889       1.1514291        3.400864         3.400864       3.2626158       3.2626158
              2        4.649575      0.76623633      0.87534926        3.400864         3.400864        2.497422        2.497422
              4       4.8868258       1.2603964       1.1226738        3.400864         3.400864       2.9719236       2.9719236
              3       4.6490534       1.1057357       1.0515397        3.400864         3.400864       2.4963788       2.4963788
              7       6.1528484       1.6515042       1.2851086        3.400864         3.400864       5.5039688       5.5039688
              2       5.7506876       1.5546791       1.2468677        3.400864         3.400864       4.6996473       4.6996473
              2       5.7577496       1.5565097       1.2476016        3.400864         3.400864       4.7137711       4.7137711
              2       4.6520072       1.1085108       1.0528584        3.400864         3.400864       2.5022865       2.5022865
              1       4.5650176      0.89444002      0.94574839        3.400864         3.400864       2.3283073       2.3283073
              4       5.2963157      0.44984493       0.6707048        3.400864         3.400864       3.7909035       3.7909035
              1       4.8510892      0.63028045      0.79390204        3.400864         3.400864       2.9004503       2.9004503
              5       4.6777455       1.1310263       1.0634972        3.400864         3.400864        2.553763        2.553763
              3       4.5901379      0.83717224      0.91497117        3.400864         3.400864       2.3785478       2.3785478
              1       5.1665934      0.49473746      0.70337576        3.400864         3.400864       3.5314588       3.5314588
              1       5.3967972      0.41773626      0.64632519        3.400864         3.400864       3.9918664       3.9918664
              1       4.9017331      0.60476776      0.77766815        3.400864         3.400864       3.0017382       3.0017382
              4       6.4570799      0.15565284      0.39452863        3.400864         3.400864       6.1124318       6.1124318
              1       7.0097579       1.8232359       1.3502725        3.400864         3.400864       7.2177878       7.2177878
              2       7.4464165       1.8990358       1.3780551        3.400864         3.400864       8.0911049       8.0911049
              2       4.6097334       1.0631392       1.0310864        3.400864         3.400864       2.4177388       2.4177388
              1       4.5601769       0.9500976       0.9747295        3.400864         3.400864       2.3186259       2.3186259
              2       5.7840378      0.30918804       0.5560468        3.400864         3.400864       4.7663475       4.7663475
              5       4.7998046      0.65849387      0.81147635        3.400864         3.400864       2.7978813       2.7978813
              1       4.9079233       1.2706825       1.1272456        3.400864         3.400864       3.0141185       3.0141185
              1       4.5813147       1.0197776       1.0098404        3.400864         3.400864       2.3609014       2.3609014
              2       4.8463154       0.6327959       0.7954847        3.400864         3.400864       2.8909028       2.8909028
              1       6.0794582      0.23762896      0.48747201        3.400864         3.400864       5.3571884       5.3571884
              3       5.5249362       0.3794696      0.61601104        3.400864         3.400864       4.2481444       4.2481444
              3       4.9745102      0.57121436      0.75578725        3.400864         3.400864       3.1472924       3.1472924
              2       5.3702889      0.42601067      0.65269493        3.400864         3.400864       3.9388499       3.9388499
              2       4.5850805       1.0267257       1.0132748        3.400864         3.400864        2.368433        2.368433
              1       4.8168154       1.2236368       1.1061812        3.400864         3.400864       2.8319028       2.8319028
              1       4.8895523      0.61072136      0.78148664        3.400864         3.400864       2.9773765       2.9773765
              4       4.8916021      0.60971187      0.78084049        3.400864         3.400864       2.9814762       2.9814762
              1       5.4231384      0.40964276       0.6400334        3.400864         3.400864       4.0445488       4.0445488
              3       4.8210479       1.2259916       1.1072451        3.400864         3.400864       2.8403678       2.8403678
              5       4.5596349      0.93196912      0.96538548        3.400864         3.400864       2.3175418       2.3175418
              2       4.8323293      0.64028877      0.80018046        3.400864         3.400864       2.8629305       2.8629305
              3       6.3457352      0.17890112      0.42296705        3.400864         3.400864       5.8897424       5.8897424
              1       4.6930597       1.1432643       1.0692354        3.400864         3.400864       2.5843913       2.5843913
              4       4.6741319      0.74444059      0.86280971        3.400864         3.400864       2.5465359       2.5465359
              5       4.8727446       1.2533455       1.1195291        3.400864         3.400864       2.9437611       2.9437611
              1       4.8930484      0.60900147      0.78038546        3.400864         3.400864       2.9843688       2.9843688
              1       6.7910263     0.089746954      0.29957796        3.400864         3.400864       6.7803246       6.7803246
              1       4.5639691      0.89868385      0.94798937        3.400864         3.400864       2.3262101       2.3262101
              3       5.1585098        0.497687      0.70546935        3.400864         3.400864       3.5152916       3.5152916
              1       4.6603393      0.75635701      0.86968788        3.400864         3.400864       2.5189505       2.5189505
              1       4.7340042       1.1728964       1.0830034        3.400864         3.400864       2.6662804       2.6662804
              4       4.5981837       1.0475725       1.0235099        3.400864         3.400864       2.3946395       2.3946395
              1       5.2819091       1.4178414       1.1907314        3.400864         3.400864       3.7620902       3.7620902
              4       4.6132922      0.80490097      0.89716274        3.400864         3.400864       2.4248564       2.4248564
              3       4.8024704       1.2155083       1.1025009        3.400864         3.400864       2.8032129       2.8032129
              1       5.3599922       1.4432042       1.2013343        3.400864         3.400864       3.9182564       3.9182564
              4        4.746765      0.69106467        0.831303        3.400864         3.400864       2.6918021       2.6918021
              4       4.5762856       1.0094779       1.0047278        3.400864         3.400864       2.3508432       2.3508432
              4       4.8345624      0.63907972      0.79942462        3.400864         3.400864       2.8673968       2.8673968
              2       4.6512591      0.76465312      0.87444446        3.400864         3.400864       2.5007903       2.5007903
              1       4.6431444       1.1000431       1.0488294        3.400864         3.400864       2.4845609       2.4845609
              2       4.6169342      0.80052157      0.89471871        3.400864         3.400864       2.4321404       2.4321404
              4       4.7525366      0.68731368      0.82904384        3.400864         3.400864       2.7033453       2.7033453
              1       4.9634288      0.57612155      0.75902671        3.400864         3.400864       3.1251295       3.1251295
              3       4.7851831       1.2053864       1.0979009        3.400864         3.400864       2.7686382       2.7686382
              1        6.244471      0.20068239      0.44797588        3.400864         3.400864       5.6872139       5.6872139
             11       5.1392642       1.3676749       1.1694763        3.400864         3.400864       3.4768004       3.4768004
              1       4.6291709       1.0857212       1.0419794        3.400864         3.400864       2.4566137       2.4566137
              1       4.9922359       1.3089662       1.1441006        3.400864         3.400864       3.1827438       3.1827438
              1       5.2864279      0.45311988       0.6731418        3.400864         3.400864       3.7711279       3.7711279
              1       4.6855877       1.1373862       1.0664831        3.400864         3.400864       2.5694473       2.5694473
              5       4.7604534       1.1902067        1.090966        3.400864         3.400864       2.7191789       2.7191789
              1       5.1369346       1.3668071       1.1691052        3.400864         3.400864       3.4721412       3.4721412
              2        4.888433       1.2611915       1.1230278        3.400864         3.400864        2.975138        2.975138
              6        4.559619      0.93261574      0.96572032        3.400864         3.400864       2.3175101       2.3175101
              2       4.5757791      0.86410615       0.9295731        3.400864         3.400864       2.3498303       2.3498303
              1       4.7019406       1.1500406       1.0723995        3.400864         3.400864       2.6021532       2.6021532
              1       4.6328422       1.0896136       1.0438456        3.400864         3.400864       2.4639564       2.4639564
              1       4.5696998      0.87922308      0.93766896        3.400864         3.400864       2.3376715       2.3376715
              2       4.7950773      0.66124023      0.81316679        3.400864         3.400864       2.7884266       2.7884266
              5       4.9960715      0.56185067      0.74956699        3.400864         3.400864       3.1904149       3.1904149
              1       4.6722859      0.74599223      0.86370842        3.400864         3.400864       2.5428438       2.5428438
              4       4.5869078      0.84255373      0.91790725        3.400864         3.400864       2.3720876       2.3720876
              1       5.0821891      0.52658033      0.72565855        3.400864         3.400864       3.3626502       3.3626502
              4       4.5630246      0.90296629      0.95024538        3.400864         3.400864       2.3243213       2.3243213
              5       4.6593992      0.75719803      0.87017127        3.400864         3.400864       2.5170705       2.5170705
              1       4.6815268      0.73834696      0.85927118        3.400864         3.400864       2.5613256       2.5613256
              1       4.6358947      0.77968912      0.88300007        3.400864         3.400864       2.4700614       2.4700614
              1       4.9009144       1.2673008       1.1257446        3.400864         3.400864       3.0001008       3.0001008
              8       4.6685567      0.74916597      0.86554374        3.400864         3.400864       2.5353854       2.5353854
              1       4.6600511        1.115851       1.0563385        3.400864         3.400864       2.5183742       2.5183742
              2        6.338023       1.6919275       1.3007411        3.400864         3.400864       5.8743181       5.8743181
              2       4.6038793      0.81696218       0.9038596        3.400864         3.400864       2.4060306       2.4060306
              4        4.765935       0.6788167      0.82390333        3.400864         3.400864       2.7301419       2.7301419
              1         4.87968      0.61562771      0.78461947        3.400864         3.400864        2.957632        2.957632
              5       4.5816749        1.020467       1.0101817        3.400864         3.400864       2.3616218       2.3616218
              3       5.1748593       1.3807237        1.175042        3.400864         3.400864       3.5479907       3.5479907
              1       6.8822587       1.7998493       1.3415846        3.400864         3.400864       6.9627894       6.9627894
              1       5.9856038      0.25954247      0.50945311        3.400864         3.400864       5.1694795       5.1694795
              1        6.534776      0.13983215      0.37394137        3.400864         3.400864       6.2678241       6.2678241
              1       6.6078215      0.12523985      0.35389243        3.400864         3.400864        6.413915        6.413915
              3       5.0785899      0.52799338      0.72663153        3.400864         3.400864       3.3554519       3.3554519
              2       4.8263564      0.64354709      0.80221387        3.400864         3.400864       2.8509848       2.8509848
              1       4.5601678      0.92247422      0.96045522        3.400864         3.400864       2.3186076       2.3186076
              3       5.0128679       1.3177499       1.1479329        3.400864         3.400864       3.2240079       3.2240079
              1       4.8113919       1.2205909       1.1048036        3.400864         3.400864       2.8210558       2.8210558
              1       5.4360138      0.40573164      0.63697067        3.400864         3.400864       4.0702996       4.0702996
              4       4.9077117        1.270581       1.1272005        3.400864         3.400864       3.0136954       3.0136954
              1       4.6171406       1.0721877        1.035465        3.400864         3.400864       2.4325532       2.4325532
              2       4.7733247      0.67424814      0.82112614        3.400864         3.400864       2.7449214       2.7449214
              3       4.5614986      0.91140095      0.95467322        3.400864         3.400864       2.3212691       2.3212691
              2       4.6151901       1.0698644       1.0343425        3.400864         3.400864       2.4286521       2.4286521
              3       4.7503381       1.1837296       1.0879934        3.400864         3.400864       2.6989483       2.6989483
              1        4.984605      0.56680081      0.75286175        3.400864         3.400864        3.167482        3.167482
              3       10.114951       2.2718525       1.5072666        3.400864         3.400864       13.428174       13.428174
              2       10.036103       2.2623403       1.5041078        3.400864         3.400864       13.270477       13.270477
              3       6.0081702       1.6182561       1.2721069        3.400864         3.400864       5.2146125       5.2146125
              2       6.6091138      0.12498406      0.35353084        3.400864         3.400864       6.4164996       6.4164996
              1       6.3533421      0.17729017      0.42105839        3.400864         3.400864       5.9049562       5.9049562
              1       5.3111817      0.44496225       0.6670549        3.400864         3.400864       3.8206355       3.8206355
              3       4.7835221       0.6680716      0.81735647        3.400864         3.400864       2.7653161       2.7653161
              2       4.5636584      0.97242901      0.98611815        3.400864         3.400864       2.3255889       2.3255889
              2       4.7406896      0.69507614      0.83371226        3.400864         3.400864       2.6796512       2.6796512
              3       4.5663872      0.88947367      0.94311912        3.400864         3.400864       2.3310464       2.3310464
              2       5.1939274       1.3875587       1.1779468        3.400864         3.400864       3.5861268       3.5861268
              2       4.7820533       1.2035129       1.0970474        3.400864         3.400864       2.7623786       2.7623786
              1       4.8021391      0.65714762      0.81064642        3.400864         3.400864       2.8025502       2.8025502
              1       5.6001875       1.5142889       1.2305645        3.400864         3.400864       4.3986469       4.3986469
              1       5.2315707        1.400757       1.1835358        3.400864         3.400864       3.6614135       3.6614135
              2       5.2259223      0.47366477      0.68823308        3.400864         3.400864       3.6501166       3.6501166
              2       5.3065156      0.44648957      0.66819875        3.400864         3.400864       3.8113033       3.8113033
              1       5.0153347      0.55367877      0.74409594        3.400864         3.400864       3.2289414       3.2289414
              3       6.4320667      0.16081478      0.40101718        3.400864         3.400864       6.0624054       6.0624054
              1       5.3384686      0.43612398      0.66039684        3.400864         3.400864       3.8752092       3.8752092
              1       4.9630797       1.2961881       1.1385026        3.400864         3.400864       3.1244313       3.1244313
              1       5.0600155       1.3371004       1.1563306        3.400864         3.400864       3.3183031       3.3183031
              1       5.2949558       1.4221713       1.1925482        3.400864         3.400864       3.7881836       3.7881836
              1       5.6970113       1.5405836       1.2412025        3.400864         3.400864       4.5922947       4.5922947
              1       4.9490076       1.2898557       1.1357182        3.400864         3.400864       3.0962872       3.0962872
              8        5.239268       1.4034098        1.184656        3.400864         3.400864       3.6768081       3.6768081
