#        weight    minuslogpost              A2               A   minuslogprior minuslogprior__0            chi2   chi2__loglike
              4       7.4292092       1.4147234       1.1894214        3.400864         3.400864       8.0566904       8.0566904
              1       5.1728191       1.0323533       1.0160479        3.400864         3.400864       3.5439101       3.5439101
              1       5.2714071      0.76385109      0.87398575        3.400864         3.400864       3.7410862       3.7410862
              1       5.3695797       1.1007388        1.049161        3.400864         3.400864       3.9374315       3.9374315
              1       5.2440605      0.77340969      0.87943715        3.400864         3.400864        3.686393        3.686393
              3       7.3443525      0.42854215      0.65463131        3.400864         3.400864        7.886977        7.886977
              1        7.998885      0.36334498      0.60278104        3.400864         3.400864        9.196042        9.196042
              1       6.1371855      0.58040929      0.76184598        3.400864         3.400864       5.4726429       5.4726429
              2       6.0529248      0.59366062      0.77049375        3.400864         3.400864       5.3041215       5.3041215
              1       8.7646839      0.29568738      0.54377144        3.400864         3.400864        10.72764        10.72764
              1       9.0408935      0.27302599      0.52251889        3.400864         3.400864       11.280059       11.280059
              1       5.6709773       1.1721071        1.082639        3.400864         3.400864       4.5402267       4.5402267
              1       9.0818278      0.26973506      0.51936024        3.400864         3.400864       11.361928       11.361928
              1       8.1161262      0.35246108      0.59368433        3.400864         3.400864       9.4305244       9.4305244
              1       6.8846121      0.48011294      0.69290183        3.400864         3.400864       6.9674963       6.9674963
              1        5.954539       0.6098556      0.78093252        3.400864         3.400864       5.1073501       5.1073501
              1       5.3205743      0.74801863       0.8648807        3.400864         3.400864       3.8394206       3.8394206
              2       6.1673576       0.5757893      0.75880781        3.400864         3.400864       5.5329871       5.5329871
              1       6.4882345      0.53005252      0.72804706        3.400864         3.400864        6.174741        6.174741
              2       6.4065766       1.2931672       1.1371751        3.400864         3.400864       6.0114253       6.0114253
              8       5.1666276      0.80480283      0.89710804        3.400864         3.400864       3.5315273       3.5315273
              3       5.1263422       1.0090471       1.0045134        3.400864         3.400864       3.4509564       3.4509564
              9          5.1045      0.99574172      0.99786859        3.400864         3.400864       3.4072721       3.4072721
              1       6.8485903       1.3499176       1.1618596        3.400864         3.400864       6.8954526       6.8954526
              4       5.0904223       0.8485181      0.92115042        3.400864         3.400864       3.3791166       3.3791166
              4       5.2331904       0.7773906      0.88169757        3.400864         3.400864       3.6646529       3.6646529
              1       5.4859857       1.1311429        1.063552        3.400864         3.400864       4.1702434       4.1702434
              1       6.8589757       1.3511618       1.1623949        3.400864         3.400864       6.9162234       6.9162234
              5       5.3511498       1.0954503       1.0466376        3.400864         3.400864       3.9005717       3.9005717
              7       5.7342918      0.64964043      0.80600275        3.400864         3.400864       4.6668556       4.6668556
              1       5.1073747      0.83671212      0.91471969        3.400864         3.400864       3.4130214       3.4130214
              6       5.7577279       1.1892006       1.0905047        3.400864         3.400864       4.7137278       4.7137278
              1       5.1956254       1.0422109       1.0208873        3.400864         3.400864       3.5895229       3.5895229
              1       6.5070888       1.3067988        1.143153        3.400864         3.400864       6.2124497       6.2124497
              1       5.1009859      0.99338448      0.99668675        3.400864         3.400864       3.4002439       3.4002439
              3       6.1820545       1.2607695       1.1228399        3.400864         3.400864       5.5623811       5.5623811
              1       6.5110145       1.3073215       1.1433816        3.400864         3.400864        6.220301        6.220301
              2       6.4894808      0.52988541      0.72793228        3.400864         3.400864       6.1772336       6.1772336
              3       5.2928645       1.0775816       1.0380663        3.400864         3.400864       3.7840011       3.7840011
              2        5.193293       1.0412387       1.0204111        3.400864         3.400864        3.584858        3.584858
              1       5.4608639      0.70937268      0.84224265        3.400864         3.400864       4.1199998       4.1199998
              2       5.5170732       1.1385574        1.067032        3.400864         3.400864       4.2324184       4.2324184
              2       5.2190148      0.78275913      0.88473676        3.400864         3.400864       3.6363016       3.6363016
              7       5.0512071      0.89185752      0.94438208        3.400864         3.400864       3.3006863       3.3006863
              1       5.0816485      0.97882101      0.98935384        3.400864         3.400864        3.361569        3.361569
              1       5.2003191      0.79018608      0.88892411        3.400864         3.400864       3.5989102       3.5989102
              3       5.1726098      0.80207189      0.89558467        3.400864         3.400864       3.5434916       3.5434916
              1       6.5754217      0.51853073      0.72009078        3.400864         3.400864       6.3491154       6.3491154
              1       5.0901792      0.84870218      0.92125033        3.400864         3.400864       3.3786305       3.3786305
              1       6.3769059      0.54528315       0.7384329        3.400864         3.400864       5.9520838       5.9520838
              1       6.5760214      0.51845263      0.72003655        3.400864         3.400864       6.3503149       6.3503149
              5       5.1032733      0.83940388      0.91618987        3.400864         3.400864       3.4048186       3.4048186
              5       5.0485338      0.93621539      0.96758224        3.400864         3.400864       3.2953397       3.2953397
              1       5.9295402       1.2202224       1.1046368        3.400864         3.400864       5.0573524       5.0573524
              5       5.0451588      0.92069399        0.959528        3.400864         3.400864       3.2885896       3.2885896
              2       5.6936756      0.65764245      0.81095157        3.400864         3.400864       4.5856232       4.5856232
              2       5.9743742      0.60652265      0.77879564        3.400864         3.400864       5.1470203       5.1470203
              1       5.4039147       0.7241255      0.85095564        3.400864         3.400864       4.0061014       4.0061014
              1       5.3856153       1.1052193       1.0512941        3.400864         3.400864       3.9695026       3.9695026
              2       5.0538939      0.94748831      0.97339011        3.400864         3.400864       3.3060599       3.3060599
              5       5.6900972       0.6583593      0.81139343        3.400864         3.400864       4.5784664       4.5784664
              9       5.0467358      0.90389118      0.95073192        3.400864         3.400864       3.2917437       3.2917437
              3        5.342404        1.092885       1.0454114        3.400864         3.400864         3.88308         3.88308
              2       5.5647229      0.68486782      0.82756741        3.400864         3.400864       4.3277178       4.3277178
              2       5.4297254       1.1170266       1.0568948        3.400864         3.400864       4.0577228       4.0577228
              4       5.1976351      0.79128827      0.88954386        3.400864         3.400864       3.5935422       3.5935422
              1       5.1008065      0.84106868      0.91709797        3.400864         3.400864        3.399885        3.399885
              3       5.1497222      0.81290638      0.90161321        3.400864         3.400864       3.4977164       3.4977164
              1        5.075164      0.86123612      0.92802808        3.400864         3.400864          3.3486          3.3486
              1       5.5028529      0.69913374      0.83614218        3.400864         3.400864       4.2039778       4.2039778
              4       5.2482286       1.0624187        1.030737        3.400864         3.400864       3.6947292       3.6947292
              3       7.0597586       1.3745509       1.1724124        3.400864         3.400864       7.3177893       7.3177893
              1       6.7683909       1.3401865       1.1576643        3.400864         3.400864       6.7350539       6.7350539
              2        7.869065      0.37565178      0.61290438        3.400864         3.400864       8.9364021       8.9364021
              1       5.1602279        1.026531       1.0131786        3.400864         3.400864       3.5187278       3.5187278
              1       5.1373688       1.0150798       1.0075117        3.400864         3.400864       3.4730097       3.4730097
              3         5.14617       1.0196403       1.0097724        3.400864         3.400864       3.4906119       3.4906119
              2       5.4042326      0.72404002      0.85090541        3.400864         3.400864       4.0067371       4.0067371
              1       5.2076525       1.0471086       1.0232832        3.400864         3.400864        3.613577        3.613577
              3       5.5947195       1.1560732       1.0752084        3.400864         3.400864        4.387711        4.387711
              1        5.079583      0.85727437      0.92589112        3.400864         3.400864        3.357438        3.357438
              1       5.6684586       1.1715936       1.0824018        3.400864         3.400864       4.5351892       4.5351892
             11       5.3170837       1.0852374       1.0417473        3.400864         3.400864       3.8324395       3.8324395
              5       5.1568036      0.80943773      0.89968757        3.400864         3.400864       3.5118792       3.5118792
              2       5.0477676      0.90033257      0.94885856        3.400864         3.400864       3.2938073       3.2938073
              2       5.3699019      0.73350093      0.85644669        3.400864         3.400864       3.9380758       3.9380758
              1       5.1359369      0.82001329      0.90554585        3.400864         3.400864       3.4701459       3.4701459
              3        5.223814      0.78091789      0.88369559        3.400864         3.400864       3.6459001       3.6459001
              1       5.4075715       1.1111864       1.0541282        3.400864         3.400864       4.0134151       4.0134151
              1       5.2703552       0.7642077      0.87418974        3.400864         3.400864       3.7389825       3.7389825
              2       5.0683966      0.86791719      0.93162073        3.400864         3.400864       3.3350653       3.3350653
              1       5.1125621      0.83343147      0.91292468        3.400864         3.400864       3.4233962       3.4233962
              1       5.0467695      0.90376001      0.95066293        3.400864         3.400864       3.2918111       3.2918111
              2       6.0428655       1.2390518        1.113127        3.400864         3.400864        5.284003        5.284003
              1       5.0478724      0.90001262      0.94868995        3.400864         3.400864       3.2940168       3.2940168
              2       5.0453237      0.91172765       0.9548443        3.400864         3.400864       3.2889193       3.2889193
              4       5.0919067       0.8474045      0.92054576        3.400864         3.400864       3.3820853       3.3820853
              1       5.3007505       1.0801139       1.0392853        3.400864         3.400864       3.7997731       3.7997731
              2        5.951003       1.2238773       1.1062899        3.400864         3.400864        5.100278        5.100278
              1       6.7216998       1.3344167       1.1551695        3.400864         3.400864       6.6416717       6.6416717
              1        5.728436       1.1835516       1.0879116        3.400864         3.400864       4.6551441       4.6551441
              3       5.3817532      0.73018083      0.85450619        3.400864         3.400864       3.9617784       3.9617784
              2        5.344668      0.74077823      0.86068475        3.400864         3.400864        3.887608        3.887608
              1        7.855182      0.37698447      0.61399061        3.400864         3.400864        8.908636        8.908636
              1       5.0627358      0.96003252      0.97981249        3.400864         3.400864       3.3237437       3.3237437
              4       6.3515147      0.54884505      0.74084077        3.400864         3.400864       5.9013015       5.9013015
              4         5.34924      0.73943758      0.85990557        3.400864         3.400864        3.896752        3.896752
              1       5.1659415      0.80512031      0.89728497        3.400864         3.400864        3.530155        3.530155
              1       5.2457569      0.77279833      0.87908949        3.400864         3.400864       3.6897858       3.6897858
              6        5.534091      0.69181799      0.83175597        3.400864         3.400864        4.266454        4.266454
              2       6.6600896       1.3266788       1.1518154        3.400864         3.400864       6.5184512       6.5184512
              2       5.0982867      0.84280771      0.91804559        3.400864         3.400864       3.3948454       3.3948454
              1       5.2013464       1.0445641       1.0220392        3.400864         3.400864       3.6009649       3.6009649
              1       5.2176177      0.78329989      0.88504231        3.400864         3.400864       3.6335074       3.6335074
              1       6.3572509      0.54803736      0.74029546        3.400864         3.400864       5.9127739       5.9127739
              1       6.0741638      0.59026981      0.76829018        3.400864         3.400864       5.3465996       5.3465996
              1       5.3464288      0.74026072      0.86038405        3.400864         3.400864       3.8911295       3.8911295
              2       5.2142478       1.0497175       1.0245572        3.400864         3.400864       3.6267677       3.6267677
              2       7.2795797       1.3988571       1.1827329        3.400864         3.400864       7.7574313       7.7574313
              1       5.8168478      0.63407189      0.79628631        3.400864         3.400864       4.8319676       4.8319676
              1       5.9447075       0.6115211      0.78199815        3.400864         3.400864        5.087687        5.087687
              1       5.1704025       1.0312589       1.0155092        3.400864         3.400864       3.5390771       3.5390771
              1       5.0511087      0.94227052      0.97070619        3.400864         3.400864       3.3004894       3.3004894
              1         5.29719      0.75535536      0.86911182        3.400864         3.400864       3.7926521       3.7926521
              3       5.3319761       1.0897764       1.0439236        3.400864         3.400864       3.8622243       3.8622243
              1       5.0593749      0.87858298      0.93732757        3.400864         3.400864       3.3170219       3.3170219
              1        5.427508       1.1164498       1.0566219        3.400864         3.400864       4.0532881       4.0532881
              1        5.269485       1.0698274       1.0343246        3.400864         3.400864       3.7372419       3.7372419
              3       5.0571934      0.95269124      0.97605903        3.400864         3.400864       3.3126589       3.3126589
              3       5.2118359       1.0487694       1.0240944        3.400864         3.400864       3.6219437       3.6219437
              4       5.0534329       0.9466884      0.97297914        3.400864         3.400864       3.3051379       3.3051379
              2       7.4198102      0.42058917      0.64852847        3.400864         3.400864       8.0378924       8.0378924
              1       7.9391185       1.4653544       1.2105182        3.400864         3.400864       9.0765091       9.0765091
              1       5.6019349       1.1576361        1.075935        3.400864         3.400864       4.4021418       4.4021418
              4       5.0516663      0.94339828      0.97128692        3.400864         3.400864       3.3016045       3.3016045
              1       5.0519551      0.94396376      0.97157797        3.400864         3.400864       3.3021821       3.3021821
              1       5.9467719      0.61117063      0.78177403        3.400864         3.400864       5.0918159       5.0918159
              1       5.6550578      0.66548659      0.81577361        3.400864         3.400864       4.5083876       4.5083876
              8       5.6601283       1.1698881       1.0816136        3.400864         3.400864       4.5185287       4.5185287
              2       5.0747421      0.97270173      0.98625642        3.400864         3.400864       3.3477563       3.3477563
              2       5.8234847      0.63285732       0.7955233        3.400864         3.400864       4.8452414       4.8452414
              5       5.1312109      0.82257262      0.90695789        3.400864         3.400864       3.4606938       3.4606938
              4       5.6482954       1.1674454       1.0804838        3.400864         3.400864       4.4948627       4.4948627
              2       5.0506216      0.89308863      0.94503367        3.400864         3.400864       3.2995153       3.2995153
              1       5.1359559      0.82000318      0.90554027        3.400864         3.400864       3.4701837       3.4701837
              1       5.3695695       1.1007359       1.0491596        3.400864         3.400864       3.9374111       3.9374111
              1       11.917633       1.7619294       1.3273769        3.400864         3.400864       17.033539       17.033539
              3       5.2340217      0.77708217      0.88152264        3.400864         3.400864       3.6663154       3.6663154
              2       5.3440003      0.74097487      0.86079897        3.400864         3.400864       3.8862726       3.8862726
              2       5.3431593      0.74122285        0.860943        3.400864         3.400864       3.8845907       3.8845907
              2       5.2493043       1.0628027       1.0309232        3.400864         3.400864       3.6968807       3.6968807
              1       5.0520828      0.89012079      0.94346213        3.400864         3.400864       3.3024376       3.3024376
              1       5.1566656      0.80950426      0.89972455        3.400864         3.400864       3.5116031       3.5116031
              1       5.0638865      0.96140419      0.98051221        3.400864         3.400864        3.326045        3.326045
              1       7.9499388       1.4663782        1.210941        3.400864         3.400864       9.0981495       9.0981495
              1       5.2134441      0.78492846      0.88596189        3.400864         3.400864       3.6251602       3.6251602
              2       5.4646128       1.1258927       1.0610809        3.400864         3.400864       4.1274975       4.1274975
              2        5.114261       0.8323846      0.91235114        3.400864         3.400864       3.4267941       3.4267941
              7       5.5435078      0.68965878      0.83045697        3.400864         3.400864       4.2852876       4.2852876
              1       5.1677147      0.80430164      0.89682865        3.400864         3.400864       3.5337015       3.5337015
              1       5.0911372      0.98635134      0.99315222        3.400864         3.400864       3.3805465       3.3805465
              1        6.570022       1.3150962       1.1467764        3.400864         3.400864        6.338316        6.338316
              1       5.0634647      0.96090633       0.9802583        3.400864         3.400864       3.3252013       3.3252013
              4       5.0611207      0.87630128      0.93610965        3.400864         3.400864       3.3205134       3.3205134
              1       5.2752098      0.76256871       0.8732518        3.400864         3.400864       3.7486916       3.7486916
              2        5.488409      0.70260074      0.83821282        3.400864         3.400864       4.1750899       4.1750899
              2       5.2489081       1.0626614       1.0308547        3.400864         3.400864       3.6960882       3.6960882
              1       5.2021168      0.78945313      0.88851175        3.400864         3.400864       3.6025057       3.6025057
              2       5.1800517      0.79876246      0.89373511        3.400864         3.400864       3.5583755       3.5583755
              1       6.2562243       1.2717994       1.1277408        3.400864         3.400864       5.7107206       5.7107206
              4       7.4382295      0.41866711       0.6470449        3.400864         3.400864       8.0747311       8.0747311
              4       5.6695187       1.1718099       1.0825017        3.400864         3.400864       4.5373094       4.5373094
              6       5.7285293       1.1835697       1.0879199        3.400864         3.400864       4.6553306       4.6553306
              1       5.0593712      0.95574286      0.97762102        3.400864         3.400864       3.3170145       3.3170145
              3       5.0451184      0.92003914      0.95918671        3.400864         3.400864       3.2885089       3.2885089
              2       5.1295466       1.0108403       1.0054055        3.400864         3.400864       3.4573652       3.4573652
              1       5.1983375      0.79099888      0.88938118        3.400864         3.400864        3.594947        3.594947
              5       5.5957377       0.6780365      0.82342971        3.400864         3.400864       4.3897474       4.3897474
              7       5.0539846      0.88668766      0.94164094        3.400864         3.400864       3.3062413       3.3062413
              3       5.2993133       1.0796553       1.0390646        3.400864         3.400864       3.7968987       3.7968987
              1       5.4269967       0.7180143      0.84735724        3.400864         3.400864       4.0522655       4.0522655
              3       5.2323788      0.77769241      0.88186871        3.400864         3.400864       3.6630295       3.6630295
              1       5.2462326      0.77262736      0.87899224        3.400864         3.400864       3.6907372       3.6907372
              2       5.1737941      0.80153889      0.89528704        3.400864         3.400864       3.5458603       3.5458603
              1       6.4443714       1.2983501       1.1394517        3.400864         3.400864       6.0870148       6.0870148
              1       6.0646537       1.2425471        1.114696        3.400864         3.400864       5.3275794       5.3275794
              1       6.3935117       1.2913588       1.1363797        3.400864         3.400864       5.9852955       5.9852955
              2       6.1116688       1.2499643        1.118018        3.400864         3.400864       5.4216096       5.4216096
              3       5.4419555      0.71415204      0.84507517        3.400864         3.400864        4.082183        4.082183
              4       5.0468846      0.90332151      0.95043228        3.400864         3.400864       3.2920412       3.2920412
              2       5.7913279       1.1955393       1.0934072        3.400864         3.400864       4.7809278       4.7809278
              9       5.0454618      0.92379178      0.96114088        3.400864         3.400864       3.2891955       3.2891955
              1       5.4320338      0.71670545      0.84658458        3.400864         3.400864       4.0623396       4.0623396
              2        6.279394      0.55915547      0.74776699        3.400864         3.400864         5.75706         5.75706
              1       5.4317938       1.1175632       1.0571486        3.400864         3.400864       4.0618597       4.0618597
              1       6.4641069       1.3010288       1.1406265        3.400864         3.400864       6.1264858       6.1264858
              6       6.9235528       1.3588195       1.1656841        3.400864         3.400864       7.0453776       7.0453776
              2       5.2215971      0.78176533      0.88417494        3.400864         3.400864       3.6414661       3.6414661
              2       6.1354565      0.58067595      0.76202096        3.400864         3.400864        5.469185        5.469185
              4       5.6689535      0.66263622      0.81402471        3.400864         3.400864       4.5361789       4.5361789
              1       6.1186497       0.5832792      0.76372718        3.400864         3.400864       5.4355715       5.4355715
              1       5.7972325      0.63769242      0.79855646        3.400864         3.400864       4.7927369       4.7927369
              1       6.4413912        1.297944       1.1392735        3.400864         3.400864       6.0810545       6.0810545
              1         5.20054       1.0442351       1.0218782        3.400864         3.400864       3.5993521       3.5993521
              2       5.3788548      0.73098733      0.85497797        3.400864         3.400864       3.9559816       3.9559816
              1       5.5886882      0.67957196      0.82436155        3.400864         3.400864       4.3756485       4.3756485
              6       5.0450525      0.91835521      0.95830851        3.400864         3.400864       3.2883771       3.2883771
              1       5.1936227       1.0413766       1.0204786        3.400864         3.400864       3.5855175       3.5855175
              2       5.1017873      0.84040241      0.91673464        3.400864         3.400864       3.4018467       3.4018467
              2       5.0546892       0.9488206      0.97407423        3.400864         3.400864       3.3076503       3.3076503
              2       5.1666453      0.80479469       0.8971035        3.400864         3.400864       3.5315625       3.5315625
              1       6.6256276      0.51204468      0.71557297        3.400864         3.400864       6.4495272       6.4495272
              4       5.2485337      0.77180313      0.87852327        3.400864         3.400864       3.6953395       3.6953395
              4       5.2286423       1.0552405        1.027249        3.400864         3.400864       3.6555567       3.6555567
              1       5.2051086       1.0460882       1.0227845        3.400864         3.400864       3.6084891       3.6084891
             10       5.0586392      0.87958604      0.93786248        3.400864         3.400864       3.3155504       3.3155504
              2       5.0717299      0.86452033      0.92979585        3.400864         3.400864       3.3417319       3.3417319
              2       5.1836444       1.0371334       1.0183975        3.400864         3.400864       3.5655608       3.5655608
              5       5.5208347       1.1394377       1.0674445        3.400864         3.400864       4.2399415       4.2399415
              2       5.4757698       1.1286497       1.0623793        3.400864         3.400864       4.1498117       4.1498117
              1       5.6333711      0.67000076      0.81853574        3.400864         3.400864       4.4650143       4.4650143
              1       5.2093159       0.7865593      0.88688179        3.400864         3.400864       3.6169039       3.6169039
              3       5.3266967      0.74614973      0.86379959        3.400864         3.400864       3.8516654       3.8516654
              1       5.4141354      0.72139593       0.8493503        3.400864         3.400864       4.0265428       4.0265428
              2       6.5638477       1.3142898       1.1464248        3.400864         3.400864       6.3259675       6.3259675
              1        6.027744       1.2366035       1.1120267        3.400864         3.400864         5.25376         5.25376
              1       5.2463228      0.77259497      0.87897381        3.400864         3.400864       3.6909175       3.6909175
              3         5.90424      0.61847419       0.7864313        3.400864         3.400864       5.0067521       5.0067521
              3       6.8317005      0.48644427      0.69745557        3.400864         3.400864       6.8616729       6.8616729
              1       5.7782592       1.1930912       1.0922871        3.400864         3.400864       4.7547904       4.7547904
              1       5.3668586       1.0999676       1.0487934        3.400864         3.400864       3.9319892       3.9319892
              3       5.0633344       0.8735794       0.9346547        3.400864         3.400864       3.3249408       3.3249408
              1       5.1818055      0.79799594      0.89330619        3.400864         3.400864       3.5618829       3.5618829
              1       5.8528007       1.2067775       1.0985343        3.400864         3.400864       4.9038733       4.9038733
              4       5.0450429      0.91781388      0.95802603        3.400864         3.400864       3.2883579       3.2883579
              2       5.1123056       1.0007402         1.00037        3.400864         3.400864       3.4228832       3.4228832
              2       5.1174974       1.0039055       1.0019508        3.400864         3.400864       3.4332668       3.4332668
              1       5.1805684       1.0357947         1.01774        3.400864         3.400864       3.5594088       3.5594088
              2       5.0527847      0.88880528       0.9427647        3.400864         3.400864       3.3038414       3.3038414
              1       5.1396424      0.81805287      0.90446275        3.400864         3.400864       3.4775568       3.4775568
              2       5.1161814       1.0031142       1.0015559        3.400864         3.400864       3.4306349       3.4306349
              2        5.486846      0.70297927      0.83843859        3.400864         3.400864        4.171964        4.171964
              2       6.2613518      0.56178155      0.74952088        3.400864         3.400864       5.7209757       5.7209757
              2       5.0490769      0.93764209      0.96831921        3.400864         3.400864       3.2964258       3.2964258
              4       5.1286759      0.82397433      0.90773032        3.400864         3.400864       3.4556239       3.4556239
              1        6.749707      0.49644367      0.70458759        3.400864         3.400864        6.697686        6.697686
              1       5.0860377      0.98241239      0.99116719        3.400864         3.400864       3.3703473       3.3703473
              1        5.501521       1.1348797       1.0653073        3.400864         3.400864        4.201314        4.201314
              1       5.4701514       1.1272659       1.0617278        3.400864         3.400864       4.1385747       4.1385747
              3       5.5911546       1.1552972       1.0748475        3.400864         3.400864       4.3805812       4.3805812
              1       5.5890696       1.1548422       1.0746358        3.400864         3.400864       4.3764113       4.3764113
              2       5.6690391      0.66261876      0.81401398        3.400864         3.400864       4.5363502       4.5363502
              1       6.0368106      0.59625715      0.77217689        3.400864         3.400864       5.2718933       5.2718933
              3       5.0619266      0.87528993      0.93556931        3.400864         3.400864       3.3221251       3.3221251
              3        6.217498       1.2660838       1.1252039        3.400864         3.400864       5.6332679       5.6332679
              1       6.8771159       1.3533265       1.1633256        3.400864         3.400864       6.9525039       6.9525039
              2         6.79239       1.3431218       1.1589313        3.400864         3.400864        6.783052        6.783052
              3       5.2080269       1.0472581       1.0233563        3.400864         3.400864       3.6143259       3.6143259
              2        7.518119      0.41041498      0.64063638        3.400864         3.400864         8.23451         8.23451
              6       7.7981288      0.38249613      0.61846272        3.400864         3.400864       8.7945296       8.7945296
              5       7.0153095      0.46485355      0.68180169        3.400864         3.400864        7.228891        7.228891
              2       5.2417799      0.77423571      0.87990665        3.400864         3.400864       3.6818318       3.6818318
              1       5.0977088      0.99111848      0.99554934        3.400864         3.400864       3.3936895       3.3936895
              2       5.7797241       1.1933667       1.0924132        3.400864         3.400864       4.7577202       4.7577202
              1       5.1937266         1.04142       1.0204999        3.400864         3.400864       3.5857252       3.5857252
              1       5.2994186        1.079689       1.0390808        3.400864         3.400864       3.7971092       3.7971092
              2       5.0455221      0.92424891      0.96137865        3.400864         3.400864       3.2893162       3.2893162
              2       5.5226718      0.69446442      0.83334532        3.400864         3.400864       4.2436156       4.2436156
              5       5.2052775       1.0461562       1.0228178        3.400864         3.400864       3.6088269       3.6088269
              5       5.2749469      0.76265703      0.87330237        3.400864         3.400864       3.7481657       3.7481657
              3       5.1428744       1.0179568       1.0089384        3.400864         3.400864       3.4840209       3.4840209
              2       5.5600935       0.6859048      0.82819369        3.400864         3.400864        4.318459        4.318459
              3        5.440673      0.71448028      0.84526935        3.400864         3.400864        4.079618        4.079618
              1       5.8878469      0.62133735      0.78824955        3.400864         3.400864       4.9739659       4.9739659
              2       5.0823356      0.85493395      0.92462638        3.400864         3.400864       3.3629431       3.3629431
              1       5.0534387      0.94669849      0.97298432        3.400864         3.400864       3.3051493       3.3051493
              1        5.313282      0.75027194      0.86618239        3.400864         3.400864       3.8248361       3.8248361
              6       5.0930391      0.84656672       0.9200906        3.400864         3.400864       3.3843502       3.3843502
              1       6.8795209       1.3536127       1.1634486        3.400864         3.400864       6.9573138       6.9573138
              2       6.2371956       1.2690026       1.1265001        3.400864         3.400864       5.6726631       5.6726631
              1       5.1541375      0.81073037      0.90040567        3.400864         3.400864        3.506547        3.506547
              1       5.6758314       1.1730937       1.0830945        3.400864         3.400864       4.5499349       4.5499349
              4        5.045696      0.90890546      0.95336533        3.400864         3.400864       3.2896639       3.2896639
              1       5.0931753       0.8464666       0.9200362        3.400864         3.400864       3.3846227       3.3846227
              5       8.0022518      0.36302946      0.60251926        3.400864         3.400864       9.2027755       9.2027755
              1        5.173235      0.80179022       0.8954274        3.400864         3.400864        3.544742        3.544742
              1       5.7502864       1.1877766       1.0898517        3.400864         3.400864       4.6988447       4.6988447
              2       5.5109143       1.1371083       1.0663528        3.400864         3.400864       4.2201006       4.2201006
              7        5.104299      0.99560882      0.99780199        3.400864         3.400864       3.4068701       3.4068701
              1        5.509665       1.1368132       1.0662144        3.400864         3.400864        4.217602        4.217602
              2       6.4959729      0.52901606       0.7273349        3.400864         3.400864       6.1902178       6.1902178
              1         5.38415       0.7295165      0.85411738        3.400864         3.400864       3.9665721       3.9665721
              2       6.3903977       1.2909265       1.1361895        3.400864         3.400864       5.9790674       5.9790674
              1        6.104688      0.58545731      0.76515182        3.400864         3.400864       5.4076481       5.4076481
              2        7.254318      0.43820421      0.66196995        3.400864         3.400864       7.7069081       7.7069081
              1       6.3794066      0.54493419      0.73819658        3.400864         3.400864       5.9570852       5.9570852
              7       5.2141352      0.78465743      0.88580891        3.400864         3.400864       3.6265423       3.6265423
              3       5.4604751      0.70946984      0.84230033        3.400864         3.400864       4.1192223       4.1192223
              4       5.0545685      0.94862206      0.97397231        3.400864         3.400864        3.307409        3.307409
              4       5.8074203      0.63580617      0.79737455        3.400864         3.400864       4.8131126       4.8131126
              1       5.7454191      0.64748963       0.8046674        3.400864         3.400864       4.6891101       4.6891101
              1       5.9855307       1.2296672       1.1089036        3.400864         3.400864       5.1693334       5.1693334
              1       5.3716258      0.73301426      0.85616252        3.400864         3.400864       3.9415237       3.9415237
              2       5.4585232       1.1243725       1.0603643        3.400864         3.400864       4.1153184       4.1153184
              2       5.0649524      0.96263792      0.98114113        3.400864         3.400864       3.3281768       3.3281768
              1       5.3245004       0.7468178      0.86418621        3.400864         3.400864       3.8472728       3.8472728
              3       5.0590671      0.95533134      0.97741053        3.400864         3.400864       3.3164062       3.3164062
              6       5.1136291       1.0015584       1.0007789        3.400864         3.400864       3.4255303       3.4255303
              4       5.0565219      0.95169592      0.97554903        3.400864         3.400864       3.3113158       3.3113158
              1       5.1364586      0.81973491      0.90539213        3.400864         3.400864       3.4711892       3.4711892
              3       5.0513139      0.94269144      0.97092299        3.400864         3.400864       3.3008999       3.3008999
              2       5.0829047      0.97986991      0.98988379        3.400864         3.400864       3.3640814       3.3640814
              2       6.1595451       1.2573513       1.1213168        3.400864         3.400864       5.5173622       5.5173622
              3       6.2981186       1.2778806       1.1304338        3.400864         3.400864       5.7945092       5.7945092
              4       5.2795563      0.76111583      0.87241953        3.400864         3.400864       3.7573847       3.7573847
              3        5.045044      0.91643774      0.95730755        3.400864         3.400864         3.28836         3.28836
              1       5.1918194      0.79371027      0.89090419        3.400864         3.400864       3.5819107       3.5819107
              1       5.6514881      0.66622405      0.81622549        3.400864         3.400864       4.5012482       4.5012482
              2       5.0601907      0.95683036      0.97817706        3.400864         3.400864       3.3186533       3.3186533
              2        5.055277      0.88456038       0.9405107        3.400864         3.400864        3.308826        3.308826
              1       5.4804688       1.1298001       1.0629206        3.400864         3.400864       4.1592095       4.1592095
              1        5.307491       1.0822475       1.0403113        3.400864         3.400864       3.8132539       3.8132539
              2       7.5531543      0.40683812      0.63783863        3.400864         3.400864       8.3045806       8.3045806
              2       5.3310598       1.0895006       1.0437914        3.400864         3.400864       3.8603915       3.8603915
              1       5.0569181      0.88204431      0.93917214        3.400864         3.400864       3.3121081       3.3121081
              4       5.0944794      0.84551535      0.91951909        3.400864         3.400864       3.3872308       3.3872308
              4       5.3093485      0.75150014      0.86689108        3.400864         3.400864        3.816969        3.816969
              2       5.3061819       0.7524955      0.86746499        3.400864         3.400864       3.8106359       3.8106359
              1       5.4673486      0.70775872      0.84128397        3.400864         3.400864       4.1329691       4.1329691
              5       5.3684092       1.1004075       1.0490031        3.400864         3.400864       3.9350905       3.9350905
              4       5.3157119       1.0848131       1.0415436        3.400864         3.400864       3.8296957       3.8296957
              1       5.2821444      0.76025713      0.87192725        3.400864         3.400864       3.7625608       3.7625608
              2       9.2533051      0.25612708      0.50608999        3.400864         3.400864       11.704882       11.704882
              3       5.5654803       0.6846986      0.82746517        3.400864         3.400864       4.3292326       4.3292326
              3       5.0547234      0.94887677      0.97410306        3.400864         3.400864       3.3077189       3.3077189
              1       5.7991109      0.63734367      0.79833807        3.400864         3.400864       4.7964939       4.7964939
              2       6.4256714      0.53853623      0.73385028        3.400864         3.400864       6.0496148       6.0496148
              2       5.0986045      0.84258615      0.91792492        3.400864         3.400864        3.395481        3.395481
              2       5.4091537       1.1116093       1.0543288        3.400864         3.400864       4.0165794       4.0165794
              3       8.2470594        1.493782       1.2222037        3.400864         3.400864       9.6923908       9.6923908
              1       5.5114183       1.1372273       1.0664086        3.400864         3.400864       4.2211087       4.2211087
              3       5.0633624       0.8735461      0.93463688        3.400864         3.400864       3.3249967       3.3249967
              5       7.4687503      0.41549846       0.6445917        3.400864         3.400864       8.1357726       8.1357726
              1       5.7554644      0.64556258      0.80346909        3.400864         3.400864       4.7092007       4.7092007
              1       6.1034868      0.58564538      0.76527471        3.400864         3.400864       5.4052456       5.4052456
              2       7.2191442       1.3922986        1.179957        3.400864         3.400864       7.6365605       7.6365605
              2       5.9159307        0.616449      0.78514266        3.400864         3.400864       5.0301334       5.0301334
              1       5.3888933       0.7282087      0.85335145        3.400864         3.400864       3.9760586       3.9760586
              1       5.2070367       1.0468623       1.0231629        3.400864         3.400864       3.6123454       3.6123454
              2       5.0540155      0.94769578      0.97349668        3.400864         3.400864       3.3063031       3.3063031
              2       5.1528557      0.81135748      0.90075384        3.400864         3.400864       3.5039834       3.5039834
              1       5.1290656      0.82375751      0.90761088        3.400864         3.400864       3.4564031       3.4564031
              2       5.3167638      0.74919229      0.86555895        3.400864         3.400864       3.8317997       3.8317997
              1       6.5011015       1.3060002       1.1428036        3.400864         3.400864        6.200475        6.200475
              6       6.1876475       1.2616135       1.1232157        3.400864         3.400864        5.573567        5.573567
              8       5.8089474       1.1988063       1.0949001        3.400864         3.400864       4.8161669       4.8161669
              2        5.883704       1.2122655       1.1010293        3.400864         3.400864       4.9656799       4.9656799
              1       5.9887978       1.2302096       1.1091481        3.400864         3.400864       5.1758677       5.1758677
              3       5.9012312      0.61899764      0.78676403        3.400864         3.400864       5.0007345       5.0007345
              2       5.2955418      0.75588506      0.86941651        3.400864         3.400864       3.7893557       3.7893557
              3       5.0450453      0.91798021      0.95811284        3.400864         3.400864       3.2883626       3.2883626
              3       6.2403176      0.56486785      0.75157691        3.400864         3.400864       5.6789073       5.6789073
              3       6.0604369      0.59245726      0.76971245        3.400864         3.400864       5.3191459       5.3191459
              4       5.3377711      0.74282009      0.86187011        3.400864         3.400864       3.8738142       3.8738142
              1         7.82094       1.4540452        1.205838        3.400864         3.400864        8.840152        8.840152
              1       6.7964957       1.3436219       1.1591471        3.400864         3.400864       6.7912633       6.7912633
              2       6.1660391      0.57598988      0.75893997        3.400864         3.400864       5.5303502       5.5303502
              2       5.0473835      0.90156227      0.94950633        3.400864         3.400864       3.2930391       3.2930391
              1       5.0477209      0.90047737      0.94893486        3.400864         3.400864       3.2937138       3.2937138
              1        6.183884      0.57328506       0.7571559        3.400864         3.400864       5.5660399       5.5660399
              2       5.0712588      0.86498703      0.93004679        3.400864         3.400864       3.3407896       3.3407896
              4       5.1958853      0.79201206      0.88995059        3.400864         3.400864       3.5900426       3.5900426
              3       6.0669242      0.59142164      0.76903943        3.400864         3.400864       5.3321205       5.3321205
              6       5.1660561      0.80506725       0.8972554        3.400864         3.400864       3.5303841       3.5303841
              1       5.6414104       0.6683178      0.81750707        3.400864         3.400864       4.4810928       4.4810928
              1       5.3725959      0.73274097       0.8560029        3.400864         3.400864       3.9434638       3.9434638
              9       5.5256317      0.69377544      0.83293183        3.400864         3.400864       4.2495354       4.2495354
              4       5.0478254      0.93417534      0.96652747        3.400864         3.400864       3.2939227       3.2939227
              3       5.3559492       1.0968425       1.0473025        3.400864         3.400864       3.9101704       3.9101704
              2       5.9277556      0.61441433      0.78384586        3.400864         3.400864       5.0537832       5.0537832
              1       5.6163599      0.67360026      0.82073154        3.400864         3.400864       4.4309919       4.4309919
              1       8.4510579      0.32246454      0.56785962        3.400864         3.400864       10.100388       10.100388
              1       5.0704195      0.86582892      0.93049929        3.400864         3.400864        3.339111        3.339111
              1       5.5339386       1.1424777       1.0688675        3.400864         3.400864       4.2661492       4.2661492
              1       5.4159152      0.72092448      0.84907272        3.400864         3.400864       4.0301025       4.0301025
              1       6.2358932       1.2688103       1.1264148        3.400864         3.400864       5.6700584       5.6700584
              3       5.7125724       1.1804416       1.0864813        3.400864         3.400864       4.6234167       4.6234167
              2        6.221947       1.2667452       1.1254978        3.400864         3.400864        5.642166        5.642166
              2       5.6117447      0.67458604      0.82133187        3.400864         3.400864       4.4217614       4.4217614
              2       5.1868703       0.7958094       0.8920815        3.400864         3.400864       3.5720127       3.5720127
              2        5.204354      0.78854688      0.88800162        3.400864         3.400864       3.6069801       3.6069801
              4       5.0576756       0.8809418        0.938585        3.400864         3.400864       3.3136232       3.3136232
              1       5.0557643      0.95053747      0.97495511        3.400864         3.400864       3.3098007       3.3098007
              1       5.2205603       1.0521674       1.0257521        3.400864         3.400864       3.6393926       3.6393926
              1       5.3045019       1.0813048       1.0398581        3.400864         3.400864       3.8072758       3.8072758
              1         5.14516       1.0191273       1.0095183        3.400864         3.400864       3.4885919       3.4885919
              5       5.5079563      0.69792189      0.83541719        3.400864         3.400864       4.2141845       4.2141845
              4       5.6161706      0.67364063      0.82075613        3.400864         3.400864       4.4306132       4.4306132
              1       5.3335203      0.74409057      0.86260685        3.400864         3.400864       3.8653126       3.8653126
              3       5.1723625       1.0321473       1.0159465        3.400864         3.400864        3.542997        3.542997
              1       5.0462793      0.92851437       0.9635945        3.400864         3.400864       3.2908306       3.2908306
              3       5.1467143       1.0199157       1.0099088        3.400864         3.400864       3.4917007       3.4917007
              2       5.3234531       1.0871935       1.0426857        3.400864         3.400864       3.8451782       3.8451782
              2       5.3487304       1.0947443       1.0463003        3.400864         3.400864       3.8957327       3.8957327
              4       5.2489837       1.0626883       1.0308677        3.400864         3.400864       3.6962394       3.6962394
              3       5.1201184       0.8288705      0.91042325        3.400864         3.400864       3.4385088       3.4385088
              2       5.2801335      0.76092391      0.87230953        3.400864         3.400864       3.7585391       3.7585391
              5       5.2344312       1.0574004       1.0282997        3.400864         3.400864       3.6671344       3.6671344
              2       5.0527168      0.88892993      0.94283081        3.400864         3.400864       3.3037055       3.3037055
              2       5.2263361       0.7799602      0.88315356        3.400864         3.400864       3.6509442       3.6509442
              1       5.4837401       1.1305974       1.0632955        3.400864         3.400864       4.1657521       4.1657521
              4       5.1798658       1.0354868       1.0175887        3.400864         3.400864       3.5580036       3.5580036
              1        5.146427      0.81456042      0.90253001        3.400864         3.400864        3.491126        3.491126
              1       5.6120352      0.67452388      0.82129403        3.400864         3.400864       4.4223424       4.4223424
              5       5.0626605       0.8743896      0.93508802        3.400864         3.400864       3.3235931       3.3235931
              1       5.2167307       1.0506865         1.02503        3.400864         3.400864       3.6317335       3.6317335
              1       5.1720952      0.80230425      0.89571438        3.400864         3.400864       3.5424625       3.5424625
              1       5.0785617      0.85816632      0.92637267        3.400864         3.400864       3.3553954       3.3553954
             11       5.3242115       1.0874249       1.0427967        3.400864         3.400864        3.846695        3.846695
              1       5.6813565      0.66011873      0.81247691        3.400864         3.400864        4.560985        4.560985
              3       6.3634269       1.2871611       1.1345312        3.400864         3.400864       5.9251258       5.9251258
              1       5.6769547       1.1733215       1.0831997        3.400864         3.400864       4.5521814       4.5521814
              2       7.4701433       1.4189765        1.191208        3.400864         3.400864       8.1385587       8.1385587
              1       5.8113034       1.1992403       1.0950983        3.400864         3.400864       4.8208787       4.8208787
              2       6.1599896       1.2574191        1.121347        3.400864         3.400864       5.5182512       5.5182512
              2       5.9189105       1.2183959       1.1038097        3.400864         3.400864        5.036093        5.036093
              2        5.046039       0.9069748      0.95235225        3.400864         3.400864         3.29035         3.29035
              1       5.0530216      0.94595603      0.97260271        3.400864         3.400864       3.3043153       3.3043153
              8       5.1030197      0.99475748       0.9973753        3.400864         3.400864       3.4043115       3.4043115
              3       5.0585569      0.95463088      0.97705214        3.400864         3.400864       3.3153858       3.3153858
              1       5.0589594      0.95518456      0.97733544        3.400864         3.400864       3.3161908       3.3161908
              4       5.4056866       1.1106813       1.0538887        3.400864         3.400864       4.0096452       4.0096452
              3       5.4675906      0.70769872      0.84124831        3.400864         3.400864       4.1334533       4.1334533
              2       5.2189406      0.78278777      0.88475294        3.400864         3.400864       3.6361533       3.6361533
              1       5.2627037       1.0675036       1.0332006        3.400864         3.400864       3.7236794       3.7236794
              2       5.5878697       1.1545799       1.0745138        3.400864         3.400864       4.3740115       4.3740115
              3       6.0911285       1.2467444       1.1165771        3.400864         3.400864       5.3805289       5.3805289
              1       5.0917781      0.84750025      0.92059777        3.400864         3.400864       3.3818282       3.3818282
              3       5.2221866      0.78153945       0.8840472        3.400864         3.400864       3.6426453       3.6426453
              7       5.1961629      0.79189695      0.88988592        3.400864         3.400864       3.5905978       3.5905978
              4       5.2002772      0.79020319      0.88893374        3.400864         3.400864       3.5988265       3.5988265
              1        5.412334       1.1124566       1.0547306        3.400864         3.400864       4.0229401       4.0229401
              1       5.2532995         1.06422       1.0316104        3.400864         3.400864        3.704871        3.704871
              3       5.1098704      0.99921345      0.99960665        3.400864         3.400864       3.4180128       3.4180128
              2       5.3520185       1.0957031       1.0467584        3.400864         3.400864       3.9023089       3.9023089
              2       5.0522229      0.94447779      0.97184247        3.400864         3.400864       3.3027179       3.3027179
              2         5.33744      0.74291871      0.86192732        3.400864         3.400864       3.8731521       3.8731521
              1       5.3266347      0.74616857      0.86381049        3.400864         3.400864       3.8515413       3.8515413
              1       6.0198825       1.2353232       1.1114509        3.400864         3.400864       5.2380371       5.2380371
              1       5.5713731      0.68338624      0.82667179        3.400864         3.400864       4.3410181       4.3410181
              2       6.3672613      0.54663207       0.7393457        3.400864         3.400864       5.9327946       5.9327946
              2       5.1135954       1.0015376       1.0007685        3.400864         3.400864       3.4254629       3.4254629
              2       5.1098346      0.83514004      0.91385997        3.400864         3.400864       3.4179412       3.4179412
              1       5.0622903      0.87484138      0.93532956        3.400864         3.400864       3.3228526       3.3228526
              2        5.181989       1.0364148       1.0180446        3.400864         3.400864         3.56225         3.56225
              2       5.4024344      0.72452404      0.85118978        3.400864         3.400864       4.0031408       4.0031408
              1       5.2860874        1.075373       1.0370019        3.400864         3.400864       3.7704469       3.7704469
              1       5.1068994      0.99731143      0.99865481        3.400864         3.400864       3.4120709       3.4120709
              1        5.406879        1.111001       1.0540403        3.400864         3.400864         4.01203         4.01203
              3       5.1512316      0.81215742      0.90119777        3.400864         3.400864       3.5007352       3.5007352
              2       5.5268912       0.6934829      0.83275621        3.400864         3.400864       4.2520545       4.2520545
              3       5.3127255      0.75044515      0.86628237        3.400864         3.400864       3.8237231       3.8237231
              1       5.0767752      0.85975998      0.92723243        3.400864         3.400864       3.3518223       3.3518223
              3       6.0502828       0.5940849      0.77076903        3.400864         3.400864       5.2988377       5.2988377
              4       5.1167196       1.0034387       1.0017178        3.400864         3.400864       3.4317111       3.4317111
              1       5.2003041       1.0441386        1.021831        3.400864         3.400864       3.5988802       3.5988802
              3       5.0699737      0.96804901      0.98389482        3.400864         3.400864       3.3382193       3.3382193
              1       5.0671204      0.96504933      0.98236924        3.400864         3.400864       3.3325129       3.3325129
              3       5.0463506      0.92883611      0.96376144        3.400864         3.400864       3.2909732       3.2909732
              1       5.5548551      0.68708383       0.8289052        3.400864         3.400864       4.3079823       4.3079823
              1       5.7177419      0.65287176       0.8080048        3.400864         3.400864       4.6337559       4.6337559
              1       5.4549165      0.71086402      0.84312753        3.400864         3.400864       4.1081051       4.1081051
              1        5.344988      0.74068407      0.86063004        3.400864         3.400864       3.8882479       3.8882479
              2       5.4865126      0.70306008      0.83848678        3.400864         3.400864       4.1712973       4.1712973
              1       6.0770929      0.58980493      0.76798758        3.400864         3.400864       5.3524579       5.3524579
              1       5.2303605      0.77844572      0.88229571        3.400864         3.400864       3.6589931       3.6589931
              1       5.4264202       1.1161662       1.0564877        3.400864         3.400864       4.0511125       4.0511125
              1       5.6911561       1.1761839       1.0845201        3.400864         3.400864       4.5805842       4.5805842
              3       6.0957467      0.58685975      0.76606772        3.400864         3.400864       5.3897655       5.3897655
              1        6.218809      0.56805198      0.75369223        3.400864         3.400864         5.63589         5.63589
              1       5.1182767      0.82996015      0.91102149        3.400864         3.400864       3.4348254       3.4348254
              6        5.144951       1.0190208       1.0094656        3.400864         3.400864       3.4881739       3.4881739
              1       5.1343143       1.0134465       1.0067008        3.400864         3.400864       3.4669006       3.4669006
              7       5.3930383      0.72707321      0.85268588        3.400864         3.400864       3.9843487       3.9843487
              2       5.2662239      0.76561647      0.87499512        3.400864         3.400864       3.7307199       3.7307199
              1       5.0843724      0.98107362      0.99049161        3.400864         3.400864       3.3670169       3.3670169
              5       5.1972447       0.7914494      0.88963442        3.400864         3.400864       3.5927614       3.5927614
              2        5.423394      0.71895574      0.84791258        3.400864         3.400864       4.0450601       4.0450601
              2       5.0455175      0.92421485      0.96136094        3.400864         3.400864        3.289307        3.289307
              4       5.1157008       1.0028234       1.0014107        3.400864         3.400864       3.4296736       3.4296736
              1       5.8740335       1.2105592       1.1002541        3.400864         3.400864        4.946339        4.946339
              1        5.046032      0.90701068      0.95237108        3.400864         3.400864        3.290336        3.290336
              1       5.1943831      0.79263676       0.8903015        3.400864         3.400864       3.5870383       3.5870383
              3       5.1767995       1.0341336       1.0169236        3.400864         3.400864        3.551871        3.551871
              1       5.0998652      0.84171365      0.91744954        3.400864         3.400864       3.3980023       3.3980023
              4       5.2449042      0.77310529      0.87926406        3.400864         3.400864       3.6880805       3.6880805
              5       5.1202852       1.0055583       1.0027753        3.400864         3.400864       3.4388423       3.4388423
              5       5.0670411       0.9649633      0.98232546        3.400864         3.400864       3.3323543       3.3323543
              4       5.1313256      0.82250965      0.90692318        3.400864         3.400864       3.4609233       3.4609233
              1       5.2022483       1.0449311       1.0222187        3.400864         3.400864       3.6027686       3.6027686
              3       5.1115085       1.0002435       1.0001218        3.400864         3.400864       3.4212891       3.4212891
              2       5.5095629      0.69754175      0.83518965        3.400864         3.400864       4.2173979       4.2173979
              3       5.1075218      0.99771359      0.99885614        3.400864         3.400864       3.4133156       3.4133156
              1       5.3925915      0.72719529      0.85275746        3.400864         3.400864        3.983455        3.983455
              2       5.0472177      0.90212413      0.94980215        3.400864         3.400864       3.2927074       3.2927074
              4       5.2474515       1.0621406       1.0306021        3.400864         3.400864        3.693175        3.693175
              2       5.1029779      0.99472951      0.99736127        3.400864         3.400864       3.4042279       3.4042279
              4       7.3967953       1.4113295       1.1879939        3.400864         3.400864       7.9918626       7.9918626
              4       5.0760799      0.97393852      0.98688324        3.400864         3.400864       3.3504317       3.3504317
              1           5.341      0.74186121      0.86131365        3.400864         3.400864       3.8802719       3.8802719
              5       5.3901311       1.1064619       1.0518849        3.400864         3.400864       3.9785341       3.9785341
              5       5.0743833       0.8619656      0.92842103        3.400864         3.400864       3.3470386       3.3470386
              2       5.0450391      0.91700993      0.95760636        3.400864         3.400864       3.2883503       3.2883503
              1       5.4885426       1.1317624       1.0638432        3.400864         3.400864       4.1753573       4.1753573
              1       6.3043504      0.55555442      0.74535523        3.400864         3.400864       5.8069728       5.8069728
              1       5.0562494      0.95128376      0.97533777        3.400864         3.400864       3.3107708       3.3107708
              4       5.5427497        1.144499       1.0698126        3.400864         3.400864       4.2837715       4.2837715
              1       5.4522663       1.1227988        1.059622        3.400864         3.400864       4.1028046       4.1028046
              4       5.0729836      0.97103271      0.98540992        3.400864         3.400864       3.3442393       3.3442393
              2       6.0853799       1.2458376       1.1161709        3.400864         3.400864       5.3690319       5.3690319
              1       5.8728968        1.210358       1.1001627        3.400864         3.400864       4.9440657       4.9440657
              1       6.4360134       1.2972101       1.1389513        3.400864         3.400864       6.0702989       6.0702989
              1       6.1413432       1.2545619       1.1200723        3.400864         3.400864       5.4809584       5.4809584
              3       6.9215486      0.47574699      0.68974415        3.400864         3.400864       7.0413693       7.0413693
              1       6.7324846      0.49857436      0.70609798        3.400864         3.400864       6.6632411       6.6632411
              1       5.0902432      0.84865371      0.92122403        3.400864         3.400864       3.3787583       3.3787583
              2       6.0332932      0.59682673      0.77254561        3.400864         3.400864       5.2648584       5.2648584
              2        6.459373      0.53394287      0.73071394        3.400864         3.400864       6.1170181       6.1170181
              2       5.3890028      0.72817861      0.85333382        3.400864         3.400864       3.9762776       3.9762776
              2         5.57336       1.1513854       1.0730263        3.400864         3.400864       4.3449921       4.3449921
              4       5.6965883       1.1772704       1.0850209        3.400864         3.400864       4.5914487       4.5914487
              1        5.484123      0.70364033      0.83883272        3.400864         3.400864       4.1665181       4.1665181
              1       6.1121201       1.2500347       1.1180495        3.400864         3.400864       5.4225121       5.4225121
              3       5.2181243      0.78310353      0.88493137        3.400864         3.400864       3.6345207       3.6345207
              1       5.6150617      0.67387715      0.82090021        3.400864         3.400864       4.4283954       4.4283954
              2       5.0560839       0.8832999      0.93984036        3.400864         3.400864       3.3104398       3.3104398
              4       5.1191067       1.0048634       1.0024288        3.400864         3.400864       3.4364854       3.4364854
              2       5.0985283      0.99169158      0.99583713        3.400864         3.400864       3.3953285       3.3953285
              2        5.177581         1.03448       1.0170939        3.400864         3.400864        3.553434        3.553434
              4       5.2671538      0.76529824      0.87481326        3.400864         3.400864       3.7325796       3.7325796
              1       5.4490718      0.71234021      0.84400249        3.400864         3.400864       4.0964156       4.0964156
              1       5.2688814      0.76470878      0.87447629        3.400864         3.400864       3.7360348       3.7360348
              2       5.0453684      0.92301464      0.96073651        3.400864         3.400864       3.2890088       3.2890088
              9       5.1106367      0.99969691      0.99984844        3.400864         3.400864       3.4195454       3.4195454
              1         5.60978      0.67500691      0.82158804        3.400864         3.400864        4.417832        4.417832
              2       5.4709135      0.70687673      0.84075961        3.400864         3.400864        4.140099        4.140099
              1       5.0975075      0.99097706       0.9954783        3.400864         3.400864        3.393287        3.393287
              1       5.0633683       0.9607918      0.98019988        3.400864         3.400864       3.3250086       3.3250086
              4       5.7254027       1.1829597       1.0876395        3.400864         3.400864       4.6490773       4.6490773
              3       5.4631626       1.1255317       1.0609108        3.400864         3.400864       4.1245972       4.1245972
              1        5.051198      0.94245447      0.97080094        3.400864         3.400864       3.3006679       3.3006679
              1       5.0462493      0.90595443      0.95181638        3.400864         3.400864       3.2907706       3.2907706
              1       5.0454788      0.92392394      0.96120962        3.400864         3.400864       3.2892296       3.2892296
              1       5.8860002      0.62166162      0.78845521        3.400864         3.400864       4.9702725       4.9702725
              1       5.4586606      0.70992393      0.84256984        3.400864         3.400864       4.1155932       4.1155932
              2       5.9004747       1.2152014       1.1023618        3.400864         3.400864       4.9992215       4.9992215
              3       6.3679875       1.2878005        1.134813        3.400864         3.400864       5.9342469       5.9342469
              1         5.38946       1.1062778       1.0517974        3.400864         3.400864       3.9771921       3.9771921
              1       5.0797932      0.97723845      0.98855371        3.400864         3.400864       3.3578585       3.3578585
              2       5.6086534      0.67524856      0.82173509        3.400864         3.400864       4.4155789       4.4155789
              2       5.7036028      0.65566402      0.80973083        3.400864         3.400864       4.6054777       4.6054777
              3       5.3316699       1.0896843       1.0438794        3.400864         3.400864       3.8616118       3.8616118
              3       5.3419596      0.74157723      0.86114878        3.400864         3.400864       3.8821912       3.8821912
              2       5.2300613       1.0557731       1.0275082        3.400864         3.400864       3.6583946       3.6583946
              2       6.0031651      0.60174747      0.77572384        3.400864         3.400864       5.2046021       5.2046021
              1       5.0455581      0.92450826      0.96151353        3.400864         3.400864       3.2893883       3.2893883
              3       5.5177873       1.1387248       1.0671105        3.400864         3.400864       4.2338467       4.2338467
              2       5.0672532       0.9651931      0.98244242        3.400864         3.400864       3.3327785       3.3327785
              1       5.8508156       1.2064214       1.0983722        3.400864         3.400864       4.8999032       4.8999032
              1       5.0968778      0.84379807      0.91858482        3.400864         3.400864       3.3920275       3.3920275
              1       7.2176148      0.44219942      0.66498076        3.400864         3.400864       7.6335016       7.6335016
              5       7.7232712      0.38981515      0.62435179        3.400864         3.400864       8.6448145       8.6448145
              2       5.9206072      0.61564269      0.78462901        3.400864         3.400864       5.0394864       5.0394864
              3       5.3477954      0.73986009       0.8601512        3.400864         3.400864       3.8938628       3.8938628
              1       5.1032848      0.83939618      0.91618567        3.400864         3.400864       3.4048416       3.4048416
              1       5.0596738      0.95614791      0.97782816        3.400864         3.400864       3.3176196       3.3176196
              2       5.0452613      0.91235997      0.95517536        3.400864         3.400864       3.2887946       3.2887946
              1       5.3499759      0.73922273      0.85978063        3.400864         3.400864       3.8982239       3.8982239
              1       5.9864483      0.60451118      0.77750317        3.400864         3.400864       5.1711687       5.1711687
              3       5.3203899      0.74807524      0.86491343        3.400864         3.400864       3.8390518       3.8390518
              2       5.1478501        1.020488       1.0101921        3.400864         3.400864       3.4939723       3.4939723
              3       5.0728965      0.97094863      0.98536726        3.400864         3.400864        3.344065        3.344065
              1       5.4457968       1.1211588       1.0588479        3.400864         3.400864       4.0898655       4.0898655
              1       5.2720272       1.0706896       1.0347413        3.400864         3.400864       3.7423263       3.7423263
              3       5.2248542      0.78052212      0.88347163        3.400864         3.400864       3.6479803       3.6479803
              3       5.0662042      0.87028541      0.93289089        3.400864         3.400864       3.3306805       3.3306805
              1       5.3257439       1.0878916       1.0430204        3.400864         3.400864       3.8497598       3.8497598
              1        5.193196       1.0411982       1.0203912        3.400864         3.400864       3.5846641       3.5846641
             10       5.0928863      0.84667917      0.92015171        3.400864         3.400864       3.3840447       3.3840447
              6       5.0567542      0.88228742      0.93930156        3.400864         3.400864       3.3117804       3.3117804
              6       5.1313073      0.82251969      0.90692871        3.400864         3.400864       3.4608867       3.4608867
              1       5.1989576       1.0435869        1.021561        3.400864         3.400864       3.5961873       3.5961873
              3        5.149281       0.8131263      0.90173516        3.400864         3.400864        3.496834        3.496834
              1       5.1017024      0.99387097      0.99693078        3.400864         3.400864       3.4016768       3.4016768
              1       5.0511906       0.8918915      0.94440007        3.400864         3.400864       3.3006532       3.3006532
              2         5.46231      0.70901168      0.84202831        3.400864         3.400864        4.122892        4.122892
              1       5.5666727      0.68443244      0.82730432        3.400864         3.400864       4.3316175       4.3316175
              1       5.9527248       1.2241686       1.1064215        3.400864         3.400864       5.1037215       5.1037215
              3       6.8413567       1.3490489       1.1614857        3.400864         3.400864       6.8809854       6.8809854
              3       5.3843478      0.72946178      0.85408534        3.400864         3.400864       3.9669677       3.9669677
              1       5.5560015      0.68682529      0.82874923        3.400864         3.400864        4.310275        4.310275
              3       5.0740006      0.97200408      0.98590267        3.400864         3.400864       3.3462731       3.3462731
              2       5.2399408      0.77490533      0.88028707        3.400864         3.400864       3.6781536       3.6781536
              5       5.1801026       1.0355907       1.0176398        3.400864         3.400864       3.5584773       3.5584773
              1       5.6777478       1.1734822       1.0832738        3.400864         3.400864       4.5537675       4.5537675
              2       5.7599534        1.189625       1.0906993        3.400864         3.400864       4.7181789       4.7181789
              1       5.0735104      0.97153803      0.98566629        3.400864         3.400864       3.3452928       3.3452928
              1       5.2443155       1.0610132       1.0300549        3.400864         3.400864        3.686903        3.686903
              1        5.052626      0.94523359      0.97223124        3.400864         3.400864       3.3035241       3.3035241
              1       5.3482659       1.0946085       1.0462354        3.400864         3.400864       3.8948038       3.8948038
              9       5.0481803      0.89910465      0.94821129        3.400864         3.400864       3.2946326       3.2946326
              4       5.0633549       0.9607758      0.98019172        3.400864         3.400864       3.3249817       3.3249817
              1       5.0450389      0.91710082      0.95765381        3.400864         3.400864       3.2883499       3.2883499
              4       5.0472386      0.90205202      0.94976419        3.400864         3.400864       3.2927493       3.2927493
              1       5.0625274      0.87455145      0.93517456        3.400864         3.400864       3.3233269       3.3233269
              8        5.852715      0.62756869      0.79219233        3.400864         3.400864        4.903702        4.903702
              2         6.19743      0.57124596      0.75580815        3.400864         3.400864       5.5931319       5.5931319
              2       5.6451589       1.1667939       1.0801823        3.400864         3.400864       4.4885899       4.4885899
              1       5.6434217      0.66789853      0.81725059        3.400864         3.400864       4.4851153       4.4851153
              2        5.149765      0.81288507      0.90160139        3.400864         3.400864       3.4978019       3.4978019
              6       6.8165171       1.3460525        1.160195        3.400864         3.400864       6.8313063       6.8313063
              3       5.3576312       1.0973278       1.0475342        3.400864         3.400864       3.9135343       3.9135343
              1         5.63539       1.1647538       1.0792376        3.400864         3.400864       4.4690519       4.4690519
              2       6.2973887       1.2777755       1.1303873        3.400864         3.400864       5.7930494       5.7930494
              5       5.0494484      0.89576761         0.94645        3.400864         3.400864       3.2971688       3.2971688
              1       5.6342766       1.1645202       1.0791294        3.400864         3.400864       4.4668252       4.4668252
              1       5.0915224       0.8476911      0.92070142        3.400864         3.400864       3.3813167       3.3813167
              3       5.2310829       1.0561552       1.0276941        3.400864         3.400864       3.6604378       3.6604378
              3       5.1032084       0.8394472      0.91621351        3.400864         3.400864       3.4046889       3.4046889
              1        5.045623      0.92495357      0.96174507        3.400864         3.400864       3.2895181       3.2895181
              2       5.1105618      0.83468106      0.91360881        3.400864         3.400864       3.4193956       3.4193956
              2       5.1064438      0.99701574      0.99850676        3.400864         3.400864       3.4111597       3.4111597
              4       5.3527357       1.0959115       1.0468579        3.400864         3.400864       3.9037434       3.9037434
              1       5.3622781        1.098662       1.0481708        3.400864         3.400864       3.9228283       3.9228283
              1        5.409975       1.1118284       1.0544328        3.400864         3.400864        4.018222        4.018222
              2       5.4918916       1.1325711       1.0642233        3.400864         3.400864       4.1820552       4.1820552
              3       5.3140992      0.75001792      0.86603575        3.400864         3.400864       3.8264705       3.8264705
              1        5.550894       0.6879794      0.82944524        3.400864         3.400864         4.30006         4.30006
              2       5.7570076      0.64526774      0.80328559        3.400864         3.400864       4.7122873       4.7122873
              1       6.2152118       1.2657435       1.1250527        3.400864         3.400864       5.6286956       5.6286956
              1       5.3876306      0.72855597       0.8535549        3.400864         3.400864       3.9735331       3.9735331
              2       6.0911117      0.58758909       0.7665436        3.400864         3.400864       5.3804955       5.3804955
              1       5.2831329      0.75993039      0.87173986        3.400864         3.400864       3.7645379       3.7645379
              1       5.1889796       1.0394205       1.0195197        3.400864         3.400864       3.5762312       3.5762312
              2       5.0763751      0.97420784      0.98701968        3.400864         3.400864       3.3510221       3.3510221
              1       5.3408284      0.74191203      0.86134315        3.400864         3.400864       3.8799288       3.8799288
              7       5.3119674       1.0836494       1.0409848        3.400864         3.400864       3.8222069       3.8222069
              2       5.2252145       1.0539456       1.0266185        3.400864         3.400864        3.648701        3.648701
              2       5.0686374      0.86766408      0.93148488        3.400864         3.400864       3.3355467       3.3355467
              3       7.3153425       1.4026965       1.1843549        3.400864         3.400864       7.8289571       7.8289571
              3       7.4650308       1.4184473       1.1909858        3.400864         3.400864       8.1283336       8.1283336
              3       7.0969678       1.3787552       1.1742041        3.400864         3.400864       7.3922075       7.3922075
              2        5.169054      0.80368725      0.89648606        3.400864         3.400864         3.53638         3.53638
              1       6.4907856      0.52971053      0.72781215        3.400864         3.400864       6.1798432       6.1798432
              2       6.4617332       1.3007076       1.1404857        3.400864         3.400864       6.1217383       6.1217383
              1       5.2639001      0.76641469      0.87545113        3.400864         3.400864       3.7260722       3.7260722
              1       5.2728711      0.76335613      0.87370254        3.400864         3.400864       3.7440141       3.7440141
              1       5.2070028       1.0468488       1.0231563        3.400864         3.400864       3.6122777       3.6122777
              2       7.3323832      0.42981559      0.65560323        3.400864         3.400864       7.8630385       7.8630385
              4       5.6734139       1.1726028       1.0828679        3.400864         3.400864       4.5450999       4.5450999
