#        weight    minuslogpost              A2               A   minuslogprior minuslogprior__0            chi2   chi2__loglike
              1       5.2167776       1.3956155       1.1813617        3.400864         3.400864       3.6318271       3.6318271
              2       4.5866094       1.0293989        1.014593        3.400864         3.400864       2.3714909       2.3714909
              2       4.7573153      0.68425029      0.82719422        3.400864         3.400864       2.7129025       2.7129025
              1       4.5614898      0.96100793      0.98031012        3.400864         3.400864       2.3212517       2.3212517
              1       4.6045873      0.81601288      0.90333431        3.400864         3.400864       2.4074466       2.4074466
              1       4.5682679      0.88340925      0.93989853        3.400864         3.400864       2.3348078       2.3348078
              1       4.5706707      0.87655123      0.93624315        3.400864         3.400864       2.3396134       2.3396134
              3        4.567216      0.98575595      0.99285243        3.400864         3.400864       2.3327041       2.3327041
              2       4.9429174      0.58538565      0.76510499        3.400864         3.400864       3.0841068       3.0841068
              1        5.271705      0.45803783      0.67678492        3.400864         3.400864        3.741682        3.741682
              1         4.77668      0.67219988      0.81987797        3.400864         3.400864        2.751632        2.751632
              1       4.9005141      0.60535875      0.77804804        3.400864         3.400864       2.9993002       2.9993002
              1       5.1393416      0.50476168      0.71046582        3.400864         3.400864       3.4769552       3.4769552
              1       5.2413535      0.46833934      0.68435322        3.400864         3.400864       3.6809791       3.6809791
              1       6.7485271     0.097846615      0.31280444        3.400864         3.400864       6.6953262       6.6953262
              1        5.263661       0.4607463      0.67878295        3.400864         3.400864        3.725594        3.725594
              1       5.5049662      0.38525846      0.62069192        3.400864         3.400864       4.2082045       4.2082045
              1       5.8746461      0.28640184      0.53516524        3.400864         3.400864       4.9475642       4.9475642
              1       4.8225776      0.64562735       0.8035094        3.400864         3.400864       2.8434272       2.8434272
              2       4.6290726      0.78684975      0.88704552        3.400864         3.400864       2.4564173       2.4564173
              1       4.6752328      0.74352125      0.86227679        3.400864         3.400864       2.5487375       2.5487375
              3       4.6118787      0.80664052      0.89813168        3.400864         3.400864       2.4220294       2.4220294
              2       4.6075823       1.0603879       1.0297514        3.400864         3.400864       2.4134366       2.4134366
              4       4.9320094      0.59041337      0.76838361        3.400864         3.400864       3.0622909       3.0622909
              2       5.2921465      0.45122312      0.67173144        3.400864         3.400864       3.7825651       3.7825651
              3       4.8088419      0.65331784      0.80828079        3.400864         3.400864       2.8159559       2.8159559
              1       5.1861284       0.4876896      0.69834776        3.400864         3.400864       3.5705288       3.5705288
              2       6.4951303      0.14786524       0.3845325        3.400864         3.400864       6.1885327       6.1885327
              1       4.7463895      0.69131072      0.83145097        3.400864         3.400864        2.691051        2.691051
              3       4.9577145       0.5786783      0.76070908        3.400864         3.400864        3.113701        3.113701
              1       6.0382366      0.24716771      0.49715964        3.400864         3.400864       5.2747453       5.2747453
              2       4.7107054        1.156524       1.0754181        3.400864         3.400864       2.6196827       2.6196827
              1       4.6128223       1.0669887       1.0329515        3.400864         3.400864       2.4239167       2.4239167
              1       4.7641805        1.192552       1.0920403        3.400864         3.400864        2.726633        2.726633
              1       5.4177106      0.41130028      0.64132697        3.400864         3.400864       4.0336932       4.0336932
              2       4.5625729      0.90522322      0.95143219        3.400864         3.400864       2.3234177       2.3234177
              1       4.7693067       1.1957431       1.0935004        3.400864         3.400864       2.7368854       2.7368854
              1       4.6947232       1.1445504       1.0698366        3.400864         3.400864       2.5877184       2.5877184
              2       6.8337587     0.081680262      0.28579759        3.400864         3.400864       6.8657894       6.8657894
              1       6.4959913      0.14768993      0.38430447        3.400864         3.400864       6.1902546       6.1902546
              3       4.5596998      0.92998512      0.96435736        3.400864         3.400864       2.3176717       2.3176717
              1       6.2120367       1.6646689       1.2902205        3.400864         3.400864       5.6223454       5.6223454
              1       6.2670531      0.19576961      0.44245859        3.400864         3.400864       5.7323782       5.7323782
              1       5.7071478      0.32919484      0.57375504        3.400864         3.400864       4.6125677       4.6125677
              1        5.050009      0.53939299      0.73443379        3.400864         3.400864       3.2982901       3.2982901
              1       5.1369574      0.50564976      0.71109054        3.400864         3.400864       3.4721869       3.4721869
              3       4.5935493      0.83178935      0.91202486        3.400864         3.400864       2.3853707       2.3853707
              1       5.3547838       0.4309133      0.65643987        3.400864         3.400864       3.9078397       3.9078397
              2       7.1981614     0.015758435      0.12553261        3.400864         3.400864       7.5945948       7.5945948
              2       5.4015251       0.4162743      0.64519323        3.400864         3.400864       4.0013222       4.0013222
              2        4.579703      0.85584475      0.92511878        3.400864         3.400864        2.357678        2.357678
              1       5.1446356      0.50279622      0.70908125        3.400864         3.400864       3.4875431       3.4875431
              1       4.8911269      0.60994562      0.78099015        3.400864         3.400864       2.9805258       2.9805258
              3       5.4898031       1.4827705       1.2176906        3.400864         3.400864       4.1778782       4.1778782
              1       5.6806429       1.5362193       1.2394431        3.400864         3.400864       4.5595579       4.5595579
              1       4.9257374      0.59333764      0.77028413        3.400864         3.400864       3.0497469       3.0497469
              1       4.6108581       1.0645542       1.0317724        3.400864         3.400864       2.4199883       2.4199883
              1       4.5646689      0.97666351      0.98826287        3.400864         3.400864       2.3276099       2.3276099
              3       5.9713688        1.609537       1.2686753        3.400864         3.400864       5.1410096       5.1410096
              1       4.8563718       1.2449446       1.1157709        3.400864         3.400864       2.9110156       2.9110156
              2       4.6036213      0.81730998      0.90405198        3.400864         3.400864       2.4055146       2.4055146
              3       4.5609966      0.91489193      0.95649983        3.400864         3.400864       2.3202652       2.3202652
              2        4.666214      0.75118762      0.86671081        3.400864         3.400864       2.5306999       2.5306999
             11       5.1745464      0.49185468      0.70132352        3.400864         3.400864       3.5473648       3.5473648
              1       4.6181976      0.79903501      0.89388758        3.400864         3.400864       2.4346673       2.4346673
              2       4.8470953      0.63238355      0.79522547        3.400864         3.400864       2.8924626       2.8924626
              2       5.8627708       1.5831228       1.2582221        3.400864         3.400864       4.9238136       4.9238136
              2       6.5386147       1.7334067        1.316589        3.400864         3.400864       6.2755015       6.2755015
              6       5.2466815       1.4059507       1.1857279        3.400864         3.400864        3.691635        3.691635
              1       4.7331497        1.172316       1.0827354        3.400864         3.400864       2.6645714       2.6645714
              1       4.5662384      0.88998744      0.94339146        3.400864         3.400864       2.3307488       2.3307488
              3       5.1187518      0.51249261      0.71588589        3.400864         3.400864       3.4357755       3.4357755
              1       4.6277059      0.78832594      0.88787721        3.400864         3.400864       2.4536839       2.4536839
              3       4.5626782      0.96778261      0.98375943        3.400864         3.400864       2.3236283       2.3236283
              4       4.5597499      0.92880904      0.96374739        3.400864         3.400864       2.3177718       2.3177718
              1       4.9289613      0.59183145      0.76930583        3.400864         3.400864       3.0561945       3.0561945
              2       4.8009236       1.2146176       1.1020969        3.400864         3.400864       2.8001193       2.8001193
              1       5.4716966      0.39504011      0.62852216        3.400864         3.400864       4.1416651       4.1416651
              3       4.9854955        0.566414      0.75260481        3.400864         3.400864        3.169263        3.169263
              4       6.7835886       1.7813065       1.3346559        3.400864         3.400864       6.7654492       6.7654492
              1        4.563631      0.90015848      0.94876682        3.400864         3.400864       2.3255339       2.3255339
              1       5.3169552      0.44307899      0.66564179        3.400864         3.400864       3.8321824       3.8321824
              8       4.6147152       1.0692926       1.0340661        3.400864         3.400864       2.4277023       2.4277023
              1       4.7161065      0.71203939      0.84382426        3.400864         3.400864       2.6304851       2.6304851
              2       5.1266241       1.3629451       1.1674524        3.400864         3.400864       3.4515202       3.4515202
              6       6.2456718        1.672045       1.2930758        3.400864         3.400864       5.6896155       5.6896155
              5       4.5683274      0.98923655      0.99460372        3.400864         3.400864       2.3349268       2.3349268
              1       4.9492789      0.58248648      0.76320802        3.400864         3.400864       3.0968298       3.0968298
              1       5.1094724       1.3564421       1.1646639        3.400864         3.400864       3.4172167       3.4172167
              2       5.4290354       1.4646175       1.2102138        3.400864         3.400864       4.0563429       4.0563429
              1       5.7041204       0.3299961      0.57445287        3.400864         3.400864       4.6065128       4.6065128
              5       4.8973468      0.60689925      0.77903739        3.400864         3.400864       2.9929656       2.9929656
              2       4.5953475      0.82906081      0.91052777        3.400864         3.400864        2.388967        2.388967
              1       4.7042266      0.72071495      0.84894932        3.400864         3.400864       2.6067253       2.6067253
              2       5.4762247      0.39369842      0.62745391        3.400864         3.400864       4.1507214       4.1507214
              7       4.6108365      0.80793814      0.89885379        3.400864         3.400864       2.4199451       2.4199451
              4       4.6310558       1.0877321        1.042944        3.400864         3.400864       2.4603837       2.4603837
              2       4.5776656      0.86002255      0.92737401        3.400864         3.400864       2.3536031       2.3536031
              2       4.5854467      0.84509231      0.91928902        3.400864         3.400864       2.3691653       2.3691653
              3       5.3766685       1.4484582       1.2035191        3.400864         3.400864        3.951609        3.951609
              1       6.0980474       1.6390956       1.2802717        3.400864         3.400864       5.3943668       5.3943668
              1       5.7154476       0.3270036      0.57184229        3.400864         3.400864       4.6291673       4.6291673
              2       5.9745278      0.26217553      0.51203079        3.400864         3.400864       5.1473276       5.1473276
              3       4.6200069       0.7969338      0.89271149        3.400864         3.400864       2.4382858       2.4382858
              1       4.6662984        1.121351       1.0589386        3.400864         3.400864       2.5308688       2.5308688
              2       4.6595033       1.1153606       1.0561063        3.400864         3.400864       2.5172785       2.5172785
              1       4.9796348      0.56896721      0.75429915        3.400864         3.400864       3.1575416       3.1575416
              2       5.6230345      0.35186516      0.59318223        3.400864         3.400864       4.4443411       4.4443411
              1       4.6525107       0.7634859       0.8737768        3.400864         3.400864       2.5032935       2.5032935
              2       4.5633215       0.9709024       0.9853438        3.400864         3.400864       2.3249151       2.3249151
              2       4.8224883       1.2267887       1.1076049        3.400864         3.400864       2.8432486       2.8432486
              3       5.8740219       1.5859093       1.2593289        3.400864         3.400864       4.9463157       4.9463157
              1       4.6486774       1.1053791       1.0513701        3.400864         3.400864       2.4956268       2.4956268
              2        5.134286      0.50664703      0.71179142        3.400864         3.400864        3.466844        3.466844
              1       4.6977844      0.72556887       0.8518033        3.400864         3.400864       2.5938409       2.5938409
              2       4.5797543      0.85574233      0.92506342        3.400864         3.400864       2.3577806       2.3577806
              2       4.7097474       1.1558247       1.0750929        3.400864         3.400864       2.6177669       2.6177669
              1       4.7574322       1.1882896        1.090087        3.400864         3.400864       2.7131364       2.7131364
              6       4.5609604      0.91516626      0.95664322        3.400864         3.400864       2.3201927       2.3201927
              1       4.6044447       1.0562619        1.027746        3.400864         3.400864       2.4071615       2.4071615
              2       4.5630131      0.90302194      0.95027467        3.400864         3.400864       2.3242982       2.3242982
              5        4.570559      0.87685248      0.93640401        3.400864         3.400864         2.33939         2.33939
              1       5.1725738      0.49256795      0.70183185        3.400864         3.400864       3.5434196       3.5434196
              2       6.2242578      0.20510779      0.45288828        3.400864         3.400864       5.6467876       5.6467876
              1       6.2342281      0.20292158      0.45046818        3.400864         3.400864       5.6667283       5.6667283
              2       4.6099611      0.80903843      0.89946564        3.400864         3.400864       2.4181942       2.4181942
              2       5.3667649      0.42712081      0.65354481        3.400864         3.400864       3.9318018       3.9318018
              2        5.169711      0.49360516      0.70257039        3.400864         3.400864       3.5376941       3.5376941
              1       4.5733845       1.0028158       1.0014069        3.400864         3.400864       2.3450411       2.3450411
              1       4.5686674      0.99025685       0.9951165        3.400864         3.400864       2.3356069       2.3356069
              2       4.7661181      0.67870251      0.82383403        3.400864         3.400864       2.7305082       2.7305082
              2       5.0428034      0.54231907      0.73642316        3.400864         3.400864       3.2838788       3.2838788
              7       6.1353648       1.6475689       1.2835766        3.400864         3.400864       5.4690017       5.4690017
              1       5.2783552       0.4558102      0.67513717        3.400864         3.400864       3.7549825       3.7549825
              4       5.7632157        1.557923       1.2481678        3.400864         3.400864       4.7247034       4.7247034
              3       6.3677447        1.698216       1.3031562        3.400864         3.400864       5.9337614       5.9337614
              2       4.5754087       1.0075299       1.0037579        3.400864         3.400864       2.3490895       2.3490895
              4       5.4740221      0.39435062      0.62797343        3.400864         3.400864       4.1463163       4.1463163
              2       5.9346889       1.6007328       1.2652007        3.400864         3.400864       5.0676499       5.0676499
              1       4.6663766       1.1214188       1.0589706        3.400864         3.400864       2.5310251       2.5310251
              2       4.8592354       1.2464304       1.1164365        3.400864         3.400864       2.9167428       2.9167428
              1       4.8409504       1.2368173       1.1121229        3.400864         3.400864       2.8801729       2.8801729
              1       6.8567127       1.7950869       1.3398085        3.400864         3.400864       6.9116974       6.9116974
              5       6.6551697       1.7565456       1.3253474        3.400864         3.400864       6.5086113       6.5086113
              2       5.0392282       1.3286864       1.1526866        3.400864         3.400864       3.2767284       3.2767284
              1       4.8799141       1.2569548         1.12114        3.400864         3.400864       2.9581001       2.9581001
              3       5.2969442       1.4228278       1.1928235        3.400864         3.400864       3.7921604       3.7921604
              2       5.3353792      0.43711678      0.66114808        3.400864         3.400864       3.8690305       3.8690305
              1       4.9726532      0.57203207      0.75632802        3.400864         3.400864       3.1435784       3.1435784
              1       4.6732003       1.1272433       1.0617171        3.400864         3.400864       2.5446726       2.5446726
              1       5.2224812       0.4748607      0.68910137        3.400864         3.400864       3.6432344       3.6432344
              1       5.3867822       1.4516186       1.2048313        3.400864         3.400864       3.9718364       3.9718364
              1       5.2810948      0.45489551      0.67445942        3.400864         3.400864       3.7604617       3.7604617
              1       4.5820174      0.85134801      0.92268522        3.400864         3.400864       2.3623068       2.3623068
              1       4.6428776      0.77268399      0.87902445        3.400864         3.400864       2.4840273       2.4840273
              1       4.5597638      0.94395132      0.97157157        3.400864         3.400864       2.3177997       2.3177997
              1        5.345198       1.4384971       1.1993736        3.400864         3.400864       3.8886681       3.8886681
              2       5.3930064       1.4535539       1.2056343        3.400864         3.400864       3.9842849       3.9842849
              1       4.6598423      0.75680118       0.8699432        3.400864         3.400864       2.5179565       2.5179565
              1        5.781578      0.30981819      0.55661314        3.400864         3.400864       4.7614279       4.7614279
              1        4.805008       1.2169633       1.1031606        3.400864         3.400864        2.808288        2.808288
              3       5.2593702        1.410268       1.1875471        3.400864         3.400864       3.7170125       3.7170125
              1       4.6165488        1.071487       1.0351266        3.400864         3.400864       2.4313696       2.4313696
              3       4.5674508      0.88595397      0.94125128        3.400864         3.400864       2.3331737       2.3331737
              1       4.8905171       1.2622196       1.1234855        3.400864         3.400864       2.9793063       2.9793063
              2       5.2175299       1.3958784        1.181473        3.400864         3.400864       3.6333318       3.6333318
              2       4.5888423      0.83929491       0.9161304        3.400864         3.400864       2.3759566       2.3759566
              2       4.8262587       1.2288647       1.1085417        3.400864         3.400864       2.8507895       2.8507895
              1       4.5893046       1.0339332       1.0168251        3.400864         3.400864       2.3768812       2.3768812
              1         4.67661       1.1300882       1.0630561        3.400864         3.400864       2.5514921       2.5514921
              1        5.291318       1.4209679       1.1920436        3.400864         3.400864       3.7809079       3.7809079
              3       5.2670743       1.4128702       1.1886422        3.400864         3.400864       3.7324206       3.7324206
              1       5.7892682      0.30785021      0.55484251        3.400864         3.400864       4.7768085       4.7768085
              1       4.8453899        0.633286      0.79579269        3.400864         3.400864       2.8890518       2.8890518
              2       4.6821924      0.73780763      0.85895729        3.400864         3.400864       2.5626568       2.5626568
              2       6.1585242       1.6527771       1.2856038        3.400864         3.400864       5.5153205       5.5153205
              8       4.5595869      0.93789733      0.96845099        3.400864         3.400864       2.3174458       2.3174458
              6       4.7415538       1.1779639       1.0853405        3.400864         3.400864       2.6813797       2.6813797
              2       4.6339987       1.0908194        1.044423        3.400864         3.400864       2.4662694       2.4662694
              2       4.8514502      0.63009105      0.79378275        3.400864         3.400864       2.9011724       2.9011724
              2       5.3325973      0.43801246       0.6618251        3.400864         3.400864       3.8634667       3.8634667
              1       4.9333874       1.2826911       1.1325596        3.400864         3.400864       3.0650468       3.0650468
              1       5.0094766         1.31632       1.1473099        3.400864         3.400864       3.2172252       3.2172252
              2       5.0409148       1.3293758       1.1529856        3.400864         3.400864       3.2801017       3.2801017
              2        5.794334       1.5659081       1.2513625        3.400864         3.400864       4.7869399       4.7869399
              2       5.0114425       1.3171496       1.1476714        3.400864         3.400864       3.2211571       3.2211571
              1       5.2572869       1.4095619       1.1872497        3.400864         3.400864       3.7128458       3.7128458
              1       4.7794139      0.67054266       0.8188667        3.400864         3.400864       2.7570997       2.7570997
              1       4.5601672      0.92248094      0.96045872        3.400864         3.400864       2.3186064       2.3186064
              1       4.8952778       1.2645559       1.1245247        3.400864         3.400864       2.9888276       2.9888276
              2       4.7935039      0.66216041       0.8137324        3.400864         3.400864       2.7852797       2.7852797
              3        4.560828      0.91620033      0.95718354        3.400864         3.400864        2.319928        2.319928
              2       5.0286324      0.54813795      0.74036339        3.400864         3.400864       3.2555369       3.2555369
              1       6.3065493       1.6852107       1.2981567        3.400864         3.400864       5.8113706       5.8113706
              1       4.8592055      0.62605046      0.79123351        3.400864         3.400864       2.9166831       2.9166831
              1        5.068092       1.3403222       1.1577229        3.400864         3.400864        3.334456        3.334456
              4        4.902826      0.60423882        0.777328        3.400864         3.400864       3.0039239       3.0039239
              1       4.6333743      0.78229578      0.88447486        3.400864         3.400864       2.4650206       2.4650206
              2       4.6817704        1.134316       1.0650427        3.400864         3.400864       2.5618128       2.5618128
              3       4.8581343      0.62660545      0.79158414        3.400864         3.400864       2.9145406       2.9145406
              1       4.9914977       1.3086481       1.1439616        3.400864         3.400864       3.1812675       3.1812675
              2       4.9240591        1.278341       1.1306374        3.400864         3.400864       3.0463902       3.0463902
              1       5.4331216       1.4658577       1.2107261        3.400864         3.400864       4.0645153       4.0645153
              2       4.9466573        1.288787       1.1352476        3.400864         3.400864       3.0915867       3.0915867
              6       7.7787259       1.9529417       1.3974769        3.400864         3.400864       8.7557238       8.7557238
              2       6.7459129        1.774118       1.3319602        3.400864         3.400864       6.6900979       6.6900979
              2       4.5828784       0.8497348      0.92181061        3.400864         3.400864       2.3640289       2.3640289
              1        4.772808       1.1979004       1.0944863        3.400864         3.400864        2.743888        2.743888
              3       4.7765885       1.2002098       1.0955409        3.400864         3.400864       2.7514491       2.7514491
              4       5.1311266       1.3646359       1.1681763        3.400864         3.400864       3.4605252       3.4605252
              2       4.8145226       1.2223532       1.1056008        3.400864         3.400864       2.8273173       2.8273173
              5       4.6367756      0.77878822      0.88248978        3.400864         3.400864       2.4718232       2.4718232
              4       4.9978453      0.56109071      0.74905988        3.400864         3.400864       3.1939627       3.1939627
              1       5.1726711      0.49253273      0.70180676        3.400864         3.400864       3.5436143       3.5436143
              1       5.5580309      0.37000644      0.60828155        3.400864         3.400864       4.3143339       4.3143339
              1       5.4588487       1.4736002       1.2139193        3.400864         3.400864       4.1159694       4.1159694
              2        5.609975        1.517001        1.231666        3.400864         3.400864       4.4182221       4.4182221
              4       4.7389961       0.6962063      0.83438978        3.400864         3.400864       2.6762641       2.6762641
              3       5.0046088      0.55820712       0.7471326        3.400864         3.400864       3.2074897       3.2074897
              1       4.5691963      0.88065917      0.93843442        3.400864         3.400864       2.3366645       2.3366645
              1       4.9378273      0.58772277      0.76663079        3.400864         3.400864       3.0739265       3.0739265
              3       4.9999992      0.56017001      0.74844506        3.400864         3.400864       3.1982705       3.1982705
              2       4.5600051       0.9245255      0.96152249        3.400864         3.400864       2.3182822       2.3182822
              3       4.8139723      0.65042116      0.80648692        3.400864         3.400864       2.8262167       2.8262167
              1       5.1178188      0.51284624      0.71613284        3.400864         3.400864       3.4339097       3.4339097
              1       4.8364594       1.2344088       1.1110395        3.400864         3.400864       2.8711907       2.8711907
              1        4.727097      0.70430214      0.83922711        3.400864         3.400864       2.6524661       2.6524661
              1       6.1415559       1.6489649       1.2841203        3.400864         3.400864       5.4813838       5.4813838
              2       5.9139818       1.5957106       1.2632144        3.400864         3.400864       5.0262357       5.0262357
              1       4.6053596      0.81498582      0.90276565        3.400864         3.400864       2.4089913       2.4089913
              2       5.4257463       1.4636171       1.2098005        3.400864         3.400864       4.0497647       4.0497647
              1       4.9409231      0.58629945      0.76570193        3.400864         3.400864       3.0801183       3.0801183
              1       5.6802409      0.33635362      0.57996002        3.400864         3.400864       4.5587539       4.5587539
              6       4.6994223       1.1481411       1.0715135        3.400864         3.400864       2.5971166       2.5971166
              6        4.598781       1.0484305        1.023929        3.400864         3.400864       2.3958341       2.3958341
              2       4.7991223       1.2135768       1.1016246        3.400864         3.400864       2.7965166       2.7965166
              3       4.5892005      0.83870333      0.91580747        3.400864         3.400864       2.3766731       2.3766731
              1       4.7719704       1.1973859       1.0942513        3.400864         3.400864       2.7422127       2.7422127
              4       4.9777213       1.3026607       1.1413416        3.400864         3.400864       3.1537145       3.1537145
              2       4.8050224      0.65549378       0.8096257        3.400864         3.400864       2.8083169       2.8083169
              2       5.0957768       0.5212891      0.72200354        3.400864         3.400864       3.3898256       3.3898256
              2       4.6005819      0.82148672      0.90635905        3.400864         3.400864       2.3994358       2.3994358
              1       4.6230198       1.0789619       1.0387309        3.400864         3.400864       2.4443115       2.4443115
              1        4.711815      0.71513407        0.845656        3.400864         3.400864       2.6219021       2.6219021
              2       6.3614627       1.6968912       1.3026478        3.400864         3.400864       5.9211975       5.9211975
              1       5.0767366       1.3437424       1.1591991        3.400864         3.400864       3.3517453       3.3517453
              2       4.5792094      0.85683657      0.92565467        3.400864         3.400864       2.3566909       2.3566909
              2       5.1533181       1.3728735       1.1716968        3.400864         3.400864       3.5049082       3.5049082
              3       4.6051009      0.81532896      0.90295568        3.400864         3.400864       2.4084737       2.4084737
              1       4.5596831      0.94203406      0.97058439        3.400864         3.400864       2.3176382       2.3176382
              2       4.7938532      0.66195583      0.81360668        3.400864         3.400864       2.7859784       2.7859784
              1       4.5599362      0.92551191       0.9620353        3.400864         3.400864       2.3181444       2.3181444
              1       4.6784988       1.1316462       1.0637886        3.400864         3.400864       2.5552696       2.5552696
              6       4.5660919      0.98196662      0.99094229        3.400864         3.400864       2.3304559       2.3304559
             12       4.6067152       1.0592615       1.0292043        3.400864         3.400864       2.4117024       2.4117024
              2       4.6463361        1.103142       1.0503057        3.400864         3.400864       2.4909443       2.4909443
              8       4.5721478      0.99976354      0.99988176        3.400864         3.400864       2.3425675       2.3425675
              1       5.1770355      0.49095627      0.70068271        3.400864         3.400864        3.552343        3.552343
              2       4.6319371      0.78380213        0.885326        3.400864         3.400864       2.4621462       2.4621462
              4       5.8394032      0.29516847      0.54329409        3.400864         3.400864       4.8770784       4.8770784
              1       5.9592168      0.26583238      0.51558936        3.400864         3.400864       5.1167057       5.1167057
              2       4.8358217       1.2340653       1.1108849        3.400864         3.400864       2.8699155       2.8699155
              1       4.7046555       1.1520697       1.0733451        3.400864         3.400864       2.6075831       2.6075831
              3       4.7904857      0.66393419      0.81482157        3.400864         3.400864       2.7792435       2.7792435
              1       5.0065236       1.3150706       1.1467653        3.400864         3.400864       3.2113193       3.2113193
              9       4.7434169       0.6932672      0.83262669        3.400864         3.400864       2.6851057       2.6851057
              1        4.647979      0.76775046      0.87621371        3.400864         3.400864         2.49423         2.49423
              4       4.5602988       0.9210224      0.95969912        3.400864         3.400864       2.3188695       2.3188695
              2       4.6755517      0.74325573      0.86212281        3.400864         3.400864       2.5493754       2.5493754
              2       5.2161307       1.3953894        1.181266        3.400864         3.400864       3.6305333       3.6305333
              1       5.1097057      0.51593412      0.71828554        3.400864         3.400864       3.4176834       3.4176834
              2       4.5604115      0.91987603      0.95910168        3.400864         3.400864       2.3190949       2.3190949
              3       5.2024768      0.48187543      0.69417248        3.400864         3.400864       3.6032256       3.6032256
              6       4.6458799       1.1027025       1.0500964        3.400864         3.400864       2.4900317       2.4900317
              1       6.0450596       1.6268856       1.2754943        3.400864         3.400864       5.2883913       5.2883913
              2       5.0682414       1.3403816       1.1577485        3.400864         3.400864       3.3347549       3.3347549
              3       4.5602982      0.92102881      0.95970246        3.400864         3.400864       2.3188683       2.3188683
              1       4.5668687      0.88784849      0.94225713        3.400864         3.400864       2.3320095       2.3320095
             10        4.598768      0.82405348      0.90777392        3.400864         3.400864        2.395808        2.395808
              2       4.5668708      0.98462359      0.99228201        3.400864         3.400864       2.3320135       2.3320135
              2       4.5633213      0.97090119      0.98534318        3.400864         3.400864       2.3249146       2.3249146
              4       4.5619901      0.90840368      0.95310214        3.400864         3.400864       2.3222522       2.3222522
              1        4.674855       1.1286292       1.0623696        3.400864         3.400864       2.5479821       2.5479821
              1       4.7111476       1.1568461       1.0755678        3.400864         3.400864       2.6205671       2.6205671
              4       5.4073959       1.4580007        1.207477        3.400864         3.400864       4.0130639       4.0130639
              6       4.9268782       1.2796614       1.1312212        3.400864         3.400864       3.0520284       3.0520284
              2       5.0615563        1.337717       1.1565972        3.400864         3.400864       3.3213847       3.3213847
              1       5.0167363       1.3193744       1.1486402        3.400864         3.400864       3.2317447       3.2317447
              4        5.232376      0.47143014       0.6866077        3.400864         3.400864        3.663024        3.663024
              1        4.571955      0.87319082       0.9344468        3.400864         3.400864        2.342182        2.342182
              4       4.5665524      0.88890989      0.94282018        3.400864         3.400864       2.3313768       2.3313768
              1       4.5828794       0.8497329      0.92180958        3.400864         3.400864       2.3640309       2.3640309
              6       4.5640571      0.89830923      0.94779177        3.400864         3.400864       2.3263862       2.3263862
              1       4.9805913       1.3039161       1.1418914        3.400864         3.400864       3.1594547       3.1594547
              1       5.4153381      0.41202643      0.64189285        3.400864         3.400864       4.0289482       4.0289482
              1       4.9298588       0.5914133      0.76903401        3.400864         3.400864       3.0579895       3.0579895
              3       7.9078031       1.9731247       1.4046796        3.400864         3.400864       9.0138781       9.0138781
              1       6.2106207      0.20810864      0.45618926        3.400864         3.400864       5.6195135       5.6195135
              1       6.1978225      0.21093619       0.4592779        3.400864         3.400864       5.5939171       5.5939171
              4       4.7335958      0.69984617      0.83656809        3.400864         3.400864       2.6654635       2.6654635
              4       6.5506792       0.1366325      0.36963834        3.400864         3.400864       6.2996303       6.2996303
              2       4.8640963       1.2489362       1.1175581        3.400864         3.400864       2.9264646       2.9264646
              3       4.6815801       1.1341616       1.0649702        3.400864         3.400864       2.5614321       2.5614321
              2       4.7027031      0.72185299      0.84961932        3.400864         3.400864       2.6036781       2.6036781
              1       4.9145325       0.5986249      0.77370854        3.400864         3.400864       3.0273371       3.0273371
              2       5.2692585      0.45885995      0.67739202        3.400864         3.400864       3.7367891       3.7367891
              2        4.642752       1.0996579       1.0486458        3.400864         3.400864       2.4837759       2.4837759
              1       4.9861751       1.3063463       1.1429551        3.400864         3.400864       3.1706221       3.1706221
              1       4.9839006       1.3053583       1.1425228        3.400864         3.400864       3.1660731       3.1660731
              2       5.4156756      0.41192306      0.64181232        3.400864         3.400864       4.0296233       4.0296233
              1       4.5620539      0.90803816      0.95291036        3.400864         3.400864       2.3223797       2.3223797
              1       5.0889576       1.3485293       1.1612619        3.400864         3.400864       3.3761872       3.3761872
              5       4.6070862       1.0597446        1.029439        3.400864         3.400864       2.4124443       2.4124443
              2       4.5791045       1.0154163       1.0076787        3.400864         3.400864        2.356481        2.356481
              3       4.7519737       1.1847883       1.0884798        3.400864         3.400864       2.7022194       2.7022194
              1       4.9242342      0.59404225      0.77074136        3.400864         3.400864       3.0467403       3.0467403
              3       4.9092531      0.60114501      0.77533542        3.400864         3.400864       3.0167783       3.0167783
              1        4.702452       1.1504242       1.0725783        3.400864         3.400864       2.6031759       2.6031759
              1       4.7301172       1.1702446       1.0817784        3.400864         3.400864       2.6585064       2.6585064
              2       4.5632496      0.97056763      0.98517391        3.400864         3.400864       2.3247712       2.3247712
              1       4.5624229      0.90600962      0.95184538        3.400864         3.400864       2.3231178       2.3231178
              1       5.0067385       1.3151617        1.146805        3.400864         3.400864        3.211749        3.211749
              4        4.949794      0.58225276      0.76305488        3.400864         3.400864         3.09786         3.09786
              2       4.6191448       1.0745343       1.0365975        3.400864         3.400864       2.4365615       2.4365615
              3       4.5903903      0.83676408       0.9147481        3.400864         3.400864       2.3790525       2.3790525
              1       5.0728326       1.3422014       1.1585342        3.400864         3.400864       3.3439373       3.3439373
              1       4.7793233      0.67059739      0.81890011        3.400864         3.400864       2.7569186       2.7569186
              1       5.2177176      0.47652138      0.69030528        3.400864         3.400864       3.6337073       3.6337073
              1       5.8699859      0.28755426      0.53624086        3.400864         3.400864       4.9382438       4.9382438
              1        4.621736       1.0775104        1.038032        3.400864         3.400864        2.441744        2.441744
              1       4.5881033      0.84052663      0.91680239        3.400864         3.400864       2.3744787       2.3744787
              2        5.312775       1.4280235       1.1949994        3.400864         3.400864        3.823822        3.823822
              5       5.4163148      0.41172736      0.64165985        3.400864         3.400864       4.0309017       4.0309017
              1       5.1400717       0.5044901      0.71027466        3.400864         3.400864       3.4784153       3.4784153
              2       4.5806937       1.0185755        1.009245        3.400864         3.400864       2.3596594       2.3596594
              1       4.5603217       0.9516835      0.97554267        3.400864         3.400864       2.3189155       2.3189155
              1       4.6127067      0.80561869      0.89756264        3.400864         3.400864       2.4236854       2.4236854
              1       4.5834977      0.84859281      0.92119097        3.400864         3.400864       2.3652675       2.3652675
              1       4.5596889      0.93027317       0.9645067        3.400864         3.400864       2.3176498       2.3176498
              1       4.6477808        1.104526       1.0509643        3.400864         3.400864       2.4938337       2.4938337
              9       4.6919027       1.1423651       1.0688148        3.400864         3.400864       2.5820774       2.5820774
              1       4.5702639      0.99480946      0.99740135        3.400864         3.400864       2.3387998       2.3387998
              1       4.7876787      0.66559434      0.81583965        3.400864         3.400864       2.7736295       2.7736295
              2       4.6327227      0.78297694      0.88485984        3.400864         3.400864       2.4637174       2.4637174
              1       4.8021648       1.2153325       1.1024212        3.400864         3.400864       2.8026016       2.8026016
              3       4.5961816      0.82781848      0.90984531        3.400864         3.400864       2.3906351       2.3906351
              2        4.620475      0.79639532      0.89240984        3.400864         3.400864        2.439222        2.439222
              4       5.2299298       1.4001895        1.183296        3.400864         3.400864       3.6581317       3.6581317
              1       4.5829525      0.84959733      0.92173604        3.400864         3.400864       2.3641771       2.3641771
              3       4.5651626      0.89388661      0.94545577        3.400864         3.400864       2.3285973       2.3285973
              1       4.8379681       1.2352201       1.1114046        3.400864         3.400864       2.8742082       2.8742082
              1       5.2502195       1.4071585       1.1862371        3.400864         3.400864        3.698711        3.698711
              2       6.0514845       1.6283776        1.276079        3.400864         3.400864       5.3012409       5.3012409
              1       5.0449655       0.5414388      0.73582525        3.400864         3.400864        3.288203        3.288203
              1       5.3841948      0.42165342      0.64934846        3.400864         3.400864       3.9666617       3.9666617
              1       4.6770876       1.1304833       1.0632419        3.400864         3.400864       2.5524473       2.5524473
              1       4.7192511       1.1626667       1.0782702        3.400864         3.400864       2.6367742       2.6367742
              1       5.0503167      0.53926854      0.73434906        3.400864         3.400864       3.2989054       3.2989054
              2       5.7670392       1.5589096        1.248563        3.400864         3.400864       4.7323504       4.7323504
              3       4.5697684      0.99343537      0.99671228        3.400864         3.400864       2.3378089       2.3378089
              2       4.6576255      0.75879576      0.87108884        3.400864         3.400864       2.5135231       2.5135231
              2       4.5595848      0.93768416      0.96834093        3.400864         3.400864       2.3174417       2.3174417
              1       6.5191692      0.14298473      0.37813321        3.400864         3.400864       6.2366104       6.2366104
              1       6.4402322      0.15912591      0.39890589        3.400864         3.400864       6.0787364       6.0787364
              2       5.9060946      0.27867773      0.52789935        3.400864         3.400864       5.0104611       5.0104611
              1       4.5624968      0.90561955      0.95164045        3.400864         3.400864       2.3232656       2.3232656
              2       4.5821757       1.0214162       1.0106514        3.400864         3.400864       2.3626234       2.3626234
              2        5.445622      0.40283168      0.63469023        3.400864         3.400864        4.089516        4.089516
              2       4.6818262       1.1343612        1.065064        3.400864         3.400864       2.5619245       2.5619245
              1       4.8254782       1.2284361       1.1083484        3.400864         3.400864       2.8492283       2.8492283
              3       4.6187456       1.0740702       1.0363736        3.400864         3.400864       2.4357633       2.4357633
              1       4.6777415        1.131023       1.0634956        3.400864         3.400864       2.5537549       2.5537549
              2       4.6631128       1.1185672       1.0576234        3.400864         3.400864       2.5244977       2.5244977
              1       5.5894517      0.36116604      0.60097091        3.400864         3.400864       4.3771754       4.3771754
              4       4.5634261      0.97138326      0.98558777        3.400864         3.400864       2.3251242       2.3251242
              3       4.6591457      0.75742557        0.870302        3.400864         3.400864       2.5165633       2.5165633
              3       5.0369551       1.3277553       1.1522827        3.400864         3.400864       3.2721822       3.2721822
              4       4.7967766       1.2122155       1.1010066        3.400864         3.400864       2.7918252       2.7918252
              4       4.9211947        1.276994       1.1300416        3.400864         3.400864       3.0406614       3.0406614
              2       4.5636371      0.97233443       0.9860702        3.400864         3.400864       2.3255463       2.3255463
              1       4.7152145       1.1597863       1.0769337        3.400864         3.400864       2.6287011       2.6287011
              2       6.4669365       0.1536281       0.3919542        3.400864         3.400864       6.1321451       6.1321451
              1       4.6346993      0.78091997      0.88369677        3.400864         3.400864       2.4676706       2.4676706
              2       5.6550136       1.5293213       1.2366573        3.400864         3.400864       4.5082992       4.5082992
              3       4.9696603       1.2991115       1.1397857        3.400864         3.400864       3.1375927       3.1375927
              5       4.5606809      0.95504913      0.97726615        3.400864         3.400864       2.3196338       2.3196338
              1       4.6627127       1.1182145       1.0574566        3.400864         3.400864       2.5236974       2.5236974
              2       5.7583681      0.31579556       0.5619569        3.400864         3.400864       4.7150082       4.7150082
              1        4.816043       1.2232051        1.105986        3.400864         3.400864       2.8303581       2.8303581
              2       4.6691064       1.1237706       1.0600805        3.400864         3.400864       2.5364849       2.5364849
              5       4.6599294      0.75672323       0.8698984        3.400864         3.400864       2.5181308       2.5181308
              4       4.5867705       1.0296761       1.0147296        3.400864         3.400864       2.3718131       2.3718131
              3       4.6363678       1.0932608       1.0455911        3.400864         3.400864       2.4710077       2.4710077
              2        4.684123      0.73625164      0.85805107        3.400864         3.400864       2.5665179       2.5665179
              1       4.8068988      0.65442271      0.80896397        3.400864         3.400864       2.8120697       2.8120697
              1       4.8370514      0.63773792      0.79858495        3.400864         3.400864       2.8723748       2.8723748
              1       5.0662024      0.53289465      0.72999634        3.400864         3.400864       3.3306768       3.3306768
              2       5.6228516       1.5205499       1.2331058        3.400864         3.400864       4.4439753       4.4439753
              2       6.5259277      0.14161797      0.37632163        3.400864         3.400864       6.2501275       6.2501275
              1       5.2467615       0.4664873      0.68299876        3.400864         3.400864        3.691795        3.691795
              7       4.6522398       1.1087275       1.0529613        3.400864         3.400864       2.5027517       2.5027517
              3       4.9845556      0.56682227        0.752876        3.400864         3.400864       3.1673832       3.1673832
              2       5.0576856      0.53629923      0.73232454        3.400864         3.400864       3.3136433       3.3136433
              1        4.665702      0.75163233      0.86696732        3.400864         3.400864       2.5296761       2.5296761
              1       4.6132063       1.0674593       1.0331792        3.400864         3.400864       2.4246846       2.4246846
              1       4.8296431      0.64174964      0.80109278        3.400864         3.400864       2.8575583       2.8575583
              1       5.7326024      0.32249934      0.56789025        3.400864         3.400864       4.6634768       4.6634768
              1       5.4870616       1.4819645       1.2173597        3.400864         3.400864       4.1723952       4.1723952
              8       5.1030947       1.3539982       1.1636143        3.400864         3.400864       3.4044615       3.4044615
              1       5.0994247       1.3525854        1.163007        3.400864         3.400864       3.3971214       3.3971214
              2       4.5760389      0.86353027       0.9292633        3.400864         3.400864       2.3503497       2.3503497
              1       5.0049865      0.55804675      0.74702527        3.400864         3.400864        3.208245        3.208245
              1       4.6128401       0.8054548      0.89747134        3.400864         3.400864       2.4239522       2.4239522
              1       4.6776975      0.74147862      0.86109153        3.400864         3.400864        2.553667        2.553667
              1       5.2053119      0.48087471       0.6934513        3.400864         3.400864       3.6088958       3.6088958
              5       4.5768435      0.86177444      0.92831807        3.400864         3.400864       2.3519591       2.3519591
              1       4.6567286      0.75960927      0.87155566        3.400864         3.400864       2.5117291       2.5117291
              1       4.5599602      0.92515895      0.96185184        3.400864         3.400864       2.3181924       2.3181924
              1       4.5667344      0.98416891      0.99205288        3.400864         3.400864       2.3317407       2.3317407
              2       5.0237744      0.55015295      0.74172296        3.400864         3.400864       3.2458208       3.2458208
              1       5.0223315       1.3217119       1.1496573        3.400864         3.400864       3.2429351       3.2429351
              2       5.0576901       1.3361679       1.1559273        3.400864         3.400864       3.3136523       3.3136523
              1       4.6037231       1.0552927       1.0272744        3.400864         3.400864       2.4057182       2.4057182
              3       4.6023113       1.0533734       1.0263398        3.400864         3.400864       2.4028946       2.4028946
              1       6.2515466       1.6733258        1.293571        3.400864         3.400864       5.7013652       5.7013652
              3       4.7191827      0.70984715      0.84252427        3.400864         3.400864       2.6366374       2.6366374
              1       4.5638856      0.97342289      0.98662196        3.400864         3.400864       2.3260432       2.3260432
              6       4.5736382      0.86904077      0.93222356        3.400864         3.400864       2.3455483       2.3455483
              1       4.8026974      0.65682663      0.81044842        3.400864         3.400864       2.8036668       2.8036668
              1       4.6077193      0.81190035      0.90105513        3.400864         3.400864       2.4137107       2.4137107
              1       6.8108673       1.7864734       1.3365902        3.400864         3.400864       6.8200067       6.8200067
              1        4.565654      0.89206286      0.94449079        3.400864         3.400864       2.3295801       2.3295801
              1       4.5880135      0.84067747      0.91688465        3.400864         3.400864        2.374299        2.374299
              5       4.7669358      0.67819322      0.82352487        3.400864         3.400864       2.7321436       2.7321436
              1       4.7030638        0.721583      0.84946042        3.400864         3.400864       2.6043996       2.6043996
              1       4.9993045       1.3119986       1.1454251        3.400864         3.400864        3.196881        3.196881
              1       6.4869708       1.7229366       1.3126068        3.400864         3.400864       6.1722137       6.1722137
              2       5.0794331       1.3448034       1.1596566        3.400864         3.400864       3.3571382       3.3571382
              1       7.4350832        1.897144       1.3773685        3.400864         3.400864       8.0684385       8.0684385
              2       6.0959931       1.6386262       1.2800884        3.400864         3.400864       5.3902582       5.3902582
              4       5.7121218       1.5445846       1.2428132        3.400864         3.400864       4.6225156       4.6225156
              2       6.0439908       1.6266371       1.2753968        3.400864         3.400864       5.2862536       5.2862536
              2       5.3799848      0.42296869      0.65036043        3.400864         3.400864       3.9582416       3.9582416
              2       5.4476308      0.40222737      0.63421398        3.400864         3.400864       4.0935336       4.0935336
              3        4.578543      0.85819588      0.92638862        3.400864         3.400864        2.355358        2.355358
              1       4.6113721       1.0651957       1.0320832        3.400864         3.400864       2.4210163       2.4210163
              1       4.7862903      0.66641929      0.81634508        3.400864         3.400864       2.7708526       2.7708526
              2       5.7858576       1.5637431       1.2504971        3.400864         3.400864       4.7699872       4.7699872
              1       4.5611704      0.91362216      0.95583585        3.400864         3.400864       2.3206128       2.3206128
              4       6.1040281       1.6404605       1.2808046        3.400864         3.400864       5.4063282       5.4063282
              4       4.9972568       1.3111227       1.1450427        3.400864         3.400864       3.1927856       3.1927856
              1       5.5129049      0.38294996      0.61882951        3.400864         3.400864       4.2240818       4.2240818
              1       5.0783997       0.5280682      0.72668301        3.400864         3.400864       3.3550715       3.3550715
              2       6.6303306      0.12079583      0.34755695        3.400864         3.400864       6.4589333       6.4589333
              1       5.1088989       1.3562229       1.1645698        3.400864         3.400864       3.4160699       3.4160699
              1       4.5615332      0.91117778      0.95455632        3.400864         3.400864       2.3213385       2.3213385
              1       5.9114075       1.5950836       1.2629662        3.400864         3.400864       5.0210869       5.0210869
              1       6.3533879      0.17728048      0.42104689        3.400864         3.400864       5.9050478       5.9050478
              3       6.2882075      0.19119682      0.43726059        3.400864         3.400864        5.774687        5.774687
              5        4.851917      0.62984632      0.79362858        3.400864         3.400864        2.902106        2.902106
              2       5.3234768      0.44096032      0.66404843        3.400864         3.400864       3.8452257       3.8452257
              2        4.641827       1.0987467       1.0482112        3.400864         3.400864        2.481926        2.481926
              2       4.9008541       1.2672716       1.1257316        3.400864         3.400864       2.9999803       2.9999803
              1       5.8083508      0.30299329      0.55044827        3.400864         3.400864       4.8149737       4.8149737
              8       4.7753893       1.1994794       1.0952075        3.400864         3.400864       2.7490506       2.7490506
              1        4.873865       1.2539122       1.1197822        3.400864         3.400864       2.9460019       2.9460019
              1       4.6633715       1.1187948        1.057731        3.400864         3.400864        2.525015        2.525015
              4       7.9133644       1.9739855        1.404986        3.400864         3.400864       9.0250008       9.0250008
              1        4.849771       1.2414924       1.1142228        3.400864         3.400864        2.897814        2.897814
              1       4.5838152       1.0244523       1.0121523        3.400864         3.400864       2.3659024       2.3659024
              2       4.9095043       1.2714407       1.1275818        3.400864         3.400864       3.0172806       3.0172806
              1       4.5830612       1.0230692       1.0114688        3.400864         3.400864       2.3643944       2.3643944
              5       6.3963273       1.7042149       1.3054558        3.400864         3.400864       5.9909266       5.9909266
              1       4.5596065      0.93322515      0.96603579        3.400864         3.400864       2.3174849       2.3174849
              2       4.8807886       1.2573923       1.1213351        3.400864         3.400864       2.9598492       2.9598492
              4       4.9893862       1.3077366       1.1435631        3.400864         3.400864       3.1770444       3.1770444
              3        4.580616       1.0184239       1.0091699        3.400864         3.400864        2.359504        2.359504
              3       5.2081458       1.3925888         1.18008        3.400864         3.400864       3.6145636       3.6145636
              1       4.8568602      0.62726682      0.79200178        3.400864         3.400864       2.9119924       2.9119924
              1       4.9126699      0.59951187      0.77428152        3.400864         3.400864       3.0236118       3.0236118
              1       4.9189682       1.2759433       1.1295766        3.400864         3.400864       3.0362083       3.0362083
              1       4.7631707      0.68054665      0.82495251        3.400864         3.400864       2.7246133       2.7246133
              3       5.6326483       1.5232356       1.2341943        3.400864         3.400864       4.4635686       4.4635686
              4       4.9086417      0.60143812      0.77552441        3.400864         3.400864       3.0155554       3.0155554
              1       5.2700499      0.45859385      0.67719558        3.400864         3.400864       3.7383719       3.7383719
              1       4.6489911       1.1056766       1.0515116        3.400864         3.400864       2.4962542       2.4962542
              1       4.9930125      0.56316482      0.75044309        3.400864         3.400864        3.184297        3.184297
              3       4.5757339      0.86420684      0.92962726        3.400864         3.400864       2.3497399       2.3497399
              1       5.0682161      0.53209384      0.72944763        3.400864         3.400864       3.3347043       3.3347043
              1       5.8911316       1.5901239       1.2610012        3.400864         3.400864       4.9805352       4.9805352
              2       4.7732541       1.1981739       1.0946113        3.400864         3.400864       2.7447802       2.7447802
              1       4.5692446       0.8805198      0.93836017        3.400864         3.400864       2.3367611       2.3367611
              2       4.5596591      0.93113778      0.96495481        3.400864         3.400864       2.3175903       2.3175903
              5       4.7466429      0.69114466       0.8313511        3.400864         3.400864       2.6915578       2.6915578
              1       4.8435853      0.63424393      0.79639433        3.400864         3.400864       2.8854426       2.8854426
              1       5.0718131        1.341798         1.15836        3.400864         3.400864       3.3418982       3.3418982
              1        4.636164      0.77941316      0.88284379        3.400864         3.400864          2.4706          2.4706
              2       5.0252781       1.3229372       1.1501901        3.400864         3.400864       3.2488282       3.2488282
              2       4.5615834      0.91085798       0.9543888        3.400864         3.400864       2.3214389       2.3214389
              2       4.7486826       1.1826532       1.0874986        3.400864         3.400864       2.6956372       2.6956372
              1       6.1368562       0.2245599      0.47387751        3.400864         3.400864       5.4719844       5.4719844
              4       4.6002582      0.82194051      0.90660935        3.400864         3.400864       2.3987885       2.3987885
              2        5.360115       1.4432431       1.2013505        3.400864         3.400864       3.9185019       3.9185019
              4       5.6341495       1.5236461       1.2343606        3.400864         3.400864       4.4665711       4.4665711
              1       4.7411766       1.1777132        1.085225        3.400864         3.400864       2.6806251       2.6806251
              1       4.5829812       1.0229212       1.0113956        3.400864         3.400864       2.3642344       2.3642344
              8       4.5908639      0.83600253      0.91433174        3.400864         3.400864       2.3799998       2.3799998
              1       4.5787301       1.0146535       1.0073001        3.400864         3.400864       2.3557323       2.3557323
              1       4.5600529      0.92388724      0.96119053        3.400864         3.400864       2.3183779       2.3183779
              1         4.68586       1.1376035        1.066585        3.400864         3.400864       2.5699921       2.5699921
              1       4.6613101       1.1169729       1.0568694        3.400864         3.400864       2.5208923       2.5208923
              1         4.61422      0.80377153      0.89653306        3.400864         3.400864       2.4267121       2.4267121
              1       4.8753465      0.61780528       0.7860059        3.400864         3.400864       2.9489649       2.9489649
              2       4.5673167      0.88638423      0.94147981        3.400864         3.400864       2.3329054       2.3329054
              5       4.6021933       1.0532116        1.026261        3.400864         3.400864       2.4026586       2.4026586
              1       5.9955546      0.25718559      0.50713469        3.400864         3.400864       5.1893812       5.1893812
              5       5.3591972      0.42951299      0.65537241        3.400864         3.400864       3.9166664       3.9166664
              2        5.524052      0.37972465      0.61621802        3.400864         3.400864       4.2463759       4.2463759
              1       4.5894537      0.83828753      0.91558044        3.400864         3.400864       2.3771793       2.3771793
              2       4.5595788      0.93662849      0.96779569        3.400864         3.400864       2.3174296       2.3174296
              2        5.292326       0.4511637      0.67168721        3.400864         3.400864       3.7829241       3.7829241
              5        4.961596      0.57693961      0.75956541        3.400864         3.400864        3.121464        3.121464
              1       4.7040762      0.72082706      0.84901534        3.400864         3.400864       2.6064244       2.6064244
              1       4.6360295       1.0929145       1.0454255        3.400864         3.400864       2.4703311       2.4703311
              3       4.6425355       1.0994451       1.0485443        3.400864         3.400864        2.483343        2.483343
              4       4.9397335      0.58684569      0.76605854        3.400864         3.400864        3.077739        3.077739
              4       4.6856989        1.137475       1.0665247        3.400864         3.400864       2.5696698       2.5696698
              2       4.5677695      0.88494649      0.94071595        3.400864         3.400864        2.333811        2.333811
              1       4.9085986      0.60145878      0.77553774        3.400864         3.400864       3.0154692       3.0154692
              6       4.7167226      0.71159866      0.84356307        3.400864         3.400864       2.6317171       2.6317171
              2       5.1609587      0.49679136      0.70483428        3.400864         3.400864       3.5201894       3.5201894
              1       4.8553917       1.2444345       1.1155422        3.400864         3.400864       2.9090554       2.9090554
              1       5.3703719      0.42598457      0.65267493        3.400864         3.400864       3.9390158       3.9390158
              2        4.734648       1.1733328       1.0832049        3.400864         3.400864       2.6675679       2.6675679
              4       4.7033116      0.72139769      0.84935133        3.400864         3.400864       2.6048953       2.6048953
              1       5.7604053      0.31526859      0.56148784        3.400864         3.400864       4.7190827       4.7190827
              2       4.9771301      0.57006378      0.75502568        3.400864         3.400864       3.1525323       3.1525323
              1       4.6077009      0.81192419      0.90106836        3.400864         3.400864       2.4136738       2.4136738
              8       4.8031285      0.65657899      0.81029562        3.400864         3.400864       2.8045291       2.8045291
              4       5.7287337      0.32351222      0.56878135        3.400864         3.400864       4.6557395       4.6557395
              1       4.5600799      0.92354115      0.96101049        3.400864         3.400864       2.3184318       2.3184318
              3       5.6822501       1.5366492       1.2396166        3.400864         3.400864       4.5627723       4.5627723
              3       4.5998533      0.82251083      0.90692383        3.400864         3.400864       2.3979785       2.3979785
              1       4.6958955       1.1454519       1.0702579        3.400864         3.400864       2.5900631       2.5900631
              2       4.8643527       1.2490678        1.117617        3.400864         3.400864       2.9269774       2.9269774
              2        5.016862        1.319427       1.1486632        3.400864         3.400864        3.231996        3.231996
              1        4.874105       1.2540335       1.1198364        3.400864         3.400864        2.946482        2.946482
              1        4.571758      0.87369459      0.93471631        3.400864         3.400864        2.341788        2.341788
              1       6.1151818       1.6429988       1.2817951        3.400864         3.400864       5.4286357       5.4286357
              1       6.0281368       1.6229403       1.2739467        3.400864         3.400864       5.2545457       5.2545457
              2       5.4568517       1.4730032       1.2136734        3.400864         3.400864       4.1119755       4.1119755
              3       4.7619267      0.68132895      0.82542652        3.400864         3.400864       2.7221255       2.7221255
              2        4.639799      0.77573475      0.88075805        3.400864         3.400864         2.47787         2.47787
              1       4.9568905      0.57904851      0.76095237        3.400864         3.400864        3.112053        3.112053
              1       5.7516778      0.31752928      0.56349737        3.400864         3.400864       4.7016275       4.7016275
              1        5.345044      0.43401746      0.65880002        3.400864         3.400864         3.88836         3.88836
              2       6.6821106      0.11066362      0.33266141        3.400864         3.400864       6.5624933       6.5624933
              2       6.4240953      0.16246706      0.40307203        3.400864         3.400864       6.0464626       6.0464626
              1       4.8527443       0.6294131       0.7933556        3.400864         3.400864       2.9037606       2.9037606
              6       4.8037071      0.65624703      0.81009076        3.400864         3.400864       2.8056862       2.8056862
              4       4.9066152      0.60241133      0.77615161        3.400864         3.400864       3.0115025       3.0115025
              2       4.7951853      0.66117719      0.81312803        3.400864         3.400864       2.7886425       2.7886425
              2       4.8331874      0.63982357      0.79988972        3.400864         3.400864       2.8646469       2.8646469
             10       4.8558234      0.62780609      0.79234215        3.400864         3.400864       2.9099187       2.9099187
              1       4.6262268      0.78994037      0.88878589        3.400864         3.400864       2.4507256       2.4507256
              1       4.6925157      0.72962339      0.85417995        3.400864         3.400864       2.5833034       2.5833034
              1        4.622975      0.79355377      0.89081635        3.400864         3.400864       2.4442221       2.4442221
              2       4.7502604      0.68878622      0.82993146        3.400864         3.400864       2.6987928       2.6987928
              1       4.5600676       0.9236972      0.96109167        3.400864         3.400864       2.3184073       2.3184073
              6       4.7692557       1.1957116        1.093486        3.400864         3.400864       2.7367833       2.7367833
              1       5.0559939       1.3354864       1.1556325        3.400864         3.400864       3.3102598       3.3102598
              1       4.7425337      0.69385148      0.83297748        3.400864         3.400864       2.6833395       2.6833395
              2       4.7025211      0.72198931      0.84969954        3.400864         3.400864       2.6033142       2.6033142
              1       4.8865717      0.61219482       0.7824288        3.400864         3.400864       2.9714154       2.9714154
              1       5.7332489      0.32233023      0.56774134        3.400864         3.400864       4.6647698       4.6647698
              1       5.6764897      0.33735846      0.58082567        3.400864         3.400864       4.5512514       4.5512514
              3       4.7850542       1.2053095       1.0978659        3.400864         3.400864       2.7683804       2.7683804
              3       5.0114622      0.55530749      0.74518957        3.400864         3.400864       3.2211964       3.2211964
              1       5.2454876       0.4669229      0.68331757        3.400864         3.400864       3.6892473       3.6892473
              2       5.2299928      0.47225407      0.68720744        3.400864         3.400864       3.6582576       3.6582576
              3       5.4284658       1.4644444       1.2101423        3.400864         3.400864       4.0552037       4.0552037
              1       4.8045067      0.65578888      0.80980793        3.400864         3.400864       2.8072854       2.8072854
              1       4.5595783      0.93610585      0.96752563        3.400864         3.400864       2.3174287       2.3174287
              1       4.6361721       1.0930605       1.0454953        3.400864         3.400864       2.4706163       2.4706163
              2       4.7325786      0.70053806      0.83698151        3.400864         3.400864       2.6634292       2.6634292
              4        4.987067        1.306733       1.1431242        3.400864         3.400864       3.1724061       3.1724061
              3       5.3418085       1.4374125       1.1989214        3.400864         3.400864        3.881889        3.881889
              2       6.3690783       1.6984969       1.3032639        3.400864         3.400864       5.9364286       5.9364286
              3       7.0767704       1.8352839       1.3547265        3.400864         3.400864       7.3518128       7.3518128
              1       4.6589096      0.75763769      0.87042386        3.400864         3.400864       2.5160911       2.5160911
              9       4.5895305       1.0343036       1.0170072        3.400864         3.400864       2.3773329       2.3773329
              1       5.8902641       1.5899109       1.2609167        3.400864         3.400864       4.9788003       4.9788003
             13       4.5946836       1.0424054       1.0209826        3.400864         3.400864       2.3876393       2.3876393
              3       4.7384744       0.6965555        0.834599        3.400864         3.400864       2.6752208       2.6752208
              2       4.7393836      0.69594719      0.83423449        3.400864         3.400864       2.6770393       2.6770393
              9       4.5781846       1.0135286       1.0067416        3.400864         3.400864       2.3546412       2.3546412
              2       4.7833942      0.66814818      0.81740331        3.400864         3.400864       2.7650604       2.7650604
              3       4.7771447      0.67191748      0.81970573        3.400864         3.400864       2.7525613       2.7525613
              2       7.4216789       1.8949017       1.3765543        3.400864         3.400864       8.0416298       8.0416298
              4       4.5908335       1.0364142       1.0180443        3.400864         3.400864       2.3799391       2.3799391
              1       4.7179479       1.1617408       1.0778408        3.400864         3.400864       2.6341679       2.6341679
              2       4.8675483       1.2507036       1.1183486        3.400864         3.400864       2.9333687       2.9333687
              1       5.3390361       1.4365235       1.1985506        3.400864         3.400864       3.8763442       3.8763442
              8       5.1958973      0.48420637      0.69584939        3.400864         3.400864       3.5900667       3.5900667
              1       4.7138711      0.71364601      0.84477572        3.400864         3.400864       2.6260143       2.6260143
              1       4.7687298        1.195386       1.0933371        3.400864         3.400864       2.7357316       2.7357316
              1        6.325057      0.18329767      0.42813277        3.400864         3.400864        5.848386        5.848386
              7       4.6183454      0.79886217       0.8937909        3.400864         3.400864       2.4349629       2.4349629
              3       4.5605236      0.91881045      0.95854601        3.400864         3.400864       2.3193191       2.3193191
              2       4.5619517      0.90862598      0.95321875        3.400864         3.400864       2.3221754       2.3221754
              1       4.8594277      0.62593547      0.79116084        3.400864         3.400864       2.9171274       2.9171274
              1       4.9222298      0.59498401      0.77135206        3.400864         3.400864       3.0427315       3.0427315
              1       4.7354079      0.69861856      0.83583405        3.400864         3.400864       2.6690878       2.6690878
              1       4.5883833       1.0324072       1.0160744        3.400864         3.400864       2.3750385       2.3750385
              7       4.6268118      0.78929976      0.88842544        3.400864         3.400864       2.4518956       2.4518956
              1       4.5677063      0.88514489      0.94082139        3.400864         3.400864       2.3336845       2.3336845
              6       4.5618505      0.90922101      0.95353081        3.400864         3.400864        2.321973        2.321973
              1       6.2282857       1.6682415       1.2916043        3.400864         3.400864       5.6548434       5.6548434
              1       4.6253322       1.0815399       1.0399711        3.400864         3.400864       2.4489364       2.4489364
              9       4.5629345      0.90340407      0.95047571        3.400864         3.400864       2.3241411       2.3241411
              2       6.4606079       1.7175378       1.3105487        3.400864         3.400864       6.1194878       6.1194878
              1       4.5751219        1.006881       1.0034346        3.400864         3.400864       2.3485157       2.3485157
              1       6.6128495       1.7482203       1.3222028        3.400864         3.400864       6.4239709       6.4239709
              2       8.2143562       2.0195526       1.4211097        3.400864         3.400864       9.6269844       9.6269844
              2       4.7341935       1.1730248       1.0830627        3.400864         3.400864        2.666659        2.666659
              2       4.6317128      0.78403863      0.88545956        3.400864         3.400864       2.4616975       2.4616975
              5        5.123104       1.3616186       1.1668841        3.400864         3.400864         3.44448         3.44448
              1        5.247059       1.4060797       1.1857823        3.400864         3.400864       3.6923899       3.6923899
