#        weight    minuslogpost              A2               A   minuslogprior minuslogprior__0            chi2   chi2__loglike
              1       6.3553341       1.6955965       1.3021507        3.400864         3.400864       5.9089403       5.9089403
              1       5.1049835       1.3547235       1.1639259        3.400864         3.400864       3.4082391       3.4082391
              2       4.6843506      0.73606892      0.85794459        3.400864         3.400864       2.5669733       2.5669733
              1       5.2631933       1.4115611       1.1880914        3.400864         3.400864       3.7246586       3.7246586
              2       7.9604082       1.9812385       1.4075647        3.400864         3.400864       9.1190885       9.1190885
              3       5.0621313       1.3379469       1.1566965        3.400864         3.400864       3.3225346       3.3225346
              3       4.7549847       1.1867257       1.0893694        3.400864         3.400864       2.7082414       2.7082414
              2       4.5858654      0.84435755       0.9188893        3.400864         3.400864       2.3700029       2.3700029
              1        4.741915       1.1782037       1.0854509        3.400864         3.400864       2.6821021       2.6821021
              1       6.0715126       1.6330079        1.277892        3.400864         3.400864       5.3412972       5.3412972
              2       6.1610589       1.6533448       1.2858246        3.400864         3.400864       5.5203898       5.5203898
              1       5.4480966        1.470378       1.2125914        3.400864         3.400864       4.0944652       4.0944652
              1       5.7042857        1.542513       1.2419795        3.400864         3.400864       4.6068434       4.6068434
              3       4.5730654       1.0020418       1.0010204        3.400864         3.400864       2.3444029       2.3444029
              5       4.7079217       1.1544857         1.07447        3.400864         3.400864       2.6141154       2.6141154
              1       5.0288024       1.3243977       1.1508248        3.400864         3.400864       3.2558768       3.2558768
              6       4.5602145      0.92193994      0.96017704        3.400864         3.400864       2.3187009       2.3187009
              1        4.619023       1.0743929       1.0365292        3.400864         3.400864        2.436318        2.436318
              4       4.5807615      0.85375777      0.92399014        3.400864         3.400864        2.359795        2.359795
              1       5.1895395      0.48647026       0.6974742        3.400864         3.400864        3.577351        3.577351
              1       5.4978637      0.38733204      0.62236006        3.400864         3.400864       4.1939994       4.1939994
              2       4.8598584      0.62571272      0.79102005        3.400864         3.400864       2.9179888       2.9179888
              1       5.7721063      0.31225058      0.55879386        3.400864         3.400864       4.7424845       4.7424845
              1       5.0775459       1.3440611       1.1593365        3.400864         3.400864       3.3533638       3.3533638
              2       4.6656474       0.7516798       0.8669947        3.400864         3.400864       2.5295669       2.5295669
              2       4.7802456      0.67004051      0.81856002        3.400864         3.400864       2.7587632       2.7587632
              1       4.6365945      0.77897303      0.88259449        3.400864         3.400864        2.471461        2.471461
              2       10.431157       2.3093375       1.5196505        3.400864         3.400864       14.060587       14.060587
              1       7.7079415       1.9417016       1.3934495        3.400864         3.400864       8.6141551       8.6141551
              2       5.8526676       1.5806104       1.2572233        3.400864         3.400864       4.9036073       4.9036073
              1       5.2950138       1.4221905       1.1925563        3.400864         3.400864       3.7882997       3.7882997
              1       4.5693232      0.99217184      0.99607823        3.400864         3.400864       2.3369185       2.3369185
              1       5.1484112      0.50139988      0.70809595        3.400864         3.400864       3.4950944       3.4950944
              1       6.2302026      0.20380349        0.451446        3.400864         3.400864       5.6586772       5.6586772
              2        5.229163      0.47254129      0.68741639        3.400864         3.400864       3.6565981       3.6565981
              1       5.8827548      0.28440147      0.53329305        3.400864         3.400864       4.9637817       4.9637817
              1       5.2395616       1.4035107       1.1846986        3.400864         3.400864       3.6773951       3.6773951
              1       4.6455188       1.1023539       1.0499304        3.400864         3.400864       2.4893096       2.4893096
              2       4.9643605        1.296759       1.1387533        3.400864         3.400864        3.126993        3.126993
              4       4.6596292       1.1154735       1.0561598        3.400864         3.400864       2.5175305       2.5175305
              1       4.5660556      0.98183884      0.99087781        3.400864         3.400864       2.3303832       2.3303832
              1       5.6463228        1.526964       1.2357038        3.400864         3.400864       4.4909176       4.4909176
              1       4.9940467       1.3097454       1.1444411        3.400864         3.400864       3.1863655       3.1863655
              1        4.594401      0.83048827      0.91131129        3.400864         3.400864        2.387074        2.387074
              1       4.5980168       1.0473315       1.0233922        3.400864         3.400864       2.3943056       2.3943056
              1       4.5630411      0.96957832      0.98467168        3.400864         3.400864       2.3243542       2.3243542
              1       4.6326526        1.089415       1.0437504        3.400864         3.400864       2.4635771       2.4635771
              1       4.8225168       1.2268044        1.107612        3.400864         3.400864       2.8433057       2.8433057
              2       5.4138558       1.4599847       1.2082983        3.400864         3.400864       4.0259836       4.0259836
              1       4.6892879       1.1403182       1.0678568        3.400864         3.400864       2.5768477       2.5768477
              7       4.7839133      0.66783743      0.81721321        3.400864         3.400864       2.7660987       2.7660987
              2       4.6143782      0.80357994       0.8964262        3.400864         3.400864       2.4270284       2.4270284
              3        5.397695      0.41745832      0.64611015        3.400864         3.400864        3.993662        3.993662
              2       5.8148401       1.5711152       1.2534414        3.400864         3.400864       4.8279522       4.8279522
              6        4.574045       1.0043899       1.0021925        3.400864         3.400864       2.3463621       2.3463621
              2        4.564354      0.89707224      0.94713898        3.400864         3.400864       2.3269801       2.3269801
              2       5.2327401      0.47130438      0.68651612        3.400864         3.400864       3.6637522       3.6637522
              4       5.6193827        1.519596       1.2327189        3.400864         3.400864       4.4370374       4.4370374
              2       5.0518562        1.333819       1.1549108        3.400864         3.400864       3.3019844       3.3019844
              2        4.766491       1.1939952       1.0927009        3.400864         3.400864        2.731254        2.731254
              7       4.9097274       1.2715475       1.1276292        3.400864         3.400864       3.0177269       3.0177269
              2       6.7243825       1.7699821       1.3304068        3.400864         3.400864       6.6470371       6.6470371
              1       6.0594294       1.6302181       1.2767999        3.400864         3.400864       5.3171307       5.3171307
              2       6.7456996       1.7740771       1.3319449        3.400864         3.400864       6.6896712       6.6896712
              1       4.8696953       0.6206675      0.78782454        3.400864         3.400864       2.9376627       2.9376627
              7       4.5652152      0.89368771      0.94535057        3.400864         3.400864       2.3287025       2.3287025
              1       4.8628583       1.2482999       1.1172734        3.400864         3.400864       2.9239887       2.9239887
              3       4.5949747       1.0428446       1.0211976        3.400864         3.400864       2.3882213       2.3882213
              6        4.590096      0.83724018      0.91500829        3.400864         3.400864        2.378464        2.378464
              1       4.5601716       0.9224301      0.96043224        3.400864         3.400864       2.3186152       2.3186152
              1       4.5636714      0.89997906      0.94867226        3.400864         3.400864       2.3256147       2.3256147
              2       4.9840961       1.3054433         1.14256        3.400864         3.400864       3.1664642       3.1664642
              2       4.5883114      0.84017827      0.91661239        3.400864         3.400864       2.3748947       2.3748947
              1       5.5947762       0.3596814      0.59973444        3.400864         3.400864       4.3878244       4.3878244
              4       4.6723907      0.74590377      0.86365721        3.400864         3.400864       2.5430535       2.5430535
              1       5.6147193       1.5183111       1.2321977        3.400864         3.400864       4.4277106       4.4277106
              3        4.572765       1.0013046       1.0006521        3.400864         3.400864       2.3438019       2.3438019
              1       4.6065047       1.0589865       1.0290707        3.400864         3.400864       2.4112815       2.4112815
              1       4.5618729      0.96337733      0.98151787        3.400864         3.400864       2.3220179       2.3220179
              1       4.6760152       1.1295949        1.062824        3.400864         3.400864       2.5503025       2.5503025
              3       4.6210181       0.7957732      0.89206121        3.400864         3.400864       2.4403081       2.4403081
              3       4.5679835      0.88428091      0.94036211        3.400864         3.400864        2.334239        2.334239
              1       7.2859072       1.8718869       1.3681692        3.400864         3.400864       7.7700864       7.7700864
              2       4.8015066       1.2149536       1.1022493        3.400864         3.400864       2.8012852       2.8012852
              1       4.5604371      0.95283946      0.97613496        3.400864         3.400864       2.3191463       2.3191463
              1       5.2242777      0.47423597      0.68864793        3.400864         3.400864       3.6468273       3.6468273
              1       5.7922973      0.30707674      0.55414505        3.400864         3.400864       4.7828667       4.7828667
              2       4.8397667      0.63628096      0.79767222        3.400864         3.400864       2.8778054       2.8778054
              1       4.6695374      0.74832615      0.86505846        3.400864         3.400864       2.5373468       2.5373468
              3       6.1019587       1.6399885       1.2806204        3.400864         3.400864       5.4021895       5.4021895
              1       6.6672444      0.11355985      0.33698642        3.400864         3.400864       6.5327608       6.5327608
              2        4.725062       1.1667501       1.0801621        3.400864         3.400864       2.6483959       2.6483959
              3       4.6850101       1.1369247       1.0662667        3.400864         3.400864       2.5682922       2.5682922
              2       4.6551116      0.76108527      0.87240201        3.400864         3.400864       2.5084953       2.5084953
              1        4.661616      0.75522103      0.86903454        3.400864         3.400864       2.5215039       2.5215039
              2        4.564188      0.89775904      0.94750147        3.400864         3.400864        2.326648        2.326648
              7       4.5742034       1.0047619       1.0023781        3.400864         3.400864       2.3466788       2.3466788
              2       4.5875523       0.8414556      0.91730889        3.400864         3.400864       2.3733765       2.3733765
              1       4.9246171       0.5938626      0.77062481        3.400864         3.400864       3.0475063       3.0475063
              3       4.9013157      0.60497001      0.77779818        3.400864         3.400864       3.0009033       3.0009033
              2       5.7566932      0.31622912      0.56234253        3.400864         3.400864       4.7116585       4.7116585
              1        4.780248       1.2024263        1.096552        3.400864         3.400864       2.7587679       2.7587679
              6       4.5595871      0.93455286      0.96672274        3.400864         3.400864       2.3174462       2.3174462
              4       4.5689776      0.99117078       0.9955756        3.400864         3.400864       2.3362272       2.3362272
              2       5.0671781      0.53250645      0.72973039        3.400864         3.400864       3.3326282       3.3326282
              3       4.8484825       0.6316514        0.794765        3.400864         3.400864       2.8952371       2.8952371
              1       4.5755053        1.007747        1.003866        3.400864         3.400864       2.3492825       2.3492825
              9       4.5597629      0.92853424      0.96360482        3.400864         3.400864       2.3177977       2.3177977
              1        4.569105        0.991542      0.99576202        3.400864         3.400864       2.3364821       2.3364821
              1       5.5864022      0.36201806      0.60167937        3.400864         3.400864       4.3710765       4.3710765
              2       5.5690925       1.5055868       1.2270235        3.400864         3.400864       4.3364569       4.3364569
              1       5.4951112       1.4843276       1.2183298        3.400864         3.400864       4.1884944       4.1884944
              6         5.60205        1.514806       1.2307745        3.400864         3.400864       4.4023721       4.4023721
              2       5.1325624      0.50729169      0.71224412        3.400864         3.400864       3.4633968       3.4633968
              1       4.7170002      0.71140029      0.84344549        3.400864         3.400864       2.6322725       2.6322725
              1       5.1419696      0.50378487      0.70977804        3.400864         3.400864       3.4822112       3.4822112
              2       5.2558924      0.46337675      0.68071782        3.400864         3.400864       3.7100568       3.7100568
              1       4.5862719      0.84364999      0.91850421        3.400864         3.400864       2.3708158       2.3708158
              3       4.8181381      0.64809053       0.8050407        3.400864         3.400864       2.8345483       2.8345483
              2       4.7314485       1.1711562       1.0821997        3.400864         3.400864        2.661169        2.661169
              4        4.611301       0.8073582      0.89853113        3.400864         3.400864        2.420874        2.420874
              2        4.608974      0.81029063      0.90016145        3.400864         3.400864       2.4162199       2.4162199
              1       5.7106301      0.32827453      0.57295247        3.400864         3.400864       4.6195322       4.6195322
              1       4.9226407      0.59479072      0.77122676        3.400864         3.400864       3.0435534       3.0435534
              1        5.822098       0.2995173      0.54728174        3.400864         3.400864        4.842468        4.842468
              1       5.1349731      0.50639029      0.71161105        3.400864         3.400864       3.4682183       3.4682183
              5       4.8785486       1.2562706       1.1208348        3.400864         3.400864       2.9553692       2.9553692
              1       6.3276454       1.6897194       1.2998921        3.400864         3.400864       5.8535628       5.8535628
              1       5.5875969       1.5107812       1.2291384        3.400864         3.400864       4.3734659       4.3734659
              1       5.2546269      0.46380661      0.68103349        3.400864         3.400864       3.7075259       3.7075259
              3       4.5729167       1.0016781       1.0008387        3.400864         3.400864       2.3441055       2.3441055
              2       5.1704867       1.3791415       1.1743685        3.400864         3.400864       3.5392455       3.5392455
              2       4.7082236      0.71775766      0.84720579        3.400864         3.400864       2.6147191       2.6147191
              3        4.655262      0.76094746      0.87232303        3.400864         3.400864        2.508796        2.508796
              1       4.6529778      0.76305238       0.8735287        3.400864         3.400864       2.5042275       2.5042275
              1       4.6656327      0.75169261      0.86700208        3.400864         3.400864       2.5295375       2.5295375
              2       4.8357386      0.63844491      0.79902748        3.400864         3.400864       2.8697491       2.8697491
              3       4.9960323      0.56186745      0.74957818        3.400864         3.400864       3.1903366       3.1903366
              2       6.0371004      0.24743252      0.49742589        3.400864         3.400864       5.2724728       5.2724728
              1       6.3691979      0.17394326      0.41706505        3.400864         3.400864       5.9366677       5.9366677
              1       5.2056005      0.48077295      0.69337793        3.400864         3.400864       3.6094731       3.6094731
              1       4.8568629       1.2451999       1.1158853        3.400864         3.400864       2.9119978       2.9119978
              1       6.2754806       1.6785208       1.2955774        3.400864         3.400864       5.7492332       5.7492332
              1       5.9618686       1.6072677       1.2677806        3.400864         3.400864       5.1220091       5.1220091
              4       7.6643459        1.934716       1.3909407        3.400864         3.400864       8.5269639       8.5269639
              1       5.3151019      0.44368273      0.66609514        3.400864         3.400864       3.8284759       3.8284759
              1        5.324555      0.44061092      0.66378529        3.400864         3.400864       3.8473821       3.8473821
              1       5.1369836      0.50564002      0.71108369        3.400864         3.400864       3.4722391       3.4722391
              4       5.4531976      0.40055628      0.63289516        3.400864         3.400864       4.1046671       4.1046671
              1       5.0732091       1.3423502       1.1585984        3.400864         3.400864       3.3446902       3.3446902
              5       4.6493644      0.76643532      0.87546292        3.400864         3.400864       2.4970009       2.4970009
              8       4.7163319      0.71187806      0.84372866        3.400864         3.400864       2.6309358       2.6309358
              2       5.5338412      0.37690755      0.61392797        3.400864         3.400864       4.2659544       4.2659544
              5       5.4872715      0.39043909      0.62485125        3.400864         3.400864        4.172815        4.172815
              1       5.2906939       1.4207611       1.1919568        3.400864         3.400864       3.7796598       3.7796598
              3       7.4333936       1.8968616        1.377266        3.400864         3.400864       8.0650591       8.0650591
              3       4.6126188      0.80572679      0.89762285        3.400864         3.400864       2.4235096       2.4235096
              1       5.1342978      0.50664263      0.71178833        3.400864         3.400864       3.4668676       3.4668676
              1       4.7085653      0.71750664      0.84705764        3.400864         3.400864       2.6154027       2.6154027
              2       4.8722158       1.2530776       1.1194095        3.400864         3.400864       2.9427037       2.9427037
              3       5.9278597      0.27338466      0.52286199        3.400864         3.400864       5.0539914       5.0539914
              2       4.5645129      0.97603923      0.98794698        3.400864         3.400864       2.3272979       2.3272979
              3       5.2899342      0.45195604      0.67227676        3.400864         3.400864       3.7781404       3.7781404
              2       5.8070019      0.30333541      0.55075894        3.400864         3.400864       4.8122757       4.8122757
              1       5.4278285      0.40821471      0.63891682        3.400864         3.400864        4.053929        4.053929
              1       5.1370362      0.50562039      0.71106989        3.400864         3.400864       3.4723444       3.4723444
              1       4.8190309       0.6475935      0.80473194        3.400864         3.400864       2.8363338       2.8363338
              1       6.4771973      0.15152588      0.38926326        3.400864         3.400864       6.1526666       6.1526666
              1       5.6114421      0.35505892      0.59586821        3.400864         3.400864       4.4211561       4.4211561
              1        6.008646      0.25409726      0.50408061        3.400864         3.400864       5.2155641       5.2155641
              4       5.4360811      0.40571128      0.63695469        3.400864         3.400864       4.0704342       4.0704342
              1       4.7531665       1.1855576       1.0888332        3.400864         3.400864       2.7046051       2.7046051
              3       4.6086454      0.81071023      0.90039449        3.400864         3.400864       2.4155628       2.4155628
              1       4.5628093      0.90402223      0.95080084        3.400864         3.400864       2.3238906       2.3238906
              1       4.6006218       1.0510345       1.0251997        3.400864         3.400864       2.3995157       2.3995157
              2        4.589467       1.0341997       1.0169561        3.400864         3.400864        2.377206        2.377206
              4        5.471794       1.4774541       1.2155057        3.400864         3.400864       4.1418599       4.1418599
              4        5.481293       1.4802648       1.2166613        3.400864         3.400864       4.1608581       4.1608581
              2       4.5597327      0.92919116      0.96394562        3.400864         3.400864       2.3177374       2.3177374
              1       4.5871811       1.0303789       1.0150758        3.400864         3.400864       2.3726342       2.3726342
              1       4.6503426       1.1069524       1.0521181        3.400864         3.400864       2.4989572       2.4989572
              3       4.6850114      0.73553961      0.85763606        3.400864         3.400864       2.5682948       2.5682948
              4       4.8294321      0.64186473      0.80116461        3.400864         3.400864       2.8571362       2.8571362
              3       4.5629661      0.90324996      0.95039464        3.400864         3.400864       2.3242042       2.3242042
              2       4.6962357      0.72675258      0.85249785        3.400864         3.400864       2.5907433       2.5907433
              2       4.7367636       0.6977043      0.83528696        3.400864         3.400864       2.6717991       2.6717991
              1       4.7583197       1.1888543       1.0903459        3.400864         3.400864       2.7149115       2.7149115
              2       4.9610488      0.57718423      0.75972642        3.400864         3.400864       3.1203695       3.1203695
              2       4.8013818      0.65758365      0.81091532        3.400864         3.400864       2.8010356       2.8010356
              2       4.5686685      0.88220536      0.93925788        3.400864         3.400864        2.335609        2.335609
              1       4.5849691       1.0265279       1.0131771        3.400864         3.400864       2.3682103       2.3682103
              4       4.6839715       1.1360921       1.0658762        3.400864         3.400864       2.5662151       2.5662151
              3       4.9470624       1.2889714       1.1353288        3.400864         3.400864       3.0923968       3.0923968
              3       5.5465356         1.49919       1.2244141        3.400864         3.400864       4.2913433       4.2913433
              2       4.8191122       1.2249171       1.1067597        3.400864         3.400864       2.8364965       2.8364965
              3       4.5617836      0.90962181      0.95374096        3.400864         3.400864       2.3218392       2.3218392
              2       4.5737818      0.86869843      0.93203993        3.400864         3.400864       2.3458356       2.3458356
              1        4.610041      0.80893765      0.89940961        3.400864         3.400864        2.418354        2.418354
              3       4.7676724       1.1947301       1.0930371        3.400864         3.400864       2.7336168       2.7336168
              4       4.5767752       1.0105434       1.0052579        3.400864         3.400864       2.3518224       2.3518224
              5       5.3744882       1.4477744        1.203235        3.400864         3.400864       3.9472484       3.9472484
              1       5.8997658      0.28022484      0.52936267        3.400864         3.400864       4.9978036       4.9978036
              2       4.5599361      0.94695118      0.97311416        3.400864         3.400864       2.3181441       2.3181441
              2       4.5926945      0.83311175      0.91274956        3.400864         3.400864       2.3836611       2.3836611
              1       4.5760458       1.0089503       1.0044652        3.400864         3.400864       2.3503635       2.3503635
              1       4.8721899      0.61940085      0.78702023        3.400864         3.400864       2.9426518       2.9426518
              3       4.6194103       1.0748422        1.036746        3.400864         3.400864       2.4370926       2.4370926
              1       6.1061085       1.6409346       1.2809897        3.400864         3.400864        5.410489        5.410489
              2       5.1662155       1.3775904        1.173708        3.400864         3.400864       3.5307029       3.5307029
              4       6.2362957       1.6699963       1.2922834        3.400864         3.400864       5.6708634       5.6708634
              1       4.5716381      0.99846226      0.99923084        3.400864         3.400864       2.3415483       2.3415483
              2       5.0276427       0.5485476         0.74064        3.400864         3.400864       3.2535575       3.2535575
              1       4.6787543      0.74060937      0.86058665        3.400864         3.400864       2.5557805       2.5557805
              2       4.5632247      0.97045125      0.98511484        3.400864         3.400864       2.3247215       2.3247215
              1       4.7573018      0.68425886      0.82719941        3.400864         3.400864       2.7128756       2.7128756
              1       4.5635609      0.90047173      0.94893189        3.400864         3.400864       2.3253938       2.3253938
              1       4.7391537       1.1763645       1.0846034        3.400864         3.400864       2.6765795       2.6765795
              3       5.0983321       1.3521638       1.1628258        3.400864         3.400864       3.3949362       3.3949362
              2       6.1029486       1.6402143       1.2807085        3.400864         3.400864       5.4041691       5.4041691
              2       7.0122944       1.8236949       1.3504425        3.400864         3.400864       7.2228608       7.2228608
              3       5.0595734       1.3369233        1.156254        3.400864         3.400864       3.3174188       3.3174188
              2       6.2689832       1.6771141       1.2950344        3.400864         3.400864       5.7362384       5.7362384
              1        4.626695       1.0830379       1.0406911        3.400864         3.400864       2.4516619       2.4516619
              1        5.184525       1.3842015       1.1765209        3.400864         3.400864        3.567322        3.567322
              5       5.4480848       1.4703745         1.21259        3.400864         3.400864       4.0944416       4.0944416
              5       4.5598216       0.9450718      0.97214803        3.400864         3.400864       2.3179152       2.3179152
              1       4.9020209        1.267837       1.1259827        3.400864         3.400864       3.0023138       3.0023138
              3       6.1705105       1.6554579        1.286646        3.400864         3.400864        5.539293        5.539293
              4       5.2236822       1.3980224         1.18238        3.400864         3.400864       3.6456364       3.6456364
              2        4.857594       1.2455796       1.1160554        3.400864         3.400864         2.91346         2.91346
              1        7.432031       1.8966339       1.3771833        3.400864         3.400864       8.0623341       8.0623341
              1       4.5664135      0.98308187      0.99150485        3.400864         3.400864        2.331099        2.331099
              1       4.6560117       1.1122032       1.0546105        3.400864         3.400864       2.5102953       2.5102953
              1       5.0626584      0.53430785      0.73096365        3.400864         3.400864       3.3235888       3.3235888
              1       8.2728773       2.0281914       1.4241458        3.400864         3.400864       9.7440266       9.7440266
              1       8.1351873       2.0077551       1.4169527        3.400864         3.400864       9.4686465       9.4686465
              1       5.0545663      0.53755348      0.73318039        3.400864         3.400864       3.3074046       3.3074046
              1       7.0197035     0.047431013      0.21778662        3.400864         3.400864       7.2376791       7.2376791
              2       5.8046715      0.30392685      0.55129561        3.400864         3.400864        4.807615        4.807615
              3       4.5661175       0.8904092      0.94361496        3.400864         3.400864        2.330507        2.330507
              1        4.644084       1.1009614       1.0492671        3.400864         3.400864         2.48644         2.48644
              3       4.6355839       1.0924572       1.0452068        3.400864         3.400864       2.4694399       2.4694399
              2        4.784765      0.66732842      0.81690172        3.400864         3.400864       2.7678021       2.7678021
              3       4.7813217       1.2030731       1.0968469        3.400864         3.400864       2.7609154       2.7609154
              5       4.7234376      0.70684936      0.84074334        3.400864         3.400864       2.6451472       2.6451472
              2       4.6875813      0.73349415      0.85644273        3.400864         3.400864       2.5734345       2.5734345
              1       4.8580482       1.2458153       1.1161609        3.400864         3.400864       2.9143684       2.9143684
              4       5.2032261      0.48161074       0.6939818        3.400864         3.400864       3.6047242       3.6047242
              2       5.3599089       1.4431778       1.2013234        3.400864         3.400864       3.9180898       3.9180898
              1       4.6737539        1.127708        1.061936        3.400864         3.400864       2.5457798       2.5457798
              1       4.5937885        1.041043       1.0203151        3.400864         3.400864       2.3858489       2.3858489
              2       4.7220791      0.70780223      0.84130983        3.400864         3.400864       2.6424302       2.6424302
              7       4.6489825       1.1056685       1.0515077        3.400864         3.400864        2.496237        2.496237
              2         4.75485      0.68582602      0.82814613        3.400864         3.400864       2.7079719       2.7079719
              1       5.6555378      0.34300214      0.58566385        3.400864         3.400864       4.5093475       4.5093475
              5        4.786854       1.2063813       1.0983539        3.400864         3.400864         2.77198         2.77198
             10       4.5602674       0.9213568      0.95987333        3.400864         3.400864       2.3188069       2.3188069
              6       4.5647618       0.8954347      0.94627412        3.400864         3.400864       2.3277956       2.3277956
              1        5.688762      0.33407732      0.57799423        3.400864         3.400864        4.575796        4.575796
              1       5.9950531       1.6151612       1.2708899        3.400864         3.400864       5.1883783       5.1883783
              1       6.9199295       1.8068245       1.3441817        3.400864         3.400864       7.0381311       7.0381311
              2        5.223031      0.47466942      0.68896257        3.400864         3.400864        3.644334        3.644334
              1        4.725503      0.70540823      0.83988584        3.400864         3.400864        2.649278        2.649278
              2       5.3454898       1.4385904       1.1994125        3.400864         3.400864       3.8892516       3.8892516
              2       5.8551288       1.5812233        1.257467        3.400864         3.400864       4.9085296       4.9085296
              2        5.583914      0.36271421      0.60225759        3.400864         3.400864          4.3661          4.3661
              1       5.5586368      0.36983467      0.60814034        3.400864         3.400864       4.3155457       4.3155457
              2       5.0021988       1.3132333       1.1459639        3.400864         3.400864       3.2026697       3.2026697
              1       5.8881935       1.5894021       1.2607149        3.400864         3.400864        4.974659        4.974659
              1       4.5596224      0.93247069      0.96564522        3.400864         3.400864       2.3175167       2.3175167
              3       4.6997975       1.1484252        1.071646        3.400864         3.400864       2.5978671       2.5978671
              1       4.5606196      0.95451847      0.97699461        3.400864         3.400864       2.3195112       2.3195112
              1        4.884569       1.2592767        1.122175        3.400864         3.400864       2.9674099       2.9674099
              1       5.2041658        0.481279      0.69374275        3.400864         3.400864       3.6066036       3.6066036
              1       6.7503979     0.097488415      0.31223135        3.400864         3.400864       6.6990679       6.6990679
              3       4.6717274      0.74646414      0.86398156        3.400864         3.400864       2.5417269       2.5417269
              3       4.9441255       0.5848332      0.76474388        3.400864         3.400864       3.0865231       3.0865231
              1       5.9709108      0.26303762      0.51287193        3.400864         3.400864       5.1400936       5.1400936
              1       6.4511842      0.15686645       0.3960637        3.400864         3.400864       6.1006404       6.1006404
              5       4.5924849      0.83343864       0.9129286        3.400864         3.400864       2.3832418       2.3832418
              5       6.3009386        1.684007        1.297693        3.400864         3.400864       5.8001492       5.8001492
              2       5.8158192       1.5713628       1.2535401        3.400864         3.400864       4.8299103       4.8299103
              3       5.4438758       1.4691078       1.2120676        3.400864         3.400864       4.0860237       4.0860237
              3       4.9396359       1.2855748       1.1338319        3.400864         3.400864       3.0775438       3.0775438
              1       4.5599675      0.92505257      0.96179653        3.400864         3.400864       2.3182071       2.3182071
              1       4.6201211       1.0756631       1.0371418        3.400864         3.400864       2.4385142       2.4385142
              6       4.6365878      0.77897991      0.88259838        3.400864         3.400864       2.4714475       2.4714475
              1       4.5807593       1.0187035       1.0093084        3.400864         3.400864       2.3597907       2.3597907
              2       4.5739962      0.86819066      0.93176749        3.400864         3.400864       2.3462644       2.3462644
             10       4.6043365        1.056117       1.0276755        3.400864         3.400864       2.4069449       2.4069449
              3       4.6169396      0.80051523      0.89471517        3.400864         3.400864       2.4321512       2.4321512
              3       5.0749938      0.52941015      0.72760577        3.400864         3.400864       3.3482596       3.3482596
              1       4.5999306      0.82240172      0.90686367        3.400864         3.400864       2.3981332       2.3981332
              3        4.766808       1.1941926       1.0927912        3.400864         3.400864       2.7318881       2.7318881
              6       4.9921791       1.3089417       1.1440899        3.400864         3.400864       3.1826302       3.1826302
              2       6.3841681       1.7016687       1.3044802        3.400864         3.400864       5.9666083       5.9666083
              2       4.5783712      0.85855021      0.92657984        3.400864         3.400864       2.3550144       2.3550144
              3       5.2146162       1.3948595       1.1810417        3.400864         3.400864       3.6275044       3.6275044
              2        4.982565       1.3047769       1.1422683        3.400864         3.400864       3.1634021       3.1634021
              1       4.7163302       1.1605861        1.077305        3.400864         3.400864       2.6309323       2.6309323
              4       4.9596257       1.2946442       1.1378243        3.400864         3.400864       3.1175235       3.1175235
              2       6.1097694       1.6417682        1.281315        3.400864         3.400864       5.4178109       5.4178109
              1       4.7764622      0.67233237      0.81995876        3.400864         3.400864       2.7511964       2.7511964
              1       4.7888648      0.66489163      0.81540888        3.400864         3.400864       2.7760016       2.7760016
              2       5.0581972       1.3363714       1.1560153        3.400864         3.400864       3.3146664       3.3146664
              1       5.0967201      0.52092425      0.72175082        3.400864         3.400864       3.3917123       3.3917123
              5       5.2718941      0.45797436      0.67673803        3.400864         3.400864       3.7420602       3.7420602
              1       5.5287708       0.3783649      0.61511373        3.400864         3.400864       4.2558136       4.2558136
              3       5.1789107      0.49028062      0.70020042        3.400864         3.400864       3.5560935       3.5560935
              1       4.7350003       1.1735712       1.0833149        3.400864         3.400864       2.6682726       2.6682726
              1       4.9987646       1.3117679       1.1453244        3.400864         3.400864       3.1958013       3.1958013
              1       5.2046897       1.3913712        1.179564        3.400864         3.400864       3.6076514       3.6076514
              3       5.1164407      0.51336917      0.71649785        3.400864         3.400864       3.4311535       3.4311535
              1       6.7142015      0.10444608      0.32318118        3.400864         3.400864       6.6266751       6.6266751
              1       7.1951237     0.016288445      0.12762619        3.400864         3.400864       7.5885194       7.5885194
              1       5.0326412      0.54648304      0.73924491        3.400864         3.400864       3.2635545       3.2635545
              1       5.0734224      0.53003079      0.72803213        3.400864         3.400864       3.3451168       3.3451168
              1       4.9921874      0.56352008      0.75067974        3.400864         3.400864       3.1826468       3.1826468
              1       4.6874192      0.73362256      0.85651769        3.400864         3.400864       2.5731104       2.5731104
              4       5.2787876      0.45566573      0.67503017        3.400864         3.400864       3.7558472       3.7558472
              2       4.5648851      0.97751313      0.98869264        3.400864         3.400864       2.3280423       2.3280423
              2       4.6350968       1.0919558       1.0449669        3.400864         3.400864       2.4684656       2.4684656
              2       4.6786431       1.1317648       1.0638443        3.400864         3.400864       2.5555583       2.5555583
              4       4.8311055       1.2315119       1.1097351        3.400864         3.400864       2.8604831       2.8604831
              3       4.6440283        1.100907       1.0492412        3.400864         3.400864       2.4863285       2.4863285
              2       5.0069314       1.3152434       1.1468406        3.400864         3.400864       3.2121347       3.2121347
              2        4.782662      0.66858706      0.81767173        3.400864         3.400864       2.7635959       2.7635959
              1       4.5695686      0.99287173      0.99642949        3.400864         3.400864       2.3374092       2.3374092
              2       5.2358243      0.47024052      0.68574085        3.400864         3.400864       3.6699206       3.6699206
              7       4.5637664      0.97290461      0.98635927        3.400864         3.400864       2.3258047       2.3258047
              4       4.5605924      0.91818715      0.95822082        3.400864         3.400864       2.3194568       2.3194568
              2       5.2869084       1.4195051       1.1914299        3.400864         3.400864       3.7720888       3.7720888
              1       6.0124752       1.6192688       1.2725049        3.400864         3.400864       5.2232224       5.2232224
              2        5.137888       1.3671624       1.1692572        3.400864         3.400864        3.474048        3.474048
              1       5.4991459       1.4855082       1.2188143        3.400864         3.400864       4.1965638       4.1965638
              1       4.9280215       1.2801955       1.1314573        3.400864         3.400864       3.0543151       3.0543151
              1       4.5622607      0.90688401      0.95230458        3.400864         3.400864       2.3227934       2.3227934
              2       5.4050628      0.41518307      0.64434701        3.400864         3.400864       4.0083976       4.0083976
              4       5.4171816       1.4610033       1.2087197        3.400864         3.400864       4.0326352       4.0326352
              2       4.5618011      0.96294904      0.98129967        3.400864         3.400864       2.3218742       2.3218742
              1       5.2729019      0.45763613      0.67648808        3.400864         3.400864       3.7440759       3.7440759
              5       4.8362412       1.2342913       1.1109866        3.400864         3.400864       2.8707544       2.8707544
              2       4.5671006      0.88708506      0.94185193        3.400864         3.400864       2.3324732       2.3324732
              1       5.0906918      0.52326132      0.72336804        3.400864         3.400864       3.3796556       3.3796556
              1       4.9340037       1.2829766       1.1326856        3.400864         3.400864       3.0662793       3.0662793
              1       5.4603368       1.4740446       1.2141024        3.400864         3.400864       4.1189456       4.1189456
              1       5.7642576        1.558192       1.2482756        3.400864         3.400864       4.7267872       4.7267872
              1       6.2798363       1.6794624       1.2959407        3.400864         3.400864       5.7579447       5.7579447
              1       6.3183322       1.6877323       1.2991275        3.400864         3.400864       5.8349364       5.8349364
              1       4.7666073       1.1940677        1.092734        3.400864         3.400864       2.7314867       2.7314867
              2       6.9128762       1.8055227       1.3436974        3.400864         3.400864       7.0240244       7.0240244
             11       4.6293804       1.0859461       1.0420874        3.400864         3.400864       2.4570329       2.4570329
              1       4.6276074      0.78843293      0.88793746        3.400864         3.400864       2.4534868       2.4534868
              2       5.6319491       1.5230444       1.2341168        3.400864         3.400864       4.4621702       4.4621702
              3       5.9938679       1.6148808       1.2707796        3.400864         3.400864       5.1860079       5.1860079
              1       4.9198395      0.59611046       0.7720819        3.400864         3.400864        3.037951        3.037951
              3       6.8550723       1.7947802       1.3396941        3.400864         3.400864       6.9084166       6.9084166
              1       5.1391592       1.3676358       1.1694596        3.400864         3.400864       3.4765903       3.4765903
              1       6.0722749       0.2392818      0.48916439        3.400864         3.400864       5.3428218       5.3428218
              4       5.3716518        0.425582      0.65236646        3.400864         3.400864       3.9415755       3.9415755
              5       4.6193048      0.79774545      0.89316597        3.400864         3.400864       2.4368816       2.4368816
              3       4.5783918      0.85850753      0.92655682        3.400864         3.400864       2.3550557       2.3550557
              1       4.5646017      0.97639562      0.98812733        3.400864         3.400864       2.3274754       2.3274754
              2        5.154918      0.49900395      0.70640212        3.400864         3.400864       3.5081081       3.5081081
              2       4.7405996       1.1773293       1.0850481        3.400864         3.400864       2.6794713       2.6794713
              2       5.0101914      0.55584349      0.74554912        3.400864         3.400864       3.2186548       3.2186548
              1       5.0683429       1.3404219       1.1577659        3.400864         3.400864       3.3349578       3.3349578
              8       4.6363304       1.0932224       1.0455728        3.400864         3.400864       2.4709327       2.4709327
              1       4.5665153      0.88903588      0.94288699        3.400864         3.400864       2.3313026       2.3313026
              3       4.5657892      0.89157414      0.94423204        3.400864         3.400864       2.3298504       2.3298504
              1       4.8053768       0.6552912      0.80950059        3.400864         3.400864       2.8090256       2.8090256
              1        4.585285       1.0270879       1.0134535        3.400864         3.400864       2.3688421       2.3688421
              1       4.7737832       1.1984981       1.0947594        3.400864         3.400864       2.7458385       2.7458385
              1       4.5841744       1.0251035        1.012474        3.400864         3.400864       2.3666208       2.3666208
              3        4.840058       1.2363403       1.1119084        3.400864         3.400864        2.878388        2.878388
              2       4.8682589       1.2510662       1.1185107        3.400864         3.400864       2.9347899       2.9347899
              1       6.2995217       1.6837028       1.2975757        3.400864         3.400864       5.7973154       5.7973154
              1       4.6542183       1.1105593       1.0538308        3.400864         3.400864       2.5067086       2.5067086
              1       4.5757942      0.86407252      0.92955501        3.400864         3.400864       2.3498605       2.3498605
              2        5.051249      0.53889163      0.73409239        3.400864         3.400864       3.3007701       3.3007701
              1       4.6891254      0.73227499      0.85573067        3.400864         3.400864       2.5765228       2.5765228
              5       4.5894113      0.83835698      0.91561836        3.400864         3.400864       2.3770946       2.3770946
              2       4.5814565      0.85241566      0.92326359        3.400864         3.400864        2.361185        2.361185
              8       4.8535528        1.243475       1.1151121        3.400864         3.400864       2.9053776       2.9053776
              1       5.0793066       1.3447537       1.1596352        3.400864         3.400864       3.3568852       3.3568852
              3       4.5634119      0.90114674      0.94928749        3.400864         3.400864       2.3250959       2.3250959
              2       4.6248001       0.7915146      0.88967106        3.400864         3.400864       2.4478723       2.4478723
              5       6.5316412        1.732001       1.3160551        3.400864         3.400864       6.2615545       6.2615545
              2       4.7201304       1.1632894       1.0785589        3.400864         3.400864       2.6385329       2.6385329
              2       4.6109211        1.064633       1.0318106        3.400864         3.400864       2.4201143       2.4201143
              1       5.3121196      0.44465583      0.66682519        3.400864         3.400864       3.8225112       3.8225112
              2       5.1529927      0.49971151      0.70690276        3.400864         3.400864       3.5042575       3.5042575
              1       5.7716814      0.31235991      0.55889168        3.400864         3.400864       4.7416348       4.7416348
              1       6.6071517      0.12537246      0.35407974        3.400864         3.400864       6.4125754       6.4125754
              2       6.2851081      0.19186503      0.43802401        3.400864         3.400864       5.7684883       5.7684883
              4       6.2346648       1.6696394       1.2921453        3.400864         3.400864       5.6676017       5.6676017
              2       7.3060036        1.875329       1.3694265        3.400864         3.400864       7.8102793       7.8102793
              1       5.3087005      0.44577383      0.66766296        3.400864         3.400864       3.8156729       3.8156729
              1       4.5607675      0.91669159      0.95744013        3.400864         3.400864       2.3198069       2.3198069
              1       4.6092053      0.80999611      0.89999784        3.400864         3.400864       2.4166826       2.4166826
              2         6.08332       1.6357233        1.278954        3.400864         3.400864        5.364912        5.364912
              1       6.6307021       1.7517427       1.3235342        3.400864         3.400864       6.4596763       6.4596763
              1        5.262045      0.46129227      0.67918501        3.400864         3.400864        3.722362        3.722362
              1       4.6380574       1.0949789       1.0464124        3.400864         3.400864       2.4743868       2.4743868
              1       4.5599027      0.94643873      0.97285083        3.400864         3.400864       2.3180774       2.3180774
              1       4.6732452       1.1272811       1.0617349        3.400864         3.400864       2.5447625       2.5447625
              1       4.7384013      0.69660446      0.83462834        3.400864         3.400864       2.6750746       2.6750746
              1       5.4286316      0.40797057      0.63872574        3.400864         3.400864       4.0555352       4.0555352
              2       5.7091864       1.5438095       1.2425013        3.400864         3.400864       4.6166449       4.6166449
              1       4.8283855      0.64243613      0.80152113        3.400864         3.400864        2.855043        2.855043
              1       4.8604708       1.2470692       1.1167225        3.400864         3.400864       2.9192137       2.9192137
              1       4.6149446       0.8028962      0.89604475        3.400864         3.400864       2.4281612       2.4281612
              1       6.8106561       1.7864335       1.3365753        3.400864         3.400864       6.8195842       6.8195842
              4       5.7806335       0.3100603      0.55683058        3.400864         3.400864       4.7595391       4.7595391
              7       4.7659211      0.67882533      0.82390857        3.400864         3.400864       2.7301142       2.7301142
              2       6.4404853      0.15907363      0.39884035        3.400864         3.400864       6.0792425       6.0792425
              7       7.0778959     0.036980487      0.19230311        3.400864         3.400864       7.3540639       7.3540639
              1       4.6147184      0.80316885      0.89619688        3.400864         3.400864       2.4277088       2.4277088
              2       4.8170976       1.2237944       1.1062524        3.400864         3.400864       2.8324672       2.8324672
              1       4.6666833       1.1216845       1.0590961        3.400864         3.400864       2.5316386       2.5316386
              2       4.5913185       1.0371885       1.0184245        3.400864         3.400864       2.3809091       2.3809091
             11        4.580269       1.0177433       1.0088327        3.400864         3.400864       2.3588101       2.3588101
              2       4.6034236      0.81757725      0.90419978        3.400864         3.400864       2.4051191       2.4051191
              5       4.6224929      0.79409738      0.89112142        3.400864         3.400864       2.4432578       2.4432578
              2          5.3239      0.44082315      0.66394514        3.400864         3.400864       3.8460721       3.8460721
              1       4.6015716       1.0523552       1.0258437        3.400864         3.400864       2.4014153       2.4014153
              1       4.8824177      0.61425965      0.78374718        3.400864         3.400864       2.9631073       2.9631073
              1       4.5862009      0.84377325      0.91857131        3.400864         3.400864       2.3706737       2.3706737
              2       4.5595973      0.93376026      0.96631271        3.400864         3.400864       2.3174667       2.3174667
              1       5.1841679      0.48839192      0.69885043        3.400864         3.400864       3.5666077       3.5666077
              1       5.3806182       0.4227706      0.65020812        3.400864         3.400864       3.9595083       3.9595083
              1       4.9055453        1.269539       1.1267382        3.400864         3.400864       3.0093626       3.0093626
              1       4.7955451       1.2114981       1.1006808        3.400864         3.400864       2.7893622       2.7893622
              2       4.8439278       1.2384035       1.1128358        3.400864         3.400864       2.8861277       2.8861277
              1       5.1113993       1.3571777       1.1649797        3.400864         3.400864       3.4210707       3.4210707
              1        4.991214       1.3085257       1.1439081        3.400864         3.400864       3.1806999       3.1806999
              1       5.6476601       1.5273273       1.2358509        3.400864         3.400864       4.4935923       4.4935923
              2       4.7196198      0.70953734      0.84234039        3.400864         3.400864       2.6375116       2.6375116
              1       4.9902313       1.3081017       1.1437227        3.400864         3.400864       3.1787346       3.1787346
              1       4.9244689       1.2785332       1.1307224        3.400864         3.400864       3.0472098       3.0472098
              7       5.4105056      0.41350864      0.64304637        3.400864         3.400864       4.0192831       4.0192831
              1       4.6987869      0.72480627      0.85135555        3.400864         3.400864       2.5958457       2.5958457
              1       4.6083974       0.8110278      0.90057082        3.400864         3.400864       2.4150668       2.4150668
              6       5.0127145       1.3176853       1.1479048        3.400864         3.400864       3.2237011       3.2237011
              2       4.5777245       1.0125669       1.0062638        3.400864         3.400864        2.353721        2.353721
              2       4.8897648       1.2618488       1.1233204        3.400864         3.400864       2.9778016       2.9778016
              1       4.6166897      0.80081114      0.89488052        3.400864         3.400864       2.4316514       2.4316514
              1       6.0105096      0.25365877      0.50364548        3.400864         3.400864       5.2192913       5.2192913
              2       4.8351636       1.2337103       1.1107251        3.400864         3.400864       2.8685992       2.8685992
              1       4.6946496       1.1444936       1.0698101        3.400864         3.400864       2.5875713       2.5875713
              4       4.6025764       1.0537362       1.0265165        3.400864         3.400864       2.4034248       2.4034248
              8       4.5846788      0.84645516      0.92002998        3.400864         3.400864       2.3676296       2.3676296
              1       4.6451815      0.77043769       0.8777458        3.400864         3.400864       2.4886351       2.4886351
              4        4.676132       1.1296918       1.0628696        3.400864         3.400864        2.550536        2.550536
              3       6.3514501      0.17769054      0.42153355        3.400864         3.400864       5.9011721       5.9011721
              1       4.9454967       1.2882581       1.1350146        3.400864         3.400864       3.0892654       3.0892654
              2       4.6749437       1.1287031       1.0624044        3.400864         3.400864       2.5481593       2.5481593
              1       4.7684725       1.1952265       1.0932642        3.400864         3.400864        2.735217        2.735217
              1         4.56363       0.9001628       0.9487691        3.400864         3.400864        2.325532        2.325532
              1       4.5763964       1.0097204       1.0048484        3.400864         3.400864       2.3510648       2.3510648
              1       4.5906094       1.0360544       1.0178676        3.400864         3.400864       2.3794909       2.3794909
              1       4.7661405      0.67868852      0.82382554        3.400864         3.400864        2.730553        2.730553
              3       5.7859496       0.3086987      0.55560661        3.400864         3.400864       4.7701713       4.7701713
              3        5.227596      0.47308419      0.68781116        3.400864         3.400864       3.6534641       3.6534641
              5       5.2276082       1.3993854       1.1829562        3.400864         3.400864       3.6534884       3.6534884
              2       4.5839895       0.8476964       0.9207043        3.400864         3.400864       2.3662511       2.3662511
              4       4.6890138       1.1401025       1.0677558        3.400864         3.400864       2.5762996       2.5762996
              2       4.5973685       1.0463906       1.0229324        3.400864         3.400864       2.3930089       2.3930089
              9       4.5971504      0.82639312      0.90906167        3.400864         3.400864       2.3925727       2.3925727
              1       4.5908629      0.83600407      0.91433258        3.400864         3.400864       2.3799978       2.3799978
              2       5.1821486      0.48911642      0.69936859        3.400864         3.400864       3.5625692       3.5625692
              1       4.9473861       1.2891187       1.1353937        3.400864         3.400864       3.0930442       3.0930442
              1       4.5663146      0.88972362      0.94325162        3.400864         3.400864       2.3309012       2.3309012
              1       6.4056754       1.7061667       1.3062032        3.400864         3.400864       6.0096228       6.0096228
              2       5.6807557      0.33621587      0.57984124        3.400864         3.400864       4.5597834       4.5597834
              2       5.1058883      0.51739493      0.71930169        3.400864         3.400864       3.4100486       3.4100486
              3       4.5770941      0.86123611      0.92802808        3.400864         3.400864       2.3524602       2.3524602
              2       4.5605428      0.91863363      0.95845377        3.400864         3.400864       2.3193577       2.3193577
              5       5.2439823      0.46743816      0.68369449        3.400864         3.400864       3.6862366       3.6862366
              1        5.239331      0.46903386      0.68486047        3.400864         3.400864       3.6769341       3.6769341
              1       4.6269547       0.7891437      0.88833761        3.400864         3.400864       2.4521814       2.4521814
              1       5.7458297       1.5534166       1.2463614        3.400864         3.400864       4.6899314       4.6899314
              3       5.4923619       1.4835217        1.217999        3.400864         3.400864       4.1829959       4.1829959
              1       6.0677538      0.24032409      0.49022861        3.400864         3.400864       5.3337796       5.3337796
              1       4.5687874      0.88185322       0.9390704        3.400864         3.400864       2.3358468       2.3358468
              1       5.2203538       1.3968637       1.1818899        3.400864         3.400864       3.6389796       3.6389796
              1       4.6145827      0.80333261      0.89628824        3.400864         3.400864       2.4274375       2.4274375
              2       4.7970936       1.2123998       1.1010903        3.400864         3.400864       2.7924591       2.7924591
              8        4.606392        1.058839        1.028999        3.400864         3.400864       2.4110561       2.4110561
              4       4.6390114      0.77652459      0.88120633        3.400864         3.400864       2.4762947       2.4762947
              3       4.7736251       0.6740641      0.82101407        3.400864         3.400864       2.7455222       2.7455222
              1       4.6036307       1.0551681       1.0272138        3.400864         3.400864       2.4055335       2.4055335
              1       5.7932262       1.5656256       1.2512496        3.400864         3.400864       4.7847243       4.7847243
              2       4.5873898      0.84173115      0.91745907        3.400864         3.400864       2.3730517       2.3730517
              3       4.5999724      0.82234276      0.90683116        3.400864         3.400864       2.3982168       2.3982168
              3       5.1396967      0.50462957      0.71037284        3.400864         3.400864       3.4776654       3.4776654
              5       5.4149131      0.41215663      0.64199426        3.400864         3.400864       4.0280981       4.0280981
              2       4.5752332      0.86533185      0.93023215        3.400864         3.400864       2.3487384       2.3487384
              9       4.6086453      0.81071027      0.90039451        3.400864         3.400864       2.4155627       2.4155627
              4       5.7651328      0.31404749       0.5603994        3.400864         3.400864       4.7285375       4.7285375
              1       4.5864749       1.0291667       1.0144786        3.400864         3.400864       2.3712218       2.3712218
              1       4.5659421      0.98143763      0.99067534        3.400864         3.400864       2.3301563       2.3301563
              3       5.1853647       1.3845023       1.1766488        3.400864         3.400864       3.5690014       3.5690014
              2       4.7777985       1.2009447       1.0958762        3.400864         3.400864       2.7538689       2.7538689
              4       4.6183727      0.79883034      0.89377309        3.400864         3.400864       2.4350173       2.4350173
              4       5.0431552      0.54217571      0.73632582        3.400864         3.400864       3.2845823       3.2845823
              1        4.765161      0.67929989      0.82419651        3.400864         3.400864        2.728594        2.728594
              2        4.571273      0.87495227      0.93538883        3.400864         3.400864       2.3408181       2.3408181
              1       4.5670522      0.98522187      0.99258343        3.400864         3.400864       2.3323764       2.3323764
              1       4.5674618      0.98654623      0.99325034        3.400864         3.400864       2.3331955       2.3331955
              1       5.2645746       0.4604379      0.67855574        3.400864         3.400864       3.7274212       3.7274212
              3       4.5980142      0.82513765      0.90837088        3.400864         3.400864       2.3943003       2.3943003
              1       4.8662757       1.2500532       1.1180578        3.400864         3.400864       2.9308235       2.9308235
              2       4.8239267       1.2275824       1.1079632        3.400864         3.400864       2.8461253       2.8461253
              3       4.8827974        1.258395       1.1217821        3.400864         3.400864       2.9638667       2.9638667
              1       4.5671655      0.88687364      0.94173969        3.400864         3.400864        2.332603        2.332603
              2       4.6226792      0.79388705      0.89100339        3.400864         3.400864       2.4436305       2.4436305
              1       4.5843308      0.84707976      0.92036936        3.400864         3.400864       2.3669335       2.3669335
              1       4.7469344       1.1815116       1.0869736        3.400864         3.400864       2.6921408       2.6921408
              2       4.6846986      0.73579003      0.85778204        3.400864         3.400864       2.5676692       2.5676692
              2       5.2603253      0.46187397       0.6796131        3.400864         3.400864       3.7189226       3.7189226
              1       4.6007925       1.0512729        1.025316        3.400864         3.400864        2.399857        2.399857
              2       4.6365875       1.0934852       1.0456984        3.400864         3.400864        2.471447        2.471447
              1       4.7801569       1.2023713       1.0965269        3.400864         3.400864       2.7585857       2.7585857
              7       4.6737139       1.1276745       1.0619202        3.400864         3.400864       2.5456999       2.5456999
              1       4.6499894       0.7658454      0.87512593        3.400864         3.400864       2.4982508       2.4982508
              1       4.5615318      0.96127836      0.98044804        3.400864         3.400864       2.3213356       2.3213356
              3       6.1219435       0.2279322      0.47742246        3.400864         3.400864        5.442159        5.442159
              1        6.780431      0.09175897      0.30291743        3.400864         3.400864       6.7591341       6.7591341
              2       5.6794621      0.33656212      0.58013974        3.400864         3.400864       4.5571961       4.5571961
              1       6.2861196       0.1916469      0.43777494        3.400864         3.400864       5.7705112       5.7705112
              2       7.0689153     0.038585334       0.1964315        3.400864         3.400864       7.3361027       7.3361027
              4       6.5271108      0.14137896      0.37600394        3.400864         3.400864       6.2524936       6.2524936
              1       5.1545718       0.4991311      0.70649211        3.400864         3.400864       3.5074156       3.5074156
              1        4.562725      0.90444513       0.9510232        3.400864         3.400864       2.3237221       2.3237221
              3       4.5619939      0.90838194      0.95309073        3.400864         3.400864       2.3222597       2.3222597
              1       4.7491294      0.68952114       0.8303741        3.400864         3.400864       2.6965309       2.6965309
              1       6.4322266       1.7116837       1.3083133        3.400864         3.400864       6.0627253       6.0627253
              4       7.1988835       1.8568329       1.3626565        3.400864         3.400864       7.5960389       7.5960389
              1       7.5490928       1.9160082       1.3841995        3.400864         3.400864       8.2964576       8.2964576
              4       4.5945007       1.0421284       1.0208469        3.400864         3.400864       2.3872734       2.3872734
              3       4.7167201       0.7116004       0.8435641        3.400864         3.400864       2.6317123       2.6317123
              3        4.719263       1.1626751       1.0782742        3.400864         3.400864       2.6367979       2.6367979
              6       5.5266796       1.4934983       1.2220877        3.400864         3.400864       4.2516311       4.2516311
              3       4.7998078      0.65849202      0.81147521        3.400864         3.400864       2.7978877       2.7978877
              4       4.5680777      0.98847481       0.9942207        3.400864         3.400864       2.3344274       2.3344274
              1       4.7964228       1.2120096       1.1009131        3.400864         3.400864       2.7911177       2.7911177
              2       4.7287563      0.70315634      0.83854418        3.400864         3.400864       2.6557846       2.6557846
              1       4.6248612       1.0810185       1.0397204        3.400864         3.400864       2.4479945       2.4479945
              1       4.7598897      0.68261524      0.82620532        3.400864         3.400864       2.7180515       2.7180515
              1       5.2584433       0.4625114      0.68008191        3.400864         3.400864       3.7151586       3.7151586
              1       4.6947357      0.72790535      0.85317369        3.400864         3.400864       2.5877435       2.5877435
              1       4.5898205       1.0347774       1.0172401        3.400864         3.400864       2.3779131       2.3779131
              6       4.5697816       0.9934724      0.99673085        3.400864         3.400864       2.3378353       2.3378353
              1       4.6419707      0.77357678      0.87953214        3.400864         3.400864       2.4822134       2.4822134
              1       4.6948136         1.14462       1.0698691        3.400864         3.400864       2.5878992       2.5878992
              3       4.6965619       1.1459627       1.0704965        3.400864         3.400864       2.5913959       2.5913959
              2       5.3245915      0.44059909      0.66377639        3.400864         3.400864       3.8474551       3.8474551
              2       5.7150773      0.32710121      0.57192763        3.400864         3.400864       4.6284266       4.6284266
              1       4.9475518       1.2891941       1.1354269        3.400864         3.400864       3.0933756       3.0933756
              2       5.7689047       1.5593905       1.2487556        3.400864         3.400864       4.7360815       4.7360815
              2       4.8455743       1.2392771       1.1132282        3.400864         3.400864       2.8894206       2.8894206
              1       5.1423281       1.3688136       1.1699631        3.400864         3.400864       3.4829282       3.4829282
              1       4.6603394      0.75635691      0.86968782        3.400864         3.400864       2.5189507       2.5189507
              1       4.5788746      0.85751651      0.92602187        3.400864         3.400864       2.3560213       2.3560213
              1       4.5601412      0.92278864      0.96061889        3.400864         3.400864       2.3185543       2.3185543
              2       5.0312037       1.3253897       1.1512557        3.400864         3.400864       3.2606794       3.2606794
              1        6.675575       1.7605297       1.3268496        3.400864         3.400864       6.5494221       6.5494221
              1        6.030814        1.623566       1.2741923        3.400864         3.400864          5.2599          5.2599
              1       4.8563522       1.2449344       1.1157663        3.400864         3.400864       2.9109763       2.9109763
              1       4.9196953      0.59617852      0.77212598        3.400864         3.400864       3.0376627       3.0376627
              2       4.6638076       1.1191779       1.0579121        3.400864         3.400864       2.5258872       2.5258872
              1       4.9207548      0.59567869      0.77180223        3.400864         3.400864       3.0397815       3.0397815
              2       4.8911005       1.2625067       1.1236132        3.400864         3.400864       2.9804729       2.9804729
              1       4.6905304       1.1412934       1.0683133        3.400864         3.400864       2.5793328       2.5793328
              1       5.5353853       1.4960009       1.2231111        3.400864         3.400864       4.2690426       4.2690426
              2       5.4893195      0.38983697      0.62436925        3.400864         3.400864       4.1769109       4.1769109
              4       4.8527674       1.2430644        1.114928        3.400864         3.400864       2.9038069       2.9038069
              4        4.622437      0.79416054      0.89115685        3.400864         3.400864        2.443146        2.443146
              2       4.9432469       1.2872305       1.1345618        3.400864         3.400864       3.0847658       3.0847658
              4       4.5831047       1.0231495       1.0115085        3.400864         3.400864       2.3644814       2.3644814
              1       4.7565794      0.68471961      0.82747786        3.400864         3.400864       2.7114307       2.7114307
              1       4.7911034       1.2088951       1.0994977        3.400864         3.400864       2.7804788       2.7804788
              1       5.1773163       1.3816103       1.1754192        3.400864         3.400864       3.5529047       3.5529047
              1       4.6808266       1.1335495       1.0646828        3.400864         3.400864       2.5599253       2.5599253
              1       4.5773868       1.0118532       1.0059092        3.400864         3.400864       2.3530456       2.3530456
              5       4.5652129      0.97876896      0.98932753        3.400864         3.400864       2.3286979       2.3286979
              1       4.6880857      0.73309508      0.85620972        3.400864         3.400864       2.5744434       2.5744434
              3       5.4884733      0.39008565      0.62456837        3.400864         3.400864       4.1752187       4.1752187
              1       5.3991272       1.4554501       1.2064204        3.400864         3.400864       3.9965265       3.9965265
              3       4.5824644      0.85050673      0.92222922        3.400864         3.400864       2.3632008       2.3632008
              1       4.7221701      0.70773824       0.8412718        3.400864         3.400864       2.6426123       2.6426123
              4       4.6382341      0.77730791      0.88165068        3.400864         3.400864       2.4747401       2.4747401
              7       4.5601238      0.94946798      0.97440648        3.400864         3.400864       2.3185196       2.3185196
              1       5.4350871       1.4664532        1.210972        3.400864         3.400864       4.0684463       4.0684463
              1       5.0286606      0.54812631      0.74035553        3.400864         3.400864       3.2555932       3.2555932
              1       4.6977891       1.1469001       1.0709342        3.400864         3.400864       2.5938503       2.5938503
              1       5.2628966      0.46100447       0.6789731        3.400864         3.400864       3.7240652       3.7240652
              1         4.66766      0.74993721      0.86598915        3.400864         3.400864        2.533592        2.533592
              3       4.7593461       1.1895057       1.0906446        3.400864         3.400864       2.7169642       2.7169642
              1       6.6521045       1.7559455       1.3251209        3.400864         3.400864        6.502481        6.502481
              1       4.8088894       1.2191744       1.1041623        3.400864         3.400864       2.8160507       2.8160507
              1       6.4548011       1.7163437        1.310093        3.400864         3.400864       6.1078742       6.1078742
              4       5.0959316       1.3512362       1.1624268        3.400864         3.400864       3.3901352       3.3901352
              2       4.5972907       1.0462771       1.0228769        3.400864         3.400864       2.3928533       2.3928533
              4       4.5763821       1.0096892       1.0048329        3.400864         3.400864       2.3510362       2.3510362
              7       4.7385894      0.69647846      0.83455285        3.400864         3.400864       2.6754508       2.6754508
              1       4.7685324       1.1952636       1.0932811        3.400864         3.400864       2.7353368       2.7353368
              1       4.8721493      0.61942142      0.78703331        3.400864         3.400864       2.9425706       2.9425706
              1       4.5737705       1.0037401       1.0018683        3.400864         3.400864       2.3458131       2.3458131
              4       5.7774781       1.5615955       1.2496381        3.400864         3.400864       4.7532282       4.7532282
              2       4.5681633      0.88372821       0.9400682        3.400864         3.400864       2.3345986       2.3345986
              1       5.3892402      0.42008163      0.64813704        3.400864         3.400864       3.9767523       3.9767523
              1       4.6785518      0.74077558       0.8606832        3.400864         3.400864       2.5553757       2.5553757
              3       4.5718383       0.9989767      0.99948822        3.400864         3.400864       2.3419487       2.3419487
              1       4.9392082      0.58708718      0.76621614        3.400864         3.400864       3.0766884       3.0766884
              1       4.6752104      0.74353991       0.8622876        3.400864         3.400864       2.5486928       2.5486928
              1       4.5614567      0.96079226      0.98020011        3.400864         3.400864       2.3211854       2.3211854
              2       4.7126639       1.1579468       1.0760794        3.400864         3.400864       2.6235998       2.6235998
              1       5.2665905       1.4127072       1.1885736        3.400864         3.400864        3.731453        3.731453
              1       5.2884139      0.45246032      0.67265171        3.400864         3.400864       3.7750999       3.7750999
              1       4.9276799        1.280036       1.1313868        3.400864         3.400864       3.0536318       3.0536318
              3       4.8323052       1.2321635       1.1100286        3.400864         3.400864       2.8628823       2.8628823
              1       4.9602563       1.2949266       1.1379484        3.400864         3.400864       3.1187845       3.1187845
