#        weight    minuslogpost              A2               A   minuslogprior minuslogprior__0            chi2   chi2__loglike
              3       5.0459346      0.90752163       0.9526393        3.400864         3.400864       3.2901411       3.2901411
              4       5.1449847        1.019038       1.0094741        3.400864         3.400864       3.4882415       3.4882415
              1       5.0969115      0.99055666      0.99526713        3.400864         3.400864       3.3920951       3.3920951
              2       5.3890719       1.1061712       1.0517467        3.400864         3.400864       3.9764158       3.9764158
              1       5.1641226      0.80596633      0.89775627        3.400864         3.400864       3.5265172       3.5265172
             10       5.1511867      0.81217963      0.90121009        3.400864         3.400864       3.5006454       3.5006454
              6       6.4411261       1.2979079       1.1392576        3.400864         3.400864       6.0805242       6.0805242
              2        8.575997       1.5226754       1.2339674        3.400864         3.400864       10.350266       10.350266
              1        5.164823      0.80563979      0.89757439        3.400864         3.400864        3.527918        3.527918
              2       5.8279876      0.63203621      0.79500705        3.400864         3.400864       4.8542473       4.8542473
              2       6.0185424       1.2351044       1.1113525        3.400864         3.400864       5.2353568       5.2353568
              2       5.0462826      0.90580145      0.95173602        3.400864         3.400864       3.2908372       3.2908372
              2       7.5820988      0.40390189      0.63553276        3.400864         3.400864       8.3624697       8.3624697
              3       6.3907325      0.54335781      0.73712808        3.400864         3.400864       5.9797369       5.9797369
              2       7.0086005       0.4656243      0.68236669        3.400864         3.400864       7.2154729       7.2154729
              1       5.3368358      0.74309885      0.86203181        3.400864         3.400864       3.8719435       3.8719435
              2       5.1342931      0.82089574      0.90603297        3.400864         3.400864       3.4668583       3.4668583
              2       5.0488706      0.89721861      0.94721624        3.400864         3.400864       3.2960133       3.2960133
              5       5.0469289      0.90315624      0.95034533        3.400864         3.400864       3.2921299       3.2921299
              1       7.1585129      0.44870436      0.66985398        3.400864         3.400864       7.5152977       7.5152977
              1       6.2847111      0.55838521      0.74725177        3.400864         3.400864       5.7676942       5.7676942
              4       5.0594262      0.87851406      0.93729081        3.400864         3.400864       3.3171244       3.3171244
              1       6.8153461      0.48842013      0.69887061        3.400864         3.400864       6.8289643       6.8289643
              1       7.2598281      0.43760731      0.66151894        3.400864         3.400864       7.7179281       7.7179281
              1       5.6997941      0.65642129       0.8101983        3.400864         3.400864       4.5978603       4.5978603
              1       5.1798294      0.79885999      0.89378968        3.400864         3.400864       3.5579308       3.5579308
              1       5.4747593      0.70592936      0.84019602        3.400864         3.400864       4.1477907       4.1477907
              1       5.2395488      0.77504847      0.88036837        3.400864         3.400864       3.6773695       3.6773695
              4       5.2227649       1.0530126        1.026164        3.400864         3.400864       3.6438019       3.6438019
              4       5.5113394       1.1372086       1.0663999        3.400864         3.400864       4.2209509       4.2209509
              1       5.5493602      0.68832711      0.82965482        3.400864         3.400864       4.2969925       4.2969925
              1         8.12513      0.35163389      0.59298726        3.400864         3.400864        9.448532        9.448532
              6        8.180732      0.34655221      0.58868685        3.400864         3.400864        9.559736        9.559736
              1       5.5150644      0.69624505      0.83441299        3.400864         3.400864       4.2284008       4.2284008
              1       5.0723862      0.86387701      0.92944984        3.400864         3.400864       3.3430445       3.3430445
              1       5.1676307       1.0299905       1.0148845        3.400864         3.400864       3.5335334       3.5335334
              1       7.1363828       1.3831674       1.1760814        3.400864         3.400864       7.4710376       7.4710376
              2       5.1428796       1.0179594       1.0089398        3.400864         3.400864       3.4840311       3.4840311
              1       5.8205713        1.200941       1.0958745        3.400864         3.400864       4.8394146       4.8394146
              4       6.7254465       1.3348826       1.1553712        3.400864         3.400864       6.6491651       6.6491651
              4       7.4394513      0.41853988      0.64694658        3.400864         3.400864       8.0771746       8.0771746
              2       6.3405484       1.2839367       1.1331093        3.400864         3.400864       5.8793688       5.8793688
              1       5.4776032       1.1290993       1.0625908        3.400864         3.400864       4.1534784       4.1534784
              3       5.1369576       1.0148615       1.0074033        3.400864         3.400864       3.4721872       3.4721872
              4       5.6743917       1.1728015       1.0829596        3.400864         3.400864       4.5470554       4.5470554
              2       5.8309883       1.2028405       1.0967408        3.400864         3.400864       4.8602486       4.8602486
              1        6.197243       1.2630568        1.123858        3.400864         3.400864        5.592758        5.592758
              4       5.0887339      0.98452366      0.99223166        3.400864         3.400864       3.3757397       3.3757397
              4       5.0536801      0.88721087      0.94191872        3.400864         3.400864       3.3056322       3.3056322
              4       5.5908045       1.1552209        1.074812        3.400864         3.400864       4.3798809       4.3798809
              6       5.5200313         1.13925       1.0673565        3.400864         3.400864       4.2383345       4.2383345
              1       6.5590044      0.52067469      0.72157792        3.400864         3.400864       6.3162808       6.3162808
              1        6.905356       1.3566752        1.164764        3.400864         3.400864       7.0089841       7.0089841
              1       5.1952779       1.0420665       1.0208166        3.400864         3.400864       3.5888278       3.5888278
              2       5.1399688      0.81788202       0.9043683        3.400864         3.400864       3.4782097       3.4782097
              2       5.1966032       1.0426162       1.0210858        3.400864         3.400864       3.5914784       3.5914784
              2       6.1172284       1.2508305       1.1184054        3.400864         3.400864       5.4327289       5.4327289
              2        5.193654      0.79294112      0.89047241        3.400864         3.400864         3.58558         3.58558
              3       5.6327633      0.67012846      0.81861374        3.400864         3.400864       4.4637987       4.4637987
              1       5.4333228        1.117959       1.0573358        3.400864         3.400864       4.0649176       4.0649176
              1        6.820386       1.3465206       1.1603967        3.400864         3.400864       6.8390441       6.8390441
              2       6.2867145      0.55809542      0.74705784        3.400864         3.400864        5.771701        5.771701
              1       6.6295595      0.51154109      0.71522101        3.400864         3.400864       6.4573911       6.4573911
              3       5.1957904       1.0422794       1.0209209        3.400864         3.400864       3.5898529       3.5898529
              2       5.7559356       1.1888583       1.0903478        3.400864         3.400864       4.7101433       4.7101433
              2       6.1380868       1.2540605       1.1198484        3.400864         3.400864       5.4744456       5.4744456
              8       6.5195777       1.3084594       1.1438791        3.400864         3.400864       6.2374275       6.2374275
              2       6.5239976       1.3090454       1.1441352        3.400864         3.400864       6.2462672       6.2462672
              4       5.9055325      0.61824962      0.78628851        3.400864         3.400864        5.009337        5.009337
              5       6.7430824      0.49726196      0.70516804        3.400864         3.400864       6.6844368       6.6844368
              5       7.3572414      0.42717456      0.65358592        3.400864         3.400864       7.9127549       7.9127549
              1       5.0710815      0.96916711      0.98446285        3.400864         3.400864       3.3404351       3.3404351
              4       5.0472387      0.90205166        0.949764        3.400864         3.400864       3.2927495       3.2927495
              2       5.0494956      0.89565324      0.94638958        3.400864         3.400864       3.2972633       3.2972633
              4       5.1319096       1.0121409       1.0060522        3.400864         3.400864       3.4620912       3.4620912
              1       5.9124503       1.2172803       1.1033043        3.400864         3.400864       5.0231725       5.0231725
              1        5.587916       1.1545901       1.0745185        3.400864         3.400864       4.3741041       4.3741041
              2       5.5033625       1.1353184       1.0655132        3.400864         3.400864       4.2049971       4.2049971
              1       5.1778482       1.0345982        1.017152        3.400864         3.400864       3.5539683       3.5539683
              1       5.3372085       1.0913431       1.0446737        3.400864         3.400864        3.872689        3.872689
              2       5.3026505       1.0807181       1.0395759        3.400864         3.400864       3.8035729       3.8035729
              1       5.5681719      0.68409824      0.82710232        3.400864         3.400864       4.3346158       4.3346158
              8       5.6606886       1.1700031       1.0816668        3.400864         3.400864       4.5196492       4.5196492
              1       5.4708902       1.1274483       1.0618137        3.400864         3.400864       4.1400524       4.1400524
              5       5.0471025      0.90252709      0.95001426        3.400864         3.400864       3.2924771       3.2924771
              2       5.1545416      0.81053344      0.90029631        3.400864         3.400864       3.5073552       3.5073552
              2       5.0748684       0.9728196      0.98631618        3.400864         3.400864       3.3480087       3.3480087
              2       5.0606906      0.87685139      0.93640343        3.400864         3.400864       3.3196533       3.3196533
              1       5.1220088      0.82776582      0.90981637        3.400864         3.400864       3.4422896       3.4422896
              2       5.1469214      0.81431054      0.90239157        3.400864         3.400864       3.4921148       3.4921148
              2       5.0510135       0.9420728      0.97060435        3.400864         3.400864       3.3002989       3.3002989
              1       5.1384926       1.0156738       1.0078064        3.400864         3.400864       3.4752572       3.4752572
              1       5.3015716      0.75395555      0.86830614        3.400864         3.400864       3.8014152       3.8014152
              2       5.1927525      0.79331846      0.89068426        3.400864         3.400864       3.5837771       3.5837771
              1       7.4399828       1.4158463       1.1898934        3.400864         3.400864       8.0782376       8.0782376
              1       5.4640343       1.1257488       1.0610131        3.400864         3.400864       4.1263407       4.1263407
              1       5.0509407      0.89241011      0.94467461        3.400864         3.400864       3.3001534       3.3001534
              3       5.6308221      0.67053678       0.8188631        3.400864         3.400864       4.4599162       4.4599162
              1       5.0904157      0.98580772       0.9928785        3.400864         3.400864       3.3791033       3.3791033
              1       5.4454975       1.1210826       1.0588119        3.400864         3.400864       4.0892671       4.0892671
              1       5.4886009       1.1317765       1.0638499        3.400864         3.400864       4.1754738       4.1754738
              1       5.0569588      0.95234665       0.9758825        3.400864         3.400864       3.3121896       3.3121896
              2        5.048858      0.93707936       0.9680286        3.400864         3.400864       3.2959881       3.2959881
              1       7.3420297      0.42878901      0.65481983        3.400864         3.400864       7.8823314       7.8823314
              3       6.2870732       1.2762873       1.1297289        3.400864         3.400864       5.7724185       5.7724185
              1       6.8730667      0.48148661      0.69389236        3.400864         3.400864       6.9444053       6.9444053
              1       6.5546869      0.52124045      0.72196984        3.400864         3.400864       6.3076458       6.3076458
              1        6.824747      0.48728325      0.69805677        3.400864         3.400864        6.847766        6.847766
              1       5.2769398      0.76198881       0.8729197        3.400864         3.400864       3.7521516       3.7521516
              1       8.5006236      0.31815301      0.56405054        3.400864         3.400864       10.199519       10.199519
              2       7.0963477      0.45564537      0.67501509        3.400864         3.400864       7.3909674       7.3909674
              3       6.5404596      0.52311051      0.72326379        3.400864         3.400864       6.2791912       6.2791912
              1        5.215818       1.0503311       1.0248566        3.400864         3.400864        3.629908        3.629908
              1       5.8161509      0.63419972      0.79636658        3.400864         3.400864       4.8305739       4.8305739
              3        5.103985      0.83893013      0.91593129        3.400864         3.400864        3.406242        3.406242
              3        5.045499      0.92407733      0.96128941        3.400864         3.400864         3.28927         3.28927
              1       7.0566348      0.46013467      0.67833227        3.400864         3.400864       7.3115417       7.3115417
              3       5.0524302       0.9448689      0.97204367        3.400864         3.400864       3.3031323       3.3031323
              7        6.478706      0.53133256      0.72892562        3.400864         3.400864       6.1556841       6.1556841
              4       5.4017533      0.72470767      0.85129764        3.400864         3.400864       4.0017787       4.0017787
              1       5.0568446      0.88215305      0.93923003        3.400864         3.400864       3.3119613       3.3119613
              4       5.2577036      0.76856407      0.87667786        3.400864         3.400864       3.7136792       3.7136792
              1       5.0515705      0.94320801      0.97118897        3.400864         3.400864        3.301413        3.301413
              8        5.063462      0.96090316      0.98025668        3.400864         3.400864        3.325196        3.325196
              5       5.4827598       1.1303588       1.0631833        3.400864         3.400864       4.1637915       4.1637915
              2        5.270255       1.0700891       1.0344511        3.400864         3.400864        3.738782        3.738782
              2       5.5711439       1.1508937       1.0727971        3.400864         3.400864       4.3405599       4.3405599
              1       5.1583682       1.0256446       1.0127411        3.400864         3.400864       3.5150085       3.5150085
              1       5.0748074       0.8615681      0.92820693        3.400864         3.400864       3.3478869       3.3478869
              2       5.3404937       0.7420112      0.86140072        3.400864         3.400864       3.8792595       3.8792595
              1       5.0451699      0.91347685      0.95575983        3.400864         3.400864       3.2886119       3.2886119
              2       5.3980522       1.1086221       1.0529113        3.400864         3.400864       3.9943765       3.9943765
              2       5.5480235       1.1457002       1.0703739        3.400864         3.400864        4.294319        4.294319
              1       5.0872912      0.85092848      0.92245785        3.400864         3.400864       3.3728544       3.3728544
              3       5.8261709       1.2019636        1.096341        3.400864         3.400864       4.8506137       4.8506137
              5       5.0574296      0.95303475      0.97623499        3.400864         3.400864       3.3131312       3.3131312
              2       6.2203417      0.56782412      0.75354105        3.400864         3.400864       5.6389554       5.6389554
              2       5.0831723      0.85423973       0.9242509        3.400864         3.400864       3.3646167       3.3646167
              1       5.0497501      0.89504755      0.94606953        3.400864         3.400864       3.2977723       3.2977723
              4       5.4042872      0.72402534      0.85089678        3.400864         3.400864       4.0068464       4.0068464
              2       5.6689912       1.1717023        1.082452        3.400864         3.400864       4.5362545       4.5362545
              1        5.085651      0.85222686      0.92316134        3.400864         3.400864       3.3695739       3.3695739
              1        5.055893      0.95073702      0.97505745        3.400864         3.400864        3.310058        3.310058
              1       5.2827921      0.76004296      0.87180443        3.400864         3.400864       3.7638563       3.7638563
              1       6.1718685      0.57510395      0.75835608        3.400864         3.400864       5.5420089       5.5420089
              1       6.0636492       1.2423868       1.1146241        3.400864         3.400864       5.3255704       5.3255704
              2       5.2571472      0.76875858      0.87678879        3.400864         3.400864       3.7125664       3.7125664
              2       5.2830494       1.0743729       1.0365196        3.400864         3.400864       3.7643709       3.7643709
              1       6.6116455       1.3204903       1.1491259        3.400864         3.400864       6.4215631       6.4215631
              1       5.2659495       1.0686203       1.0337409        3.400864         3.400864        3.730171        3.730171
              2       5.0708181       0.8654274      0.93028351        3.400864         3.400864       3.3399082       3.3399082
              1       5.8998664      0.61923538       0.7869151        3.400864         3.400864       4.9980049       4.9980049
              1       7.1818148      0.44612895      0.66792885        3.400864         3.400864       7.5619017       7.5619017
              1       5.0561273      0.88323338      0.93980497        3.400864         3.400864       3.3105266       3.3105266
              7       5.0637972      0.87303154      0.93436157        3.400864         3.400864       3.3258664       3.3258664
              1       5.0467191      0.93037387       0.9645589        3.400864         3.400864       3.2917101       3.2917101
              4       5.2689318      0.76469163      0.87446648        3.400864         3.400864       3.7361356       3.7361356
              2       5.1557689       1.0243933       1.0121232        3.400864         3.400864       3.5098098       3.5098098
              2       5.0451892      0.92111622        0.959748        3.400864         3.400864       3.2886504       3.2886504
              3       5.4509582       0.7118626       0.8437195        3.400864         3.400864       4.1001884       4.1001884
              2       5.2480215       1.0623446        1.030701        3.400864         3.400864        3.694315        3.694315
              1       5.0555833      0.88407619      0.94025326        3.400864         3.400864       3.3094387       3.3094387
              6       5.7791898       1.1932663       1.0923673        3.400864         3.400864       4.7566517       4.7566517
              2       5.6962246       1.1771978       1.0849875        3.400864         3.400864       4.5907213       4.5907213
              2       5.3461201       1.0939795       1.0459347        3.400864         3.400864       3.8905121       3.8905121
              1       5.5558245       0.6868652      0.82877331        3.400864         3.400864       4.3099209       4.3099209
              1       5.4747246      0.70593791      0.84020111        3.400864         3.400864       4.1477211       4.1477211
              1       5.4012919       0.7248322      0.85137078        3.400864         3.400864       4.0008557       4.0008557
              1        5.626863      0.67137163       0.8193727        3.400864         3.400864        4.451998        4.451998
              2       5.2947642       1.0781952       1.0383618        3.400864         3.400864       3.7878004       3.7878004
              1       5.2382731       1.0588156       1.0289876        3.400864         3.400864       3.6748182       3.6748182
              6       5.0625115      0.95976001      0.97967342        3.400864         3.400864       3.3232951       3.3232951
              1       5.0647361       0.8719405      0.93377754        3.400864         3.400864       3.3277443       3.3277443
              7       5.1028897      0.83966039      0.91632985        3.400864         3.400864       3.4040515       3.4040515
              1       5.3853019      0.72919806      0.85393094        3.400864         3.400864       3.9688759       3.9688759
              2       5.0456567      0.92517492      0.96186014        3.400864         3.400864       3.2895854       3.2895854
              6       5.5039316       1.1354538       1.0655767        3.400864         3.400864       4.2061352       4.2061352
              3       5.5184025      0.69546196      0.83394362        3.400864         3.400864        4.235077        4.235077
              1       5.5080285      0.69790477      0.83540695        3.400864         3.400864       4.2143291       4.2143291
              4       5.1572893       1.0251269       1.0124855        3.400864         3.400864       3.5128506       3.5128506
              1       5.8249174        1.201735       1.0962368        3.400864         3.400864       4.8481069       4.8481069
              2       5.2617486      0.76715748      0.87587526        3.400864         3.400864       3.7217692       3.7217692
              3       5.6063421       0.6757451      0.82203716        3.400864         3.400864       4.4109563       4.4109563
              5        5.045039        0.917051       0.9576278        3.400864         3.400864         3.28835         3.28835
              1       5.1241577       1.0078044       1.0038946        3.400864         3.400864       3.4465875       3.4465875
              2        5.212773       1.0491386       1.0242747        3.400864         3.400864       3.6238179       3.6238179
              1        5.264764      0.76611746      0.87528136        3.400864         3.400864          3.7278          3.7278
              1       5.6505872       0.6664105       0.8163397        3.400864         3.400864       4.4994465       4.4994465
              3       7.3128977        1.402435       1.1842445        3.400864         3.400864       7.8240674       7.8240674
              2       8.3150318         1.49987       1.2246918        3.400864         3.400864       9.8283357       9.8283357
              3       10.744109       1.6864323       1.2986271        3.400864         3.400864        14.68649        14.68649
              4       5.9947818       1.2312004       1.1095947        3.400864         3.400864       5.1878357       5.1878357
              2        5.076326       0.9741632      0.98699706        3.400864         3.400864       3.3509241       3.3509241
              1       5.0991134      0.84223275      0.91773239        3.400864         3.400864       3.3964987       3.3964987
              1       5.2341109       1.0572817       1.0282421        3.400864         3.400864       3.6664938       3.6664938
              5       5.3114958       1.0835023       1.0409142        3.400864         3.400864       3.8212635       3.8212635
              1       5.0779535       0.9756268      0.98773823        3.400864         3.400864       3.3541789       3.3541789
              1       5.2059486      0.78790482      0.88764003        3.400864         3.400864       3.6101692       3.6101692
              1       5.0521418      0.89000766      0.94340217        3.400864         3.400864       3.3025557       3.3025557
              2       6.7458444       0.4969206      0.70492595        3.400864         3.400864       6.6899608       6.6899608
              2        6.560679      0.52045548        0.721426        3.400864         3.400864         6.31963         6.31963
              1       5.9844068      0.60485038      0.77772127        3.400864         3.400864       5.1670856       5.1670856
              1       5.8674684       0.6249357      0.79052875        3.400864         3.400864       4.9332088       4.9332088
              1       5.2752732      0.76254742      0.87323961        3.400864         3.400864       3.7488184       3.7488184
              3       5.8452585       1.2054223       1.0979172        3.400864         3.400864       4.8887891       4.8887891
              1       5.1483849      0.81357443      0.90198361        3.400864         3.400864       3.4950419       3.4950419
              4       5.0569334      0.88202158      0.93916004        3.400864         3.400864       3.3121389       3.3121389
              1       5.4149131        1.113141        1.055055        3.400864         3.400864       4.0280982       4.0280982
              1       5.3506829      0.73901659      0.85966074        3.400864         3.400864       3.8996377       3.8996377
              4       5.7089363      0.65460724      0.80907802        3.400864         3.400864       4.6161447       4.6161447
              1       5.0619668      0.95909079      0.97933181        3.400864         3.400864       3.3222057       3.3222057
              3        5.415021       1.1131696       1.0550685        3.400864         3.400864       4.0283141       4.0283141
              1       5.0552911      0.88453789      0.94049874        3.400864         3.400864       3.3088542       3.3088542
              1       5.3429639      0.74128052      0.86097649        3.400864         3.400864       3.8841999       3.8841999
              1       5.0538395       0.9473949      0.97334213        3.400864         3.400864        3.305951        3.305951
              1       5.2289428       1.0553535        1.027304        3.400864         3.400864       3.6561577       3.6561577
              1       5.1169468      0.83075552      0.91145791        3.400864         3.400864       3.4321657       3.4321657
              5        5.051476      0.89131182      0.94409312        3.400864         3.400864        3.301224        3.301224
              1       6.6071264       1.3199082       1.1488726        3.400864         3.400864       6.4125249       6.4125249
              2       5.0955185      0.98956447      0.99476855        3.400864         3.400864       3.3893089       3.3893089
              1        6.107745      0.58497919      0.76483932        3.400864         3.400864        5.413762        5.413762
              1       6.7376241       1.3363934       1.1560248        3.400864         3.400864       6.6735202       6.6735202
              1       6.7383076       1.3364781       1.1560615        3.400864         3.400864       6.6748873       6.6748873
              1       5.9544269       1.2244563       1.1065515        3.400864         3.400864       5.1071257       5.1071257
              2       5.1201946       1.0055051       1.0027488        3.400864         3.400864       3.4386612       3.4386612
              1       5.7025644      0.65587027      0.80985818        3.400864         3.400864       4.6034008       4.6034008
              1       7.0934989      0.45596596      0.67525251        3.400864         3.400864       7.3852699       7.3852699
              2       5.0467895       0.9306477      0.96470084        3.400864         3.400864       3.2918509       3.2918509
              1       5.0728251      0.97087965      0.98533225        3.400864         3.400864       3.3439221       3.3439221
              8       5.4720884        1.127744       1.0619529        3.400864         3.400864       4.1424489       4.1424489
              1       5.0505723      0.94113558      0.97012142        3.400864         3.400864       3.2994166       3.2994166
              2       5.1750135       1.0333382       1.0165324        3.400864         3.400864       3.5482991       3.5482991
              1       5.0468004      0.90364108      0.95060038        3.400864         3.400864       3.2918728       3.2918728
              2       5.3230932      0.74724723      0.86443463        3.400864         3.400864       3.8444584       3.8444584
              1       5.4287043      0.71756963      0.84709482        3.400864         3.400864       4.0556806       4.0556806
              4       5.0774415      0.97517038      0.98750716        3.400864         3.400864       3.3531551       3.3531551
              1       5.1657833       1.0291372        1.014464        3.400864         3.400864       3.5298386       3.5298386
              2       5.4979096       1.1340168       1.0649022        3.400864         3.400864       4.1940913       4.1940913
              2       5.3279495        1.088561       1.0433413        3.400864         3.400864       3.8541711       3.8541711
              5       5.6715367        1.172221       1.0826916        3.400864         3.400864       4.5413455       4.5413455
              3       5.6460234      0.66735723      0.81691935        3.400864         3.400864       4.4903187       4.4903187
              1       5.6131286      0.67429004      0.82115165        3.400864         3.400864       4.4245292       4.4245292
              1       5.6094212      0.67508384      0.82163486        3.400864         3.400864       4.4171144       4.4171144
              1       6.3347349      0.55121796      0.74244055        3.400864         3.400864       5.8677419       5.8677419
              2       5.2336824      0.77720797      0.88159399        3.400864         3.400864       3.6656369       3.6656369
              1       6.1397255      0.58001792      0.76158907        3.400864         3.400864        5.477723        5.477723
              5       5.1118617      0.83386685       0.9131631        3.400864         3.400864       3.4219955       3.4219955
              1       6.0845999      0.58861651      0.76721347        3.400864         3.400864       5.3674717       5.3674717
              1       6.4463317       1.2986171       1.1395688        3.400864         3.400864       6.0909354       6.0909354
              1       7.7927182       1.4513091       1.2047029        3.400864         3.400864       8.7837084       8.7837084
              1        7.598451       1.4320804       1.1966956        3.400864         3.400864       8.3951739       8.3951739
              1       5.9468315       1.2231703       1.1059703        3.400864         3.400864       5.0919351       5.0919351
              4       7.2650736       1.3972911       1.1820707        3.400864         3.400864       7.7284192       7.7284192
              2       9.5481925       1.6009722       1.2652953        3.400864         3.400864       12.294657       12.294657
              4       5.2372893       1.0584545       1.0288122        3.400864         3.400864       3.6728505       3.6728505
              3       5.0665241      0.96439836      0.98203786        3.400864         3.400864       3.3313202       3.3313202
              5       5.7400056        1.185797       1.0889431        3.400864         3.400864       4.6782831       4.6782831
              1       5.0694357      0.86683371      0.93103905        3.400864         3.400864       3.3371434       3.3371434
              1       6.0227644      0.59853772      0.77365219        3.400864         3.400864       5.2438009       5.2438009
              2       5.4389828       0.7149137      0.84552569        3.400864         3.400864       4.0762375       4.0762375
              5       5.1009369      0.99335107      0.99666999        3.400864         3.400864       3.4001458       3.4001458
              2       5.3545112      0.73790435      0.85901359        3.400864         3.400864       3.9072945       3.9072945
              1       5.0819132      0.97904356       0.9894663        3.400864         3.400864       3.3620985       3.3620985
              2       5.1966348      0.79170153      0.88977611        3.400864         3.400864       3.5915415       3.5915415
              1       5.4613665      0.70924716      0.84216813        3.400864         3.400864       4.1210049       4.1210049
              2       5.1084269      0.99829489      0.99914708        3.400864         3.400864       3.4151258       3.4151258
              6       5.1197773       1.0052595       1.0026263        3.400864         3.400864       3.4378265       3.4378265
              4       5.2562606      0.76906909      0.87696584        3.400864         3.400864       3.7107931       3.7107931
              1       5.1542979       1.0236787       1.0117701        3.400864         3.400864       3.5068678       3.5068678
              5       5.0456397      0.92506389      0.96180242        3.400864         3.400864       3.2895514       3.2895514
              8       5.1648018      0.80564964      0.89757988        3.400864         3.400864       3.5278757       3.5278757
              4       5.6192388       1.1613435       1.0776565        3.400864         3.400864       4.4367497       4.4367497
              3       5.2374628       1.0585183       1.0288432        3.400864         3.400864       3.6731976       3.6731976
              1        5.045336      0.91161113      0.95478329        3.400864         3.400864        3.288944        3.288944
              2       5.2402399      0.77479621      0.88022509        3.400864         3.400864       3.6787518       3.6787518
              3       5.0513026      0.89166253      0.94427884        3.400864         3.400864       3.3008771       3.3008771
              1       5.1582403      0.80874753      0.89930391        3.400864         3.400864       3.5147526       3.5147526
              2       5.9590424       1.2252351       1.1069034        3.400864         3.400864       5.1163568       5.1163568
              2       7.1657343       1.3864261        1.177466        3.400864         3.400864       7.5297406       7.5297406
              2       7.4031973       1.4120017       1.1882768        3.400864         3.400864       8.0046666       8.0046666
              4       6.3375178      0.55082336      0.74217475        3.400864         3.400864       5.8733076       5.8733076
              2       6.8527511       0.4839143      0.69563949        3.400864         3.400864       6.9037743       6.9037743
              2       5.0544396      0.94840859      0.97386272        3.400864         3.400864       3.3071512       3.3071512
              5       5.0552971      0.94980252      0.97457813        3.400864         3.400864       3.3088663       3.3088663
              4       5.0862811      0.85172501      0.92288949        3.400864         3.400864       3.3708342       3.3708342
              2       5.0920424      0.98702726      0.99349245        3.400864         3.400864       3.3823567       3.3823567
              1       5.7687475       1.1912956       1.0914649        3.400864         3.400864       4.7357669       4.7357669
              1        5.092054      0.84729494      0.92048625        3.400864         3.400864         3.38238         3.38238
              1       5.9572244      0.60940226      0.78064221        3.400864         3.400864       5.1127209       5.1127209
              2       8.9080446       1.5505066       1.2451934        3.400864         3.400864       11.014361       11.014361
              1       9.3981198       1.5894814       1.2607463        3.400864         3.400864       11.994512       11.994512
              1       6.5412132       1.3113196       1.1451286        3.400864         3.400864       6.2806985       6.2806985
              1       5.4320019       1.1176171       1.0571741        3.400864         3.400864       4.0622759       4.0622759
              2       5.0765817      0.97439561      0.98711479        3.400864         3.400864       3.3514354       3.3514354
              3       5.2771051       1.0723973       1.0355662        3.400864         3.400864       3.7524822       3.7524822
              3       5.2623212       1.0673714       1.0331367        3.400864         3.400864       3.7229143       3.7229143
              2       5.0473535      0.93266821      0.96574749        3.400864         3.400864       3.2929789       3.2929789
              1       5.1449736       0.8152985      0.90293881        3.400864         3.400864       3.4882192       3.4882192
              1       5.4132113       1.1126897       1.0548411        3.400864         3.400864       4.0246946       4.0246946
              2       5.5223145      0.69454774      0.83339531        3.400864         3.400864        4.242901        4.242901
              3       5.4067189      0.72337277      0.85051324        3.400864         3.400864       4.0117098       4.0117098
              2       5.0488725      0.89721374      0.94721367        3.400864         3.400864        3.296017        3.296017
              2       5.5279707      0.69323249      0.83260584        3.400864         3.400864       4.2542134       4.2542134
              2       5.1939062       1.0414951       1.0205367        3.400864         3.400864       3.5860844       3.5860844
              4       5.7145736       1.1808359       1.0866628        3.400864         3.400864       4.6274192       4.6274192
              1       5.1052231      0.99621806      0.99810724        3.400864         3.400864       3.4087183       3.4087183
              1       5.0464603      0.92931427      0.96400947        3.400864         3.400864       3.2911926       3.2911926
              1       5.3473354        1.094336       1.0461052        3.400864         3.400864       3.8929428       3.8929428
              2       6.9682241       0.4702909      0.68577758        3.400864         3.400864       7.1347202       7.1347202
              5       8.1432017      0.34997725      0.59158875        3.400864         3.400864       9.4846754       9.4846754
              2       8.0562528      0.35799286      0.59832505        3.400864         3.400864       9.3107776       9.3107776
              4       5.9139797      0.61678602      0.78535726        3.400864         3.400864       5.0262314       5.0262314
              2       7.7811113      0.38415115      0.61979928        3.400864         3.400864       8.7604946       8.7604946
              1       5.6531376      0.66588301      0.81601655        3.400864         3.400864       4.5045472       4.5045472
              1       5.1013752      0.99364921      0.99681955        3.400864         3.400864       3.4010225       3.4010225
              2       5.0781388      0.97579116      0.98782142        3.400864         3.400864       3.3545496       3.3545496
              2       5.8778587      0.62309552        0.789364        3.400864         3.400864       4.9539895       4.9539895
              3       5.3634842      0.73532413      0.85751043        3.400864         3.400864       3.9252405       3.9252405
              1       5.4687444      0.70741294      0.84107844        3.400864         3.400864       4.1357608       4.1357608
              3       5.2502252       1.0631306       1.0310822        3.400864         3.400864       3.6987224       3.6987224
              2       6.0715902        1.243652       1.1151915        3.400864         3.400864       5.3414524       5.3414524
              3       5.1222894      0.82760304       0.9097269        3.400864         3.400864       3.4428507       3.4428507
              3       5.1821453        0.797848      0.89322337        3.400864         3.400864       3.5625625       3.5625625
              3       5.5379999       1.1434116       1.0693043        3.400864         3.400864       4.2742719       4.2742719
              6       5.2369229      0.77601102      0.88091487        3.400864         3.400864       3.6721178       3.6721178
              1       5.1431781      0.81621772      0.90344769        3.400864         3.400864       3.4846283       3.4846283
              1       5.8849412      0.62184775      0.78857324        3.400864         3.400864       4.9681543       4.9681543
              2       6.8621034       1.3515358       1.1625557        3.400864         3.400864       6.9224789       6.9224789
              3       5.6897482       1.1759015       1.0843899        3.400864         3.400864       4.5777684       4.5777684
              2       5.1489864      0.81327343      0.90181674        3.400864         3.400864       3.4962448       3.4962448
              2       5.1057734      0.83775222      0.91528806        3.400864         3.400864       3.4098187       3.4098187
              5       5.0464575      0.92930237      0.96400331        3.400864         3.400864       3.2911871       3.2911871
              1       5.2132464      0.78500612      0.88600571        3.400864         3.400864       3.6247648       3.6247648
              2       5.4188676       1.1141859         1.05555        3.400864         3.400864       4.0360071       4.0360071
              4       5.7506055       1.1878379       1.0898797        3.400864         3.400864       4.6994829       4.6994829
              2        6.132266      0.58116858      0.76234414        3.400864         3.400864       5.4628041       5.4628041
              1       5.7587903       1.1894033       1.0905977        3.400864         3.400864       4.7158526       4.7158526
              2       5.5472519      0.68880594      0.82994333        3.400864         3.400864       4.2927759       4.2927759
              7       5.1771577      0.80003831      0.89444861        3.400864         3.400864       3.5525875       3.5525875
              1       5.0496601      0.89525991      0.94618175        3.400864         3.400864       3.2975922       3.2975922
              2       6.8602336       1.3513123       1.1624596        3.400864         3.400864       6.9187392       6.9187392
              2       5.2597769      0.76784145      0.87626563        3.400864         3.400864       3.7178258       3.7178258
              1       5.1380118      0.81891076      0.90493688        3.400864         3.400864       3.4742955       3.4742955
              1       5.5953713      0.67811606      0.82347802        3.400864         3.400864       4.3890146       4.3890146
              1       5.5701405      0.68366013      0.82683743        3.400864         3.400864        4.338553        4.338553
              2       5.5774899      0.68203173      0.82585212        3.400864         3.400864       4.3532518       4.3532518
              7       5.8837648      0.62205463       0.7887044        3.400864         3.400864       4.9658017       4.9658017
              1       5.3138979      0.75008047      0.86607186        3.400864         3.400864       3.8260678       3.8260678
              1       5.0642208      0.87253599      0.93409635        3.400864         3.400864       3.3267137       3.3267137
              1       5.2430723       1.0605638       1.0298368        3.400864         3.400864       3.6844166       3.6844166
              1       5.0452673      0.92203497      0.96022652        3.400864         3.400864       3.2888065       3.2888065
              2       5.1897769      0.79457222      0.89138781        3.400864         3.400864       3.5778258       3.5778258
              2       5.1598939       1.0263723       1.0131003        3.400864         3.400864       3.5180599       3.5180599
              1       5.0492885      0.89615912      0.94665681        3.400864         3.400864        3.296849        3.296849
              1       5.0514136      0.94289344        0.971027        3.400864         3.400864       3.3010993       3.3010993
              4       5.2756046       1.0718947       1.0353235        3.400864         3.400864       3.7494813       3.7494813
              3       5.3044586       1.0812911       1.0398515        3.400864         3.400864       3.8071893       3.8071893
              1       5.3432542        1.093136       1.0455314        3.400864         3.400864       3.8847805       3.8847805
              1       5.0563682      0.95146399      0.97543016        3.400864         3.400864       3.3110083       3.3110083
              4       5.7172459      0.65296921       0.8080651        3.400864         3.400864       4.6327639       4.6327639
              2       5.2763383      0.76219017      0.87303504        3.400864         3.400864       3.7509487       3.7509487
              1       5.0541076        0.947852      0.97357691        3.400864         3.400864       3.3064873       3.3064873
              2       5.3674805       1.1001441       1.0488776        3.400864         3.400864       3.9332329       3.9332329
              1       5.3663702      0.73450201      0.85703093        3.400864         3.400864       3.9310124       3.9310124
              3       5.2403201      0.77476696      0.88020847        3.400864         3.400864       3.6789123       3.6789123
              2       5.0662248      0.87026258      0.93287865        3.400864         3.400864       3.3307217       3.3307217
              1       5.6381644      0.66899595      0.81792172        3.400864         3.400864       4.4746009       4.4746009
              5       5.0476865      0.93374621      0.96630544        3.400864         3.400864       3.2936451       3.2936451
              1       5.2845296       1.0748609        1.036755        3.400864         3.400864       3.7673312       3.7673312
              4       5.4929337       1.1328222       1.0643412        3.400864         3.400864       4.1841394       4.1841394
              1       5.2624063       1.0674008       1.0331509        3.400864         3.400864       3.7230846       3.7230846
              2       5.1072531       0.8367906      0.91476259        3.400864         3.400864       3.4127783       3.4127783
              1       5.0451591      0.91363195      0.95584096        3.400864         3.400864       3.2885903       3.2885903
              1       5.3043579      0.75307161      0.86779699        3.400864         3.400864       3.8069877       3.8069877
              1       5.2927087      0.75679967      0.86994234        3.400864         3.400864       3.7836895       3.7836895
              5       5.1174631       1.0038849       1.0019406        3.400864         3.400864       3.4331982       3.4331982
              4       5.0455016      0.91023363      0.95406165        3.400864         3.400864       3.2892753       3.2892753
              3       5.1237952      0.82673436      0.90924934        3.400864         3.400864       3.4458623       3.4458623
              1       5.4668632       1.1264517       1.0613443        3.400864         3.400864       4.1319985       4.1319985
              1       5.0476353      0.93358497      0.96622201        3.400864         3.400864       3.2935426       3.2935426
              1       5.2011161      0.78986062      0.88874103        3.400864         3.400864       3.6005042       3.6005042
              2       5.0757337      0.97362104      0.98672237        3.400864         3.400864       3.3497393       3.3497393
              2       5.7803227      0.64085164       0.8005321        3.400864         3.400864       4.7589174       4.7589174
              5       5.2603173      0.76765366      0.87615847        3.400864         3.400864       3.7189067       3.7189067
              2       5.3814192      0.73027359      0.85456047        3.400864         3.400864       3.9611103       3.9611103
              2       5.2590548      0.76809274        0.876409        3.400864         3.400864       3.7163816       3.7163816
              2       5.1362482       1.0144838       1.0072158        3.400864         3.400864       3.4707685       3.4707685
             10       5.1204577       1.0056596       1.0028258        3.400864         3.400864       3.4391873       3.4391873
              1       5.7280097       1.1834684       1.0878734        3.400864         3.400864       4.6542913       4.6542913
              2       5.8254924       1.2018399       1.0962846        3.400864         3.400864       4.8492568       4.8492568
              1       6.9914999        1.366736       1.1690748        3.400864         3.400864       7.1812717       7.1812717
              2       5.1063377      0.83738415      0.91508697        3.400864         3.400864       3.4109473       3.4109473
              1       5.8525453       0.6275991      0.79221152        3.400864         3.400864       4.9033627       4.9033627
              1       5.5368611      0.69118069      0.83137277        3.400864         3.400864       4.2719941       4.2719941
              1       5.3122897      0.75058092      0.86636073        3.400864         3.400864       3.8228515       3.8228515
              4       5.1015942      0.99379771      0.99689403        3.400864         3.400864       3.4014605       3.4014605
              1       5.0450538      0.91591955      0.95703686        3.400864         3.400864       3.2883797       3.2883797
              4       5.2362471        1.058071       1.0286258        3.400864         3.400864       3.6707662       3.6707662
              2       5.2496734       1.0629342        1.030987        3.400864         3.400864       3.6976188       3.6976188
              3       5.7078872       1.1795161       1.0860553        3.400864         3.400864       4.6140465       4.6140465
              3       5.4641985       1.1257897       1.0610324        3.400864         3.400864       4.1266691       4.1266691
              2       5.7397717      0.64857907      0.80534407        3.400864         3.400864       4.6778153       4.6778153
              4       5.2072913      0.78736663      0.88733682        3.400864         3.400864       3.6128546       3.6128546
              4       5.8745225      0.62368513      0.78973738        3.400864         3.400864        4.947317        4.947317
              2       5.1407357        1.016849       1.0083893        3.400864         3.400864       3.4797435       3.4797435
              1       5.3211586       1.0864915        1.042349        3.400864         3.400864       3.8405892       3.8405892
              2        5.143126       1.0180863       1.0090026        3.400864         3.400864       3.4845239       3.4845239
              4       5.1859353       1.0381208       1.0188821        3.400864         3.400864       3.5701427       3.5701427
              1       5.2148116      0.78439266      0.88565945        3.400864         3.400864       3.6278952       3.6278952
              1       5.0527257      0.88891355      0.94282212        3.400864         3.400864       3.3037233       3.3037233
              1       6.7415523       1.3368796       1.1562351        3.400864         3.400864       6.6813766       6.6813766
              1       7.1886111       1.3889504       1.1785374        3.400864         3.400864       7.5754942       7.5754942
              1       5.2224195       1.0528805       1.0260997        3.400864         3.400864        3.643111        3.643111
              1       5.1013751      0.99364913       0.9968195        3.400864         3.400864       3.4010223       3.4010223
              1       5.4084996      0.72289628      0.85023308        3.400864         3.400864       4.0152713       4.0152713
              2       5.8428253      0.62934715      0.79331403        3.400864         3.400864       4.8839225       4.8839225
              2       5.2136043      0.78486557      0.88592639        3.400864         3.400864       3.6254807       3.6254807
              1       5.5293203        1.141411       1.0683684        3.400864         3.400864       4.2569127       4.2569127
              1        5.575971      0.68236733      0.82605528        3.400864         3.400864       4.3502141       4.3502141
              2        5.112911       1.0011154       1.0005576        3.400864         3.400864       3.4240941       3.4240941
              2       8.8178251       1.5430671       1.2422025        3.400864         3.400864       10.833922       10.833922
              1       9.5648743       1.6022376       1.2657953        3.400864         3.400864       12.328021       12.328021
              1       5.0524906      0.94498203      0.97210186        3.400864         3.400864       3.3032533       3.3032533
              1       5.0488853      0.89718043      0.94719609        3.400864         3.400864       3.2960427       3.2960427
              1       6.1035457      0.58563615      0.76526868        3.400864         3.400864       5.4053635       5.4053635
              2       5.7952193       1.1962642       1.0937386        3.400864         3.400864       4.7887107       4.7887107
              2       5.0661004      0.96393032      0.98179953        3.400864         3.400864       3.3304729       3.3304729
              4       5.0746411      0.86172366      0.92829072        3.400864         3.400864       3.3475542       3.3475542
              1       5.0867193      0.98295253      0.99143962        3.400864         3.400864       3.3717105       3.3717105
              3        6.093599       1.2471333       1.1167512        3.400864         3.400864       5.3854699       5.3854699
              4       5.0524249      0.88947175       0.9431181        3.400864         3.400864       3.3031218       3.3031218
              4       5.4025374      0.72449629      0.85117348        3.400864         3.400864       4.0033467       4.0033467
              3       5.2239491       1.0534644       1.0263841        3.400864         3.400864       3.6461702       3.6461702
              8       5.1853417       1.0378657       1.0187569        3.400864         3.400864       3.5689553       3.5689553
              3       5.2076973      0.78720434      0.88724537        3.400864         3.400864       3.6136666       3.6136666
              3       5.9271531      0.61451767      0.78391177        3.400864         3.400864       5.0525782       5.0525782
              2        5.069427      0.86684271      0.93104388        3.400864         3.400864        3.337126        3.337126
              1       5.1424377      0.81659923       0.9036588        3.400864         3.400864       3.4831475       3.4831475
              1       5.0832459      0.85417905      0.92421808        3.400864         3.400864       3.3647638       3.3647638
              1       5.4634082      0.70873796      0.84186576        3.400864         3.400864       4.1250883       4.1250883
              1         5.55588      0.68685268      0.82876576        3.400864         3.400864        4.310032        4.310032
              1       5.2045571       1.0458659       1.0226758        3.400864         3.400864       3.6073861       3.6073861
              1       5.0682366      0.86808615      0.93171141        3.400864         3.400864       3.3347453       3.3347453
              1       5.2388065      0.77531989      0.88052251        3.400864         3.400864        3.675885        3.675885
              3       5.1977077      0.79125832      0.88952702        3.400864         3.400864       3.5936874       3.5936874
              1       5.0761542      0.97400648      0.98691766        3.400864         3.400864       3.3505804       3.3505804
              3       5.0841115      0.98086125      0.99038439        3.400864         3.400864       3.3664949       3.3664949
              2       5.1066358      0.83719036      0.91498107        3.400864         3.400864       3.4115437       3.4115437
              1       5.5750898      0.68256227      0.82617327        3.400864         3.400864       4.3484516       4.3484516
              4       5.0504169      0.89353411      0.94526933        3.400864         3.400864       3.2991059       3.2991059
              2       5.4344901       1.1182606       1.0574784        3.400864         3.400864       4.0672523       4.0672523
              1       5.4880618       1.1316461       1.0637885        3.400864         3.400864       4.1743956       4.1743956
              4        5.082522      0.85477863      0.92454239        3.400864         3.400864       3.3633159       3.3633159
              3       5.6450753      0.66755435         0.81704        3.400864         3.400864       4.4884225       4.4884225
              1        7.066191      0.45905038      0.67753257        3.400864         3.400864       7.3306541       7.3306541
              1       6.9010245       1.3561632       1.1645442        3.400864         3.400864        7.000321        7.000321
              3        5.408902       1.1115421        1.054297        3.400864         3.400864       4.0160761       4.0160761
              2        6.264026       1.2729397       1.1282463        3.400864         3.400864        5.726324        5.726324
              8       5.1002404      0.84145591      0.91730906        3.400864         3.400864       3.3987528       3.3987528
              2       5.3201771       1.0861902       1.0422045        3.400864         3.400864       3.8386262       3.8386262
              1       6.7304281       0.4988295      0.70627863        3.400864         3.400864       6.6591283       6.6591283
              2       6.2083995      0.56960347      0.75472079        3.400864         3.400864       5.6150711       5.6150711
             10       5.5831583       1.1535474       1.0740332        3.400864         3.400864       4.3645886       4.3645886
              2        5.160373       1.0265998       1.0132126        3.400864         3.400864        3.519018        3.519018
              1       5.7017521       1.1782991       1.0854949        3.400864         3.400864       4.6017762       4.6017762
              1       5.2465637      0.77250848      0.87892461        3.400864         3.400864       3.6913994       3.6913994
              1       5.4541159      0.71106562      0.84324707        3.400864         3.400864       4.1065037       4.1065037
              1       6.2707635      0.56040925      0.74860487        3.400864         3.400864       5.7397989       5.7397989
              3       5.1247396      0.82619376      0.90895201        3.400864         3.400864       3.4477512       3.4477512
              1       5.0602356      0.87744174       0.9367186        3.400864         3.400864       3.3187432       3.3187432
              3       5.3002016      0.75439194      0.86855739        3.400864         3.400864       3.7986752       3.7986752
              1        7.377404      0.42504282      0.65195308        3.400864         3.400864         7.95308         7.95308
              1       5.4547638       1.1234284        1.059919        3.400864         3.400864       4.1077996       4.1077996
              5       5.9812275      0.60537934      0.77806127        3.400864         3.400864       5.1607269       5.1607269
              3       6.0015636       1.2323196       1.1100989        3.400864         3.400864       5.2013992       5.2013992
              2       6.5658426      0.51978027      0.72095789        3.400864         3.400864       6.3299572       6.3299572
              2       5.6777417      0.66084988      0.81292674        3.400864         3.400864       4.5537554       4.5537554
              1       6.0598209      0.59255577      0.76977644        3.400864         3.400864       5.3179138       5.3179138
              1       6.0741617      0.59027014       0.7682904        3.400864         3.400864       5.3465954       5.3465954
              4       5.9896357      0.60398234      0.77716301        3.400864         3.400864       5.1775435       5.1775435
              2        8.326399      0.33344889      0.57745034        3.400864         3.400864       9.8510699       9.8510699
              4       5.3742909       1.1020664       1.0497935        3.400864         3.400864       3.9468539       3.9468539
              4        5.261704      0.76717293      0.87588409        3.400864         3.400864       3.7216799       3.7216799
              3       5.2041969      0.78861032      0.88803734        3.400864         3.400864       3.6066658       3.6066658
              2       5.1473613      0.81408874      0.90226866        3.400864         3.400864       3.4929946       3.4929946
              1       5.6926277       1.1764787        1.084656        3.400864         3.400864       4.5835274       4.5835274
              2       5.0481934      0.93526376      0.96709036        3.400864         3.400864       3.2946588       3.2946588
              1       5.0828659      0.97983782      0.98986758        3.400864         3.400864       3.3640039       3.3640039
              1       5.0825619       0.9795854      0.98974006        3.400864         3.400864       3.3633957       3.3633957
              1       5.1082372      0.83615744      0.91441645        3.400864         3.400864       3.4147464       3.4147464
              2       6.1685151       0.5756133      0.75869184        3.400864         3.400864       5.5353022       5.5353022
              3       5.1423486      0.81664527      0.90368427        3.400864         3.400864       3.4829692       3.4829692
              2       5.0575636      0.95322819      0.97633406        3.400864         3.400864       3.3133992       3.3133992
              2       5.4944317      0.70114832        0.837346        3.400864         3.400864       4.1871355       4.1871355
              1       5.5609845      0.68570486      0.82807298        3.400864         3.400864        4.320241        4.320241
              5       5.4683624       1.1268233       1.0615193        3.400864         3.400864       4.1349968       4.1349968
              3       5.0849864      0.98157044      0.99074237        3.400864         3.400864       3.3682448       3.3682448
              2       5.2046457      0.78842919      0.88793535        3.400864         3.400864       3.6075635       3.6075635
              3       5.3404387      0.74202751      0.86141019        3.400864         3.400864       3.8791494       3.8791494
              1       5.3001799      0.75439885      0.86856137        3.400864         3.400864       3.7986319       3.7986319
              1       7.1134877      0.45372124      0.67358833        3.400864         3.400864       7.4252474       7.4252474
              1       5.0556346      0.88399587      0.94021055        3.400864         3.400864       3.3095412       3.3095412
              2       5.5916127       1.1553971        1.074894        3.400864         3.400864       4.3814975       4.3814975
              2       6.1348035       1.2535541       1.1196223        3.400864         3.400864        5.467879        5.467879
              1        5.579668       1.1527796       1.0736757        3.400864         3.400864       4.3576081       4.3576081
              1        5.231895      0.77787262      0.88197087        3.400864         3.400864        3.662062        3.662062
              1       5.0944963      0.98882769      0.99439816        3.400864         3.400864       3.3872646       3.3872646
              2       5.1986227       1.0434493       1.0214936        3.400864         3.400864       3.5955174       3.5955174
              3       5.4527213      0.71141723      0.84345553        3.400864         3.400864       4.1037145       4.1037145
              1       5.3622553       1.0986555       1.0481677        3.400864         3.400864       3.9227826       3.9227826
              1        5.245259       0.7729775      0.87919139        3.400864         3.400864       3.6887899       3.6887899
              2       5.0826396      0.85468078      0.92448947        3.400864         3.400864       3.3635513       3.3635513
              1       6.4576624      0.53417469      0.73087255        3.400864         3.400864       6.1135969       6.1135969
              1       5.4875333      0.70281272      0.83833926        3.400864         3.400864       4.1733387       4.1733387
              4       5.4717783      0.70666332      0.84063269        3.400864         3.400864       4.1418287       4.1418287
              1       5.1291418      0.82371512      0.90758753        3.400864         3.400864       3.4565557       3.4565557
              1       5.2343728       0.7769521      0.88144886        3.400864         3.400864       3.6670177       3.6670177
              1       5.0867922      0.85132075      0.92267045        3.400864         3.400864       3.3718564       3.3718564
              3       5.2955421      0.75588497      0.86941645        3.400864         3.400864       3.7893563       3.7893563
              1        5.242697      0.77390298      0.87971756        3.400864         3.400864        3.683666        3.683666
              1       5.2939425      0.75640074      0.86971302        3.400864         3.400864        3.786157        3.786157
              3       5.0736246      0.86268385      0.92880776        3.400864         3.400864       3.3455212       3.3455212
              3       5.1238667       1.0076375       1.0038115        3.400864         3.400864       3.4460054       3.4460054
              1       5.0921141      0.98708056      0.99351928        3.400864         3.400864       3.3825002       3.3825002
              1       5.4434835      0.71376163      0.84484415        3.400864         3.400864       4.0852391       4.0852391
              1       6.4222545       1.2953258       1.1381238        3.400864         3.400864        6.042781        6.042781
              3       6.3536741         1.28579       1.1339268        3.400864         3.400864       5.9056201       5.9056201
              2        6.813478       1.3456844       1.1600364        3.400864         3.400864        6.825228        6.825228
              1       5.8083157       1.1986898       1.0948469        3.400864         3.400864       4.8149035       4.8149035
              1       5.0601687      0.87752919      0.93676528        3.400864         3.400864       3.3186095       3.3186095
              4       5.0453662       0.9113352      0.95463878        3.400864         3.400864       3.2890045       3.2890045
              1       6.5264013      0.52496712      0.72454615        3.400864         3.400864       6.2510747       6.2510747
              1       7.3829172      0.42446153      0.65150712        3.400864         3.400864       7.9641063       7.9641063
              2         5.70815       1.1795681       1.0860792        3.400864         3.400864       4.6145721       4.6145721
              1       6.0515323       1.2404467       1.1137534        3.400864         3.400864       5.3013367       5.3013367
              3       5.4831003       1.1304417       1.0632223        3.400864         3.400864       4.1644727       4.1644727
              2       5.2993875      0.75465181      0.86870697        3.400864         3.400864        3.797047        3.797047
              1       5.0464359      0.92920937      0.96395507        3.400864         3.400864       3.2911437       3.2911437
              2       5.9033296      0.61863249      0.78653194        3.400864         3.400864       5.0049311       5.0049311
              1        5.050201      0.89401332      0.94552278        3.400864         3.400864       3.2986741       3.2986741
              1        5.057523      0.88116118      0.93870186        3.400864         3.400864        3.313318        3.313318
              2       5.3510538       1.0954223       1.0466242        3.400864         3.400864       3.9003796       3.9003796
              2       5.1702191       1.0311754       1.0154681        3.400864         3.400864       3.5387102       3.5387102
              5       5.0470242      0.90280755      0.95016186        3.400864         3.400864       3.2923204       3.2923204
              3        5.568895      0.68393721      0.82700497        3.400864         3.400864       4.3360621       4.3360621
              1       5.1073984      0.99763401      0.99881631        3.400864         3.400864       3.4130688       3.4130688
              1       5.0608343      0.87666683      0.93630488        3.400864         3.400864       3.3199405       3.3199405
              3       5.0991211      0.99210345       0.9960439        3.400864         3.400864       3.3965142       3.3965142
              1       5.1260883       1.0089035       1.0044419        3.400864         3.400864       3.4504485       3.4504485
              5       5.1281046      0.82429315      0.90790591        3.400864         3.400864       3.4544813       3.4544813
              3       5.3842839      0.72947947       0.8540957        3.400864         3.400864       3.9668397       3.9668397
              1       5.9212217       1.2187939         1.10399        3.400864         3.400864       5.0407154       5.0407154
              1        5.325306      0.74657247      0.86404425        3.400864         3.400864       3.8488839       3.8488839
              2        5.376659      0.73160068      0.85533659        3.400864         3.400864         3.95159         3.95159
              4       5.0657621      0.96355324      0.98160748        3.400864         3.400864       3.3297963       3.3297963
              3       5.2714535      0.76383537      0.87397675        3.400864         3.400864        3.741179        3.741179
              1       8.1941287      0.34533459      0.58765176        3.400864         3.400864       9.5865295       9.5865295
              1       5.3935671      0.72692884      0.85260122        3.400864         3.400864       3.9854062       3.9854062
              3       5.0461638       0.9063576      0.95202815        3.400864         3.400864       3.2905997       3.2905997
              1       7.3977232      0.42290381      0.65031055        3.400864         3.400864       7.9937185       7.9937185
              1       5.4979771      0.70029789      0.83683803        3.400864         3.400864       4.1942262       4.1942262
              1       5.3540549      0.73803656      0.85909054        3.400864         3.400864       3.9063819       3.9063819
              2       5.9240396      0.61505224      0.78425266        3.400864         3.400864       5.0463513       5.0463513
              2       5.3845741      0.72939921      0.85404872        3.400864         3.400864       3.9674201       3.9674201
              4       6.0381749      0.59603651      0.77203401        3.400864         3.400864       5.2746218       5.2746218
              2       5.1633118      0.80634554      0.89796745        3.400864         3.400864       3.5248956       3.5248956
              2       5.2002593      0.79021052      0.88893786        3.400864         3.400864       3.5987906       3.5987906
              1        5.126287       1.0090159       1.0044979        3.400864         3.400864        3.450846        3.450846
              7       5.0486309       0.9364782      0.96771804        3.400864         3.400864       3.2955339       3.2955339
              2        5.603784        1.158035       1.0761203        3.400864         3.400864       4.4058401       4.4058401
              1       5.3461112       1.0939769       1.0459335        3.400864         3.400864       3.8904944       3.8904944
              1       5.3896425      0.72800296       0.8532309        3.400864         3.400864        3.977557        3.977557
              1       5.0946899      0.98896787      0.99446864        3.400864         3.400864       3.3876519       3.3876519
              1        5.699375      0.65650477      0.81024982        3.400864         3.400864        4.597022        4.597022
              2       5.1861964      0.79609806      0.89224327        3.400864         3.400864       3.5706649       3.5706649
              1       5.2995348      0.75460477       0.8686799        3.400864         3.400864       3.7973415       3.7973415
              1       5.0450398      0.91746867      0.95784585        3.400864         3.400864       3.2883516       3.2883516
              5       5.2249627       0.7804809       0.8834483        3.400864         3.400864       3.6481973       3.6481973
              2       5.1223285      0.82758034      0.90971443        3.400864         3.400864       3.4429291       3.4429291
              1       6.3182287       1.2807635       1.1317082        3.400864         3.400864       5.8347294       5.8347294
              1       5.8734012       1.2104473       1.1002033        3.400864         3.400864       4.9450745       4.9450745
              2       5.0458766      0.90783901      0.95280586        3.400864         3.400864       3.2900252       3.2900252
              2       6.4871089       1.3041273       1.1419839        3.400864         3.400864       6.1724898       6.1724898
              2       7.0257059        1.370669       1.1707558        3.400864         3.400864       7.2496838       7.2496838
              5        5.089963      0.98546447      0.99270563        3.400864         3.400864        3.378198        3.378198
              1       5.0710575      0.96914313      0.98445067        3.400864         3.400864        3.340387        3.340387
              1       5.9511418      0.61043009      0.78130026        3.400864         3.400864       5.1005556       5.1005556
              4       8.8069514      0.29216633      0.54052412        3.400864         3.400864       10.812175       10.812175
              3       5.6981019       1.1775724       1.0851601        3.400864         3.400864       4.5944759       4.5944759
              1       5.2520621      0.77054834      0.87780883        3.400864         3.400864       3.7023962       3.7023962
              1       5.1966708       1.0426442       1.0210995        3.400864         3.400864       3.5916136       3.5916136
              1         5.20364       1.0454954       1.0224947        3.400864         3.400864        3.605552        3.605552
              3       5.1451325       1.0191133       1.0095114        3.400864         3.400864        3.488537        3.488537
              1        5.356117      0.73743989       0.8587432        3.400864         3.400864        3.910506        3.910506
              4       5.9008361      0.61906645      0.78680776        3.400864         3.400864       4.9999441       4.9999441
              5       5.0488709      0.93711293      0.96804593        3.400864         3.400864       3.2960138       3.2960138
              4       5.0638527       0.9613645      0.98049197        3.400864         3.400864       3.3259774       3.3259774
              6       6.9540021       1.3623845       1.1672123        3.400864         3.400864       7.1062762       7.1062762
              1       5.5590449       1.1481905       1.0715365        3.400864         3.400864       4.3163619       4.3163619
              2       5.9692371       1.2269484        1.107677        3.400864         3.400864       5.1367462       5.1367462
              2       5.7197778       1.1818587       1.0871332        3.400864         3.400864       4.6378275       4.6378275
              1       7.0460463       0.4613391      0.67921948        3.400864         3.400864       7.2903647       7.2903647
              1       8.3978506       0.3271279      0.57195096        3.400864         3.400864       9.9939733       9.9939733
              1       5.1124085       1.0008041        1.000402        3.400864         3.400864        3.423089        3.423089
              1       5.1993181       1.0437348       1.0216334        3.400864         3.400864       3.5969082       3.5969082
              4       5.5364054       0.6912854      0.83143575        3.400864         3.400864       4.2710827       4.2710827
              2       5.0945835      0.98889087      0.99442992        3.400864         3.400864        3.387439        3.387439
              1       5.0457895      0.90833698      0.95306714        3.400864         3.400864        3.289851        3.289851
              1       5.1611058       1.0269469       1.0133839        3.400864         3.400864       3.5204836       3.5204836
              3       5.4451438      0.71333828      0.84459356        3.400864         3.400864       4.0885597       4.0885597
              4       5.1145583       1.0021281       1.0010635        3.400864         3.400864       3.4273887       3.4273887
              3       5.1092362      0.83551969      0.91406766        3.400864         3.400864       3.4167444       3.4167444
              3       5.4259221       1.1160362       1.0564261        3.400864         3.400864       4.0501163       4.0501163
              1       5.0538424      0.94739988      0.97334469        3.400864         3.400864       3.3059568       3.3059568
              1       5.1373901       1.0150911       1.0075173        3.400864         3.400864       3.4730523       3.4730523
              1       5.3564622      0.73734019      0.85868515        3.400864         3.400864       3.9111965       3.9111965
              2       5.1299826      0.82324918       0.9073308        3.400864         3.400864       3.4582372       3.4582372
              1       5.5916358       1.1554021       1.0748963        3.400864         3.400864       4.3815435       4.3815435
              1       6.2855889      0.55825821      0.74716679        3.400864         3.400864       5.7694499       5.7694499
              2       6.1799614        1.260453        1.122699        3.400864         3.400864       5.5581949       5.5581949
              1       5.0905981      0.98594553       0.9929479        3.400864         3.400864       3.3794681       3.3794681
              1        5.684086       1.1747628       1.0838648        3.400864         3.400864        4.566444        4.566444
              1       6.1694174       1.2588547       1.1219869        3.400864         3.400864       5.5371068       5.5371068
              3       8.0462991        1.475413       1.2146658        3.400864         3.400864       9.2908702       9.2908702
              1       7.8313946       1.4550552       1.2062567        3.400864         3.400864       8.8610611       8.8610611
              1       6.3631897       1.2871278       1.1345166        3.400864         3.400864       5.9246514       5.9246514
              2        5.477329       1.1290321       1.0625592        3.400864         3.400864         4.15293         4.15293
              2       5.3089383       1.0827021       1.0405297        3.400864         3.400864       3.8161485       3.8161485
              3       5.1454805      0.81504044       0.9027959        3.400864         3.400864       3.4892331       3.4892331
              1       5.2447658      0.77315521      0.87929245        3.400864         3.400864       3.6878035       3.6878035
              1       5.6985528      0.65666857      0.81035089        3.400864         3.400864       4.5953776       4.5953776
              1       5.0562213      0.95124092       0.9753158        3.400864         3.400864       3.3107146       3.3107146
              2       6.2164984      0.56839577      0.75392027        3.400864         3.400864       5.6312688       5.6312688
              1       6.2662283      0.56106986      0.74904596        3.400864         3.400864       5.7307286       5.7307286
              1       5.3562784       1.0969376       1.0473479        3.400864         3.400864       3.9108288       3.9108288
              4        6.706433       1.3325127       1.1543451        3.400864         3.400864       6.6111379       6.6111379
              1       5.0698988      0.96797259      0.98385598        3.400864         3.400864       3.3380697       3.3380697
              1       5.1396235       1.0162681       1.0081012        3.400864         3.400864        3.477519        3.477519
              2       5.2833308       1.0744658       1.0365644        3.400864         3.400864       3.7649335       3.7649335
              2       5.1095709      0.99902369      0.99951173        3.400864         3.400864       3.4174138       3.4174138
              7       5.4719063       1.1276991       1.0619318        3.400864         3.400864       4.1420847       4.1420847
              5       5.2386974        1.058971       1.0290632        3.400864         3.400864       3.6756668       3.6756668
              3       5.0490046      0.93745791       0.9682241        3.400864         3.400864       3.2962812       3.2962812
              4       5.2059721      0.78789539      0.88763472        3.400864         3.400864       3.6102161       3.6102161
              1       6.3801093      0.54483619       0.7381302        3.400864         3.400864       5.9584907       5.9584907
              2       5.2565493       1.0653629       1.0321642        3.400864         3.400864       3.7113705       3.7113705
              1       5.1091634       0.9987648      0.99938221        3.400864         3.400864       3.4165987       3.4165987
              2       5.5131129      0.69670415      0.83468805        3.400864         3.400864       4.2244978       4.2244978
              1       5.1239211      0.82666206      0.90920958        3.400864         3.400864       3.4461143       3.4461143
              2       5.0492481      0.93807151      0.96854092        3.400864         3.400864       3.2967681       3.2967681
              1       5.2695558       1.0698515       1.0343363        3.400864         3.400864       3.7373835       3.7373835
              1       5.2924626      0.75687939      0.86998816        3.400864         3.400864       3.7831971       3.7831971
              6       5.0530054      0.94592669      0.97258763        3.400864         3.400864       3.3042827       3.3042827
              2       5.0482732      0.89883951      0.94807147        3.400864         3.400864       3.2948184       3.2948184
              1       5.0598702       0.8779222      0.93697503        3.400864         3.400864       3.3180124       3.3180124
              2       5.0530378      0.88834566      0.94252091        3.400864         3.400864       3.3043476       3.3043476
              1       5.0512432      0.94254723      0.97084872        3.400864         3.400864       3.3007585       3.3007585
              2       5.0502495      0.89390488      0.94546543        3.400864         3.400864        3.298771        3.298771
              1       5.2294173       1.0555316       1.0273907        3.400864         3.400864       3.6571065       3.6571065
              1       5.0507285      0.94147168      0.97029463        3.400864         3.400864       3.2997291       3.2997291
             12       5.0642201      0.87253688      0.93409683        3.400864         3.400864       3.3267121       3.3267121
              1       5.2678911       1.0692844       1.0340621        3.400864         3.400864       3.7340542       3.7340542
              5       5.8769271       1.2110708       1.1004866        3.400864         3.400864       4.9521263       4.9521263
              2       5.2215338       1.0525412       1.0259343        3.400864         3.400864       3.6413395       3.6413395
              2       5.5638199      0.68506972      0.82768939        3.400864         3.400864       4.3259118       4.3259118
              2        6.512368      0.52682923      0.72583003        3.400864         3.400864       6.2230081       6.2230081
              2       7.5942775      0.40267145      0.63456398        3.400864         3.400864       8.3868271       8.3868271
              1       5.6465173      0.66725459      0.81685653        3.400864         3.400864       4.4913066       4.4913066
              1        5.141612       1.0173044       1.0086151        3.400864         3.400864       3.4814961       3.4814961
              4        5.045664      0.90910855      0.95347184        3.400864         3.400864       3.2896001       3.2896001
              1        5.051348      0.89157017      0.94422993        3.400864         3.400864        3.300968        3.300968
              1       5.1673591      0.80446535      0.89691992        3.400864         3.400864       3.5329902       3.5329902
              2        5.477879       1.1291669       1.0626226        3.400864         3.400864       4.1540301       4.1540301
              1       5.1019732      0.99405404      0.99702259        3.400864         3.400864       3.4022184       3.4022184
              2        5.216214       1.0504854       1.0249319        3.400864         3.400864       3.6306999       3.6306999
              3       5.1297095       1.0109305       1.0054504        3.400864         3.400864       3.4576909       3.4576909
              2       5.2894091       1.0764593       1.0375256        3.400864         3.400864       3.7770903       3.7770903
              7       5.0559478      0.95082161      0.97510082        3.400864         3.400864       3.3101675       3.3101675
              2       6.1618652      0.57662563      0.75935869        3.400864         3.400864       5.5220024       5.5220024
              5       5.0555776      0.95024563      0.97480543        3.400864         3.400864       3.3094272       3.3094272
              2       6.0961837       1.2475398       1.1169332        3.400864         3.400864       5.3906394       5.3906394
              6       6.1207056       1.2513712        1.118647        3.400864         3.400864       5.4396831       5.4396831
