#        weight    minuslogpost              A2               A   minuslogprior minuslogprior__0            chi2   chi2__loglike
              1       4.5959152       1.0442517       1.0218863        3.400864         3.400864       2.3901023       2.3901023
              1       4.6415958      0.77394724      0.87974271        3.400864         3.400864       2.4814636       2.4814636
              1       4.6277565      0.78827112      0.88784634        3.400864         3.400864       2.4537849       2.4537849
              6       4.6230913       1.0790424       1.0387696        3.400864         3.400864       2.4444546       2.4444546
              2       4.6003919       1.0507125       1.0250427        3.400864         3.400864       2.3990558       2.3990558
              1       4.5730627       1.0020351        1.001017        3.400864         3.400864       2.3443974       2.3443974
              2       5.5987877      0.35856538      0.59880329        3.400864         3.400864       4.3958474       4.3958474
              1       4.6369556       0.7786048      0.88238586        3.400864         3.400864       2.4721832       2.4721832
              1       5.9412636       1.6023195       1.2658276        3.400864         3.400864       5.0807992       5.0807992
              1       6.5811538       1.7419287       1.3198215        3.400864         3.400864       6.3605797       6.3605797
              1       4.6753349      0.74343619      0.86222746        3.400864         3.400864       2.5489418       2.5489418
              1       4.6178464       1.0730187       1.0358661        3.400864         3.400864       2.4339647       2.4339647
              1       4.6344472      0.78118078      0.88384432        3.400864         3.400864       2.4671665       2.4671665
              1        5.187057      0.48735735      0.69810984        3.400864         3.400864       3.5723859       3.5723859
              1       5.4620391      0.39791278      0.63080329        3.400864         3.400864       4.1223502       4.1223502
              1       4.5777247       1.0125674       1.0062641        3.400864         3.400864       2.3537214       2.3537214
              3       4.8355422       1.2339146       1.1108171        3.400864         3.400864       2.8693565       2.8693565
              1       4.8985695       1.2661617       1.1252385        3.400864         3.400864        2.995411        2.995411
              1       4.6061197       1.0584819       1.0288255        3.400864         3.400864       2.4105115       2.4105115
              5       4.5671377      0.98550118      0.99272412        3.400864         3.400864       2.3325473       2.3325473
              1       4.6953926       1.1450657       1.0700774        3.400864         3.400864       2.5890573       2.5890573
              3       4.9018887       1.2677729       1.1259542        3.400864         3.400864       3.0020493       3.0020493
              1       4.5638305      0.89928105       0.9483043        3.400864         3.400864        2.325933        2.325933
              1       6.8528453       1.7943636       1.3395386        3.400864         3.400864       6.9039627       6.9039627
              2       4.7168431      0.71151252      0.84351202        3.400864         3.400864       2.6319582       2.6319582
              4       5.4924149      0.38892815      0.62364104        3.400864         3.400864       4.1831018       4.1831018
              1       5.4491183      0.40178031      0.63386143        3.400864         3.400864       4.0965087       4.0965087
              3       4.6070695        1.059723       1.0294285        3.400864         3.400864       2.4124111       2.4124111
              1       4.5716234      0.99842421      0.99921179        3.400864         3.400864       2.3415188       2.3415188
              1       4.7245055       1.1663623       1.0799825        3.400864         3.400864       2.6472831       2.6472831
              1       4.6329469       1.0897232       1.0438981        3.400864         3.400864       2.4641659       2.4641659
              2       4.5950782       1.0430004       1.0212739        3.400864         3.400864       2.3884285       2.3884285
              6       4.6098835      0.80913646      0.89952013        3.400864         3.400864        2.418039        2.418039
              1       6.3112834      0.18624048      0.43155588        3.400864         3.400864       5.8208388       5.8208388
              1       5.1945572       0.4846826       0.6961915        3.400864         3.400864       3.5873865       3.5873865
              3       5.3618551      0.42867153      0.65473012        3.400864         3.400864       3.9219822       3.9219822
              1       4.7592015      0.68305132      0.82646919        3.400864         3.400864       2.7166749       2.7166749
              2       4.7662836        1.193866       1.0926418        3.400864         3.400864       2.7308393       2.7308393
              1        4.678067      0.74117425      0.86091478        3.400864         3.400864        2.554406        2.554406
              1       4.6551218       1.1113894       1.0542246        3.400864         3.400864       2.5085156       2.5085156
              2       6.2472623      0.20007336      0.44729561        3.400864         3.400864       5.6927965       5.6927965
              3       4.7456215      0.69181472        0.831754        3.400864         3.400864       2.6895149       2.6895149
              2       4.8720461      0.61947374      0.78706654        3.400864         3.400864       2.9423642       2.9423642
              1       4.9590875      0.57806231      0.76030409        3.400864         3.400864        3.116447        3.116447
              3       4.5598732      0.92650114      0.96254929        3.400864         3.400864       2.3180184       2.3180184
              4       4.9199818       1.2764221       1.1297885        3.400864         3.400864       3.0382357       3.0382357
              4       4.5676985      0.88516929      0.94083436        3.400864         3.400864        2.333669        2.333669
              3       4.5610275      0.95780491      0.97867508        3.400864         3.400864       2.3203271       2.3203271
              1       5.2965413       1.4226949       1.1927677        3.400864         3.400864       3.7913546       3.7913546
              2       6.8339467       1.7908204       1.3382154        3.400864         3.400864       6.8661655       6.8661655
              3       4.6388237        1.095752       1.0467818        3.400864         3.400864       2.4759195       2.4759195
              1       4.7163319       1.1605873       1.0773056        3.400864         3.400864       2.6309359       2.6309359
              2       4.6935051      0.72885597      0.85373062        3.400864         3.400864       2.5852822       2.5852822
              2        4.830585       1.2312288       1.1096075        3.400864         3.400864       2.8594421       2.8594421
              3       4.5652884      0.97905274      0.98947094        3.400864         3.400864       2.3288487       2.3288487
              1       4.6049562       1.0569441       1.0280779        3.400864         3.400864       2.4081844       2.4081844
              1       4.7045429       1.1519859        1.073306        3.400864         3.400864       2.6073577       2.6073577
              1       4.7868965       1.2064066       1.0983654        3.400864         3.400864        2.772065        2.772065
              2       5.0489033       1.3326247       1.1543937        3.400864         3.400864       3.2960786       3.2960786
              4       4.8064998      0.65465017      0.80910455        3.400864         3.400864       2.8112715       2.8112715
              3       5.1688645      0.49391231      0.70278895        3.400864         3.400864       3.5360011       3.5360011
              3       5.0389085      0.54390979       0.7375024        3.400864         3.400864        3.276089        3.276089
              2       4.5675788      0.98691828      0.99343761        3.400864         3.400864       2.3334296       2.3334296
              1       6.3999749       1.7049771       1.3057477        3.400864         3.400864       5.9982219       5.9982219
              2       5.8530781       1.5807127        1.257264        3.400864         3.400864       4.9044283       4.9044283
              1       6.5233682       1.7303301       1.3154201        3.400864         3.400864       6.2450084       6.2450084
              2        8.696815       2.0888402        1.445282        3.400864         3.400864       10.591902       10.591902
              8        5.044744       1.3309365       1.1536622        3.400864         3.400864         3.28776         3.28776
              1       5.1137773       1.3580837       1.1653685        3.400864         3.400864       3.4258266       3.4258266
              1         4.56813      0.98863526      0.99430139        3.400864         3.400864        2.334532        2.334532
              4        4.679477       1.1324483       1.0641655        3.400864         3.400864        2.557226        2.557226
              1       4.7079664       1.1545186       1.0744853        3.400864         3.400864       2.6142048       2.6142048
              1       4.8945578       1.2642036       1.1243681        3.400864         3.400864       2.9873877       2.9873877
              1       5.1136954      0.51441283      0.71722578        3.400864         3.400864       3.4256627       3.4256627
              5       4.8521844       1.2427591       1.1147911        3.400864         3.400864       2.9026408       2.9026408
              2       5.5973938       1.5135125       1.2302489        3.400864         3.400864       4.3930597       4.3930597
              2       5.3032641       1.4249087       1.1936954        3.400864         3.400864       3.8048002       3.8048002
              5       4.7080229      0.71790516      0.84729284        3.400864         3.400864       2.6143178       2.6143178
              2       5.0510232      0.53898291      0.73415455        3.400864         3.400864       3.3003183       3.3003183
              1       4.5709743      0.87574003      0.93580983        3.400864         3.400864       2.3402206       2.3402206
              1       5.3620786       1.4438645       1.2016091        3.400864         3.400864       3.9224293       3.9224293
              3       4.5628319      0.96855534      0.98415209        3.400864         3.400864       2.3239357       2.3239357
              2       4.7792275      0.67065533      0.81893548        3.400864         3.400864       2.7567269       2.7567269
              2       5.4276852      0.40825829      0.63895093        3.400864         3.400864       4.0536424       4.0536424
              4       4.5880816       1.0319023       1.0158259        3.400864         3.400864       2.3744352       2.3744352
              2        7.176886     0.019476922      0.13955974        3.400864         3.400864       7.5520441       7.5520441
              4       4.6336382       1.0904446       1.0442435        3.400864         3.400864       2.4655484       2.4655484
              1       4.8324898      0.64020168      0.80012604        3.400864         3.400864       2.8632516       2.8632516
              2       7.1492194       1.8481302       1.3594595        3.400864         3.400864       7.4967107       7.4967107
              2       5.5277226       1.4937987       1.2222106        3.400864         3.400864       4.2537171       4.2537171
              1       4.6398227      0.77571101      0.88074458        3.400864         3.400864       2.4779174       2.4779174
              1       5.8447195      0.29383837       0.5420686        3.400864         3.400864       4.8877111       4.8877111
              3       5.2181506       0.4763702      0.69019577        3.400864         3.400864       3.6345732       3.6345732
              2       4.6743475       1.1282051         1.06217        3.400864         3.400864        2.546967        2.546967
              2       4.5645026      0.97599755      0.98792588        3.400864         3.400864       2.3272772       2.3272772
             10       5.0484993      0.54000426      0.73484982        3.400864         3.400864       3.2952707       3.2952707
              2       6.0770262      0.23818812      0.48804521        3.400864         3.400864       5.3523244       5.3523244
              1       5.6381935        0.347715      0.58967363        3.400864         3.400864        4.474659        4.474659
              1       4.5740994      0.86794757      0.93163704        3.400864         3.400864       2.3464708       2.3464708
              1       4.7949069       1.2111257       1.1005115        3.400864         3.400864       2.7880859       2.7880859
              2       4.8920946       1.2629956       1.1238308        3.400864         3.400864       2.9824612       2.9824612
              4        4.577149       1.0113466       1.0056573        3.400864         3.400864       2.3525699       2.3525699
              2        4.730093      0.70223734      0.83799603        3.400864         3.400864       2.6584581       2.6584581
              1       5.3611154       1.4435598       1.2014823        3.400864         3.400864       3.9205027       3.9205027
              4       5.4552998       1.4725388       1.2134821        3.400864         3.400864       4.1088716       4.1088716
              1       5.0388794       1.3285437       1.1526247        3.400864         3.400864       3.2760308       3.2760308
              3        4.626616      0.78951385      0.88854592        3.400864         3.400864        2.451504        2.451504
              4       5.0901115       1.3489783       1.1614553        3.400864         3.400864       3.3784949       3.3784949
              1       4.5859806      0.84415649      0.91877989        3.400864         3.400864       2.3702332       2.3702332
              2       5.5950989       1.5128738       1.2299894        3.400864         3.400864       4.3884698       4.3884698
              2       4.8963122      0.60740398      0.77936127        3.400864         3.400864       2.9908965       2.9908965
              1       4.7877122      0.66557449      0.81582749        3.400864         3.400864       2.7736964       2.7736964
              3       5.7382201      0.32103148       0.5665964        3.400864         3.400864       4.6747122       4.6747122
              1       6.4633063      0.15437322      0.39290357        3.400864         3.400864       6.1248845       6.1248845
              1       4.7170446       1.1610968        1.077542        3.400864         3.400864       2.6323612       2.6323612
              4       4.5883293      0.84014833      0.91659605        3.400864         3.400864       2.3749306       2.3749306
              2         4.56703      0.98514899      0.99254672        3.400864         3.400864        2.332332        2.332332
              1       4.7516018      0.68791738      0.82940785        3.400864         3.400864       2.7014756       2.7014756
              1       4.6326042       1.0893643       1.0437262        3.400864         3.400864       2.4634805       2.4634805
              1       4.5722166      0.99993738      0.99996869        3.400864         3.400864       2.3427053       2.3427053
              9        4.560888      0.91572527      0.95693535        3.400864         3.400864        2.320048        2.320048
              1       4.6140276       1.0684603       1.0336636        3.400864         3.400864       2.4263272       2.4263272
              1       5.3550284      0.43083561      0.65638069        3.400864         3.400864       3.9083288       3.9083288
              1       4.8434718       1.2381611       1.1127269        3.400864         3.400864       2.8852156       2.8852156
              1       4.6117817       1.0657047       1.0323297        3.400864         3.400864       2.4218355       2.4218355
              2       4.6266186       1.0829543       1.0406509        3.400864         3.400864       2.4515092       2.4515092
              1       4.6398061      0.77572767      0.88075403        3.400864         3.400864       2.4778841       2.4778841
              1       5.5883144       1.5109817         1.22922        3.400864         3.400864       4.3749008       4.3749008
              2       4.7234848        1.165649       1.0796523        3.400864         3.400864       2.6452416       2.6452416
              3       5.1512074       1.3720967       1.1713653        3.400864         3.400864       3.5006868       3.5006868
              1       4.9350829        1.283476        1.132906        3.400864         3.400864       3.0684379       3.0684379
              1       6.5206217      0.14269079      0.37774435        3.400864         3.400864       6.2395155       6.2395155
              3       5.1793925       1.3823581       1.1757373        3.400864         3.400864        3.557057        3.557057
              4       6.2444279      0.20069178      0.44798636        3.400864         3.400864       5.6871279       5.6871279
              1        4.559603      0.93904847      0.96904513        3.400864         3.400864        2.317478        2.317478
              1       4.5660976      0.98198652      0.99095233        3.400864         3.400864       2.3304672       2.3304672
              1       5.0689164       1.3406496       1.1578643        3.400864         3.400864       3.3361049       3.3361049
              3       4.8228467       1.2269866       1.1076943        3.400864         3.400864       2.8439654       2.8439654
              1       4.5595957      0.93386851      0.96636872        3.400864         3.400864       2.3174634       2.3174634
              1       5.7067766      0.32929305      0.57384062        3.400864         3.400864       4.6118251       4.6118251
              1       6.1391871       1.6484311       1.2839124        3.400864         3.400864       5.4766463       5.4766463
              1       5.1355158       1.3662777       1.1688788        3.400864         3.400864       3.4693037       3.4693037
              1       4.6598831       1.1157007       1.0562673        3.400864         3.400864       2.5180381       2.5180381
              1       4.5710734      0.99698779      0.99849276        3.400864         3.400864       2.3404188       2.3404188
              1       4.5800974       1.0174046       1.0086647        3.400864         3.400864       2.3584668       2.3584668
              1       4.7247883      0.70590592      0.84018208        3.400864         3.400864       2.6478485       2.6478485
              6       4.6531405       1.1095638       1.0533583        3.400864         3.400864        2.504553        2.504553
              4       4.7240559      0.70641697      0.84048615        3.400864         3.400864       2.6463839       2.6463839
              1       5.0092524      0.55624004      0.74581502        3.400864         3.400864       3.2167768       3.2167768
              1       5.8805443       1.5875192       1.2599679        3.400864         3.400864       4.9593607       4.9593607
              1        4.618491      0.79869218       0.8936958        3.400864         3.400864       2.4352539       2.4352539
              2       4.6307448       1.0874021       1.0427857        3.400864         3.400864       2.4597615       2.4597615
              3       6.5893994      0.12889516      0.35901972        3.400864         3.400864       6.3770709       6.3770709
              6       5.3161652      0.44333625        0.665835        3.400864         3.400864       3.8306025       3.8306025
              1       5.0221281       0.5508382      0.74218475        3.400864         3.400864       3.2425281       3.2425281
              1       4.7416123       1.1780027       1.0853583        3.400864         3.400864       2.6814966       2.6814966
              4       5.7797084       1.5621678       1.2498671        3.400864         3.400864       4.7576889       4.7576889
              1       4.8321372      0.64039297      0.80024557        3.400864         3.400864       2.8625465       2.8625465
              1       5.0756083      0.52916771      0.72743915        3.400864         3.400864       3.3494886       3.3494886
              2       4.5970007       1.0458533       1.0226697        3.400864         3.400864       2.3922734       2.3922734
              2       4.9100304       0.6007728      0.77509535        3.400864         3.400864       3.0183328       3.0183328
              1       4.8636234       1.2486933       1.1174495        3.400864         3.400864       2.9255189       2.9255189
              3       5.5232594        1.492512       1.2216841        3.400864         3.400864       4.2447909       4.2447909
              1        4.581844       1.0207888       1.0103409        3.400864         3.400864       2.3619601       2.3619601
              1       4.5605277      0.95369347      0.97657231        3.400864         3.400864       2.3193275       2.3193275
              5       4.6512744       1.1078265       1.0525334        3.400864         3.400864       2.5008208       2.5008208
              2       4.8530971       1.2432368       1.1150053        3.400864         3.400864       2.9044663       2.9044663
              1       4.8794373       1.2567161       1.1210335        3.400864         3.400864       2.9571466       2.9571466
              1       4.5719951      0.99937657      0.99968824        3.400864         3.400864       2.3422622       2.3422622
              2       4.5601719      0.92242601      0.96043012        3.400864         3.400864       2.3186159       2.3186159
              1        7.040678     0.043650201      0.20892631        3.400864         3.400864        7.279628        7.279628
              1       6.4835502      0.15022712      0.38759143        3.400864         3.400864       6.1653725       6.1653725
              1       4.6411712      0.77436786      0.87998174        3.400864         3.400864       2.4806144       2.4806144
              3       5.0461727       1.3315172       1.1539139        3.400864         3.400864       3.2906175       3.2906175
              1       5.1480764       1.3709418       1.1708722        3.400864         3.400864       3.4944247       3.4944247
              6       4.8799675       1.2569816       1.1211519        3.400864         3.400864       2.9582071       2.9582071
              1       4.6660759       1.1211579       1.0588474        3.400864         3.400864       2.5304238       2.5304238
              1       4.8326565       1.2323541       1.1101145        3.400864         3.400864       2.8635851       2.8635851
              4        4.570258      0.87767188      0.93684144        3.400864         3.400864       2.3387881       2.3387881
              2       4.6656192        1.120761         1.05866        3.400864         3.400864       2.5295104       2.5295104
              4       5.0244292       1.3225846       1.1500368        3.400864         3.400864       3.2471304       3.2471304
              3         5.09536        1.351015       1.1623317        3.400864         3.400864        3.388992        3.388992
              1       5.1421332       1.3687412       1.1699321        3.400864         3.400864       3.4825385       3.4825385
              2       4.8064112       1.2177647       1.1035238        3.400864         3.400864       2.8110944       2.8110944
              5       4.5700148       0.8783425      0.93719928        3.400864         3.400864       2.3383017       2.3383017
              1       4.6770538       1.1304554       1.0632288        3.400864         3.400864       2.5523797       2.5523797
              2       4.6108987      0.80786033      0.89881051        3.400864         3.400864       2.4200695       2.4200695
              2       4.5838315       1.0244819       1.0121669        3.400864         3.400864        2.365935        2.365935
              1       4.7609775       1.1905378       1.0911177        3.400864         3.400864        2.720227        2.720227
              2       6.5946999      0.12784175      0.35754964        3.400864         3.400864       6.3876718       6.3876718
              2       5.4491206      0.40177963      0.63386089        3.400864         3.400864       4.0965133       4.0965133
              2       4.7165986      0.71168727      0.84361559        3.400864         3.400864       2.6314692       2.6314692
              1       5.3492042       1.4397761       1.1999067        3.400864         3.400864       3.8966804       3.8966804
              2       5.0360467       1.3273827       1.1521209        3.400864         3.400864       3.2703654       3.2703654
              7       4.7299769      0.70231706      0.83804359        3.400864         3.400864       2.6582257       2.6582257
              1       5.9145554      0.27661509       0.5259421        3.400864         3.400864       5.0273828       5.0273828
              4       6.3375999      0.18062778      0.42500327        3.400864         3.400864       5.8734718       5.8734718
              1       6.6996365      0.10726223      0.32750913        3.400864         3.400864       6.5975451       6.5975451
              1       5.0147795      0.55391184      0.74425254        3.400864         3.400864       3.2278311       3.2278311
              2        4.679692      0.73984126      0.86014026        3.400864         3.400864        2.557656        2.557656
              3       4.8466031       1.2398216       1.1134728        3.400864         3.400864       2.8914782       2.8914782
              2       4.7234088       1.1655958       1.0796276        3.400864         3.400864       2.6450896       2.6450896
              3       4.8550856        1.244275       1.1154707        3.400864         3.400864       2.9084432       2.9084432
              3         6.14483       1.6497021       1.2844073        3.400864         3.400864        5.487932        5.487932
              2       6.2412678       1.6710835       1.2927039        3.400864         3.400864       5.6808077       5.6808077
              2       5.6175449         1.51909       1.2325137        3.400864         3.400864       4.4333618       4.4333618
              2       4.5897822       1.0347149       1.0172094        3.400864         3.400864       2.3778365       2.3778365
              1       4.7516891       1.1846044       1.0883953        3.400864         3.400864       2.7016503       2.7016503
              1       4.8451355       1.2390445       1.1131238        3.400864         3.400864        2.888543        2.888543
              5        4.595264       1.0432794       1.0214105        3.400864         3.400864       2.3887999       2.3887999
              4       4.5603802      0.95227999      0.97584835        3.400864         3.400864       2.3190325       2.3190325
              2       4.8195909       1.2251832       1.1068799        3.400864         3.400864       2.8374539       2.8374539
              1         5.32249      0.44128033      0.66428934        3.400864         3.400864        3.843252        3.843252
              1        5.244103      0.46739683      0.68366427        3.400864         3.400864        3.686478        3.686478
              1        5.186372       1.3848629        1.176802        3.400864         3.400864        3.571016        3.571016
              2       4.5680355      0.98834499      0.99415541        3.400864         3.400864        2.334343        2.334343
              1       5.3097268       1.4270274       1.1945825        3.400864         3.400864       3.8177256       3.8177256
              2       4.7820418        1.203506       1.0970442        3.400864         3.400864       2.7623557       2.7623557
              4       5.0909793      0.52314957      0.72329079        3.400864         3.400864       3.3802306       3.3802306
              3       6.0622495       1.6308702       1.2770553        3.400864         3.400864        5.322771        5.322771
              5       6.5112165       1.7278693       1.3144844        3.400864         3.400864       6.2207049       6.2207049
              4       4.7631221      0.68057717      0.82497101        3.400864         3.400864       2.7245161       2.7245161
              2        4.661451        1.117098       1.0569285        3.400864         3.400864        2.521174        2.521174
              1       5.5781011       1.5081215        1.228056        3.400864         3.400864       4.3544743       4.3544743
              1       4.5982883       1.0477232       1.0235835        3.400864         3.400864       2.3948486       2.3948486
              2       5.9572111      0.26631291      0.51605515        3.400864         3.400864       5.1126942       5.1126942
              1       5.4498559      0.40155878      0.63368666        3.400864         3.400864       4.0979839       4.0979839
              2       5.2611579      0.46159225      0.67940581        3.400864         3.400864       3.7205878       3.7205878
              3       4.6854523      0.73518724      0.85743061        3.400864         3.400864       2.5691765       2.5691765
              3       4.7114663       1.1570779       1.0756756        3.400864         3.400864       2.6212047       2.6212047
              2       4.7402311      0.69538157      0.83389542        3.400864         3.400864       2.6787343       2.6787343
              1       4.6726169       1.1267523       1.0614859        3.400864         3.400864       2.5435059       2.5435059
              2       6.4180305       1.7087388       1.3071874        3.400864         3.400864       6.0343329       6.0343329
              7       4.7877166       1.2068935        1.098587        3.400864         3.400864       2.7737052       2.7737052
              2       5.5409501       1.4975947       1.2237625        3.400864         3.400864       4.2801723       4.2801723
              3       4.9799552       1.3036382       1.1417698        3.400864         3.400864       3.1581824       3.1581824
              1       4.9530345      0.58078599      0.76209317        3.400864         3.400864       3.1043411       3.1043411
              1       5.3392257      0.43588098      0.66021283        3.400864         3.400864       3.8767235       3.8767235
              1       5.3606221      0.42906172      0.65502803        3.400864         3.400864       3.9195161       3.9195161
              4       5.6876817      0.33436543       0.5782434        3.400864         3.400864       4.5736354       4.5736354
              3       5.1772582       1.3815894       1.1754103        3.400864         3.400864       3.5527884       3.5527884
              2       5.4997984       1.4856989       1.2188925        3.400864         3.400864       4.1978687       4.1978687
              2       4.9624285       1.2958976        1.138375        3.400864         3.400864       3.1231291       3.1231291
              1       4.6222696       1.0781156       1.0383234        3.400864         3.400864       2.4428112       2.4428112
              3       5.1165639        1.359143       1.1658229        3.400864         3.400864       3.4313999       3.4313999
              3       6.4094058      0.16552112      0.40684287        3.400864         3.400864       6.0170837       6.0170837
              1       4.6656636       1.1207996       1.0586783        3.400864         3.400864       2.5295993       2.5295993
              3        7.927923       1.9762355       1.4057864        3.400864         3.400864       9.0541181       9.0541181
              4       6.1087011        1.641525       1.2812201        3.400864         3.400864       5.4156742       5.4156742
              2       4.5773559       1.0117876       1.0058765        3.400864         3.400864       2.3529838       2.3529838
              3       4.6147847      0.80308882      0.89615223        3.400864         3.400864       2.4278415       2.4278415
              4       4.6982128      0.72524265       0.8516118        3.400864         3.400864       2.5946976       2.5946976
              2       5.3382191       1.4362613       1.1984412        3.400864         3.400864       3.8747102       3.8747102
              1       4.9811265       1.3041497       1.1419937        3.400864         3.400864       3.1605251       3.1605251
              1       5.1298797      0.50829701      0.71294951        3.400864         3.400864       3.4580315       3.4580315
             11       4.6404403      0.77509444      0.88039448        3.400864         3.400864       2.4791527       2.4791527
              1       5.0556899      0.53710124      0.73287191        3.400864         3.400864       3.3096518       3.3096518
              1       6.4171506      0.16390941      0.40485728        3.400864         3.400864       6.0325733       6.0325733
              2       5.1769648      0.49098176      0.70070091        3.400864         3.400864       3.5522016       3.5522016
              2       4.6405747      0.77496061      0.88031847        3.400864         3.400864       2.4794214       2.4794214
              4       6.5766275      0.13143912      0.36254533        3.400864         3.400864       6.3515269       6.3515269
              4       4.5676903      0.88519499      0.94084802        3.400864         3.400864       2.3336526       2.3336526
              2       4.5603929      0.95240621      0.97591301        3.400864         3.400864       2.3190578       2.3190578
              2       5.3664705      0.42721367      0.65361584        3.400864         3.400864       3.9312129       3.9312129
              1        5.665665      0.34026758      0.58332459        3.400864         3.400864       4.5296019       4.5296019
              1       4.5994199      0.82312438      0.90726202        3.400864         3.400864       2.3971117       2.3971117
              4       4.6339459      0.78170074      0.88413842        3.400864         3.400864       2.4661639       2.4661639
              1       4.9786575       1.3030707       1.1415212        3.400864         3.400864        3.155587        3.155587
              4       5.6143709        1.518215       1.2321587        3.400864         3.400864       4.4270138       4.4270138
              7       4.5684412      0.88288505      0.93961963        3.400864         3.400864       2.3351545       2.3351545
              2       4.9802395       1.3037624       1.1418242        3.400864         3.400864        3.158751        3.158751
              2       5.1063479      0.51721878      0.71917924        3.400864         3.400864       3.4109678       3.4109678
              2        6.979931       1.8178205       1.3482657        3.400864         3.400864        7.158134        7.158134
              1       6.4949812       1.7245697       1.3132287        3.400864         3.400864       6.1882344       6.1882344
              1       5.6457961       1.5268208       1.2356459        3.400864         3.400864       4.4898642       4.4898642
              4       4.6293996       1.0859667       1.0420972        3.400864         3.400864       2.4570713       2.4570713
              1       4.8153012      0.64967563      0.80602458        3.400864         3.400864       2.8288745       2.8288745
              3       4.6495473       1.1062029       1.0517618        3.400864         3.400864       2.4973666       2.4973666
              1       5.5883093       1.5109803       1.2292194        3.400864         3.400864       4.3748906       4.3748906
              1       5.3302966       1.4337109       1.1973767        3.400864         3.400864       3.8588652       3.8588652
              2        4.943515       1.2873531       1.1346158        3.400864         3.400864        3.085302        3.085302
              1       4.7311563      0.70150894       0.8375613        3.400864         3.400864       2.6605845       2.6605845
              1       5.0461411        0.540961      0.73550051        3.400864         3.400864       3.2905542       3.2905542
              1       4.6139422       1.0683567       1.0336134        3.400864         3.400864       2.4261565       2.4261565
              7       4.5598039      0.92772142      0.96318296        3.400864         3.400864       2.3178798       2.3178798
              5       4.7245804       1.1664145       1.0800067        3.400864         3.400864       2.6474327       2.6474327
              8        4.746018        1.180911       1.0866973        3.400864         3.400864       2.6903081       2.6903081
              2       4.6164647      0.80107821      0.89502973        3.400864         3.400864       2.4312014       2.4312014
              1       5.7819926       1.5627534       1.2501014        3.400864         3.400864       4.7622573       4.7622573
              6        5.549457       1.5000225       1.2247541        3.400864         3.400864        4.297186        4.297186
              1       5.0595663       1.3369204       1.1562527        3.400864         3.400864       3.3174046       3.3174046
              2       4.7573646       1.1882465       1.0900672        3.400864         3.400864       2.7130012       2.7130012
              1       4.6097848       1.0632042       1.0311179        3.400864         3.400864       2.4178416       2.4178416
              1       4.7585802       1.1890198       1.0904218        3.400864         3.400864       2.7154325       2.7154325
              1       4.6660882      0.75129679      0.86677378        3.400864         3.400864       2.5304483       2.5304483
              2       4.6378617      0.77768453      0.88186423        3.400864         3.400864       2.4739955       2.4739955
              3       4.5890822      0.83889838      0.91591396        3.400864         3.400864       2.3764364       2.3764364
              5       4.5634053      0.97128817      0.98553953        3.400864         3.400864       2.3250826       2.3250826
              1       4.7452298       1.1803932        1.086459        3.400864         3.400864       2.6887316       2.6887316
              6       5.0639736      0.53378285      0.73060444        3.400864         3.400864       3.3262191       3.3262191
              1       4.5684812      0.88276496      0.93955572        3.400864         3.400864       2.3352344       2.3352344
              5       4.9005562        1.267127       1.1256674        3.400864         3.400864       2.9993843       2.9993843
              2       4.5606744      0.95499379      0.97723784        3.400864         3.400864       2.3196209       2.3196209
              1       4.7371144      0.69746825      0.83514565        3.400864         3.400864       2.6725008       2.6725008
              5       4.6423486       1.0992612       1.0484566        3.400864         3.400864       2.4829692       2.4829692
              4        4.560401      0.95248643      0.97595411        3.400864         3.400864        2.319074        2.319074
              3       4.7948699      0.66136135      0.81324126        3.400864         3.400864       2.7880117       2.7880117
              1       5.1947201      0.48462469      0.69614991        3.400864         3.400864       3.5877123       3.5877123
              1       5.9680263       0.2637259       0.5135425        3.400864         3.400864       5.1343247       5.1343247
              2       6.0242875       0.2504256      0.50042542        3.400864         3.400864       5.2468471       5.2468471
              1       4.7667875       1.1941799       1.0927854        3.400864         3.400864       2.7318471       2.7318471
              4       4.5802151      0.85482833      0.92456927        3.400864         3.400864       2.3587022       2.3587022
              2       5.1170027       1.3593095       1.1658943        3.400864         3.400864       3.4322774       3.4322774
              1       4.5848536       1.0263222       1.0130756        3.400864         3.400864       2.3679792       2.3679792
              1       5.2805037       1.4173726       1.1905346        3.400864         3.400864       3.7592795       3.7592795
              6       5.2372551      0.46974781      0.68538151        3.400864         3.400864       3.6727822       3.6727822
              3       4.8694835      0.62077528      0.78789294        3.400864         3.400864       2.9372391       2.9372391
              2        4.640182      0.77535204      0.88054077        3.400864         3.400864        2.478636        2.478636
              1       5.2185122      0.47624397      0.69010432        3.400864         3.400864       3.6352964       3.6352964
              1       5.4636915      0.39742017       0.6304127        3.400864         3.400864       4.1256551       4.1256551
              4       4.6702862      0.74768741       0.8646892        3.400864         3.400864       2.5388445       2.5388445
              1       5.1700679      0.49347572      0.70247827        3.400864         3.400864       3.5384079       3.5384079
              1       4.6186048      0.79855933      0.89362147        3.400864         3.400864       2.4354816       2.4354816
              2       4.7730579      0.67441168      0.82122572        3.400864         3.400864       2.7443879       2.7443879
              1       4.5914372      0.83508833      0.91383167        3.400864         3.400864       2.3811464       2.3811464
              2       5.3004106       1.4239703       1.1933022        3.400864         3.400864       3.7990932       3.7990932
              2       5.1381775       1.3672703       1.1693033        3.400864         3.400864       3.4746271       3.4746271
              9       4.6444864       0.7711122      0.87812995        3.400864         3.400864       2.4872449       2.4872449
              2       4.8487065      0.63153337      0.79469074        3.400864         3.400864        2.895685        2.895685
              1       6.0600636      0.24210058      0.49203717        3.400864         3.400864       5.3183993       5.3183993
              3       5.3995272      0.41689158      0.64567142        3.400864         3.400864       3.9973265       3.9973265
              2       5.1541219      0.49929641      0.70660909        3.400864         3.400864       3.5065157       3.5065157
              5       4.7010026      0.72313032       0.8503707        3.400864         3.400864       2.6002772       2.6002772
              2       4.6281158      0.78788173      0.88762702        3.400864         3.400864       2.4545036       2.4545036
              1       4.5786004      0.85807794      0.92632496        3.400864         3.400864       2.3554728       2.3554728
              1       5.2198343      0.47578273      0.68977006        3.400864         3.400864       3.6379406       3.6379406
              5       4.6048157       1.0567572       1.0279869        3.400864         3.400864       2.4079035       2.4079035
              2       4.6635711       1.1189703       1.0578139        3.400864         3.400864       2.5254142       2.5254142
              1       4.5615356      0.91116251      0.95454833        3.400864         3.400864       2.3213432       2.3213432
              4       5.4718621       1.4774744        1.215514        3.400864         3.400864       4.1419962       4.1419962
              2       5.1891736       1.3858645       1.1772274        3.400864         3.400864       3.5766192       3.5766192
              2       5.5955184       1.5129906       1.2300368        3.400864         3.400864       4.3893088       4.3893088
              3       4.7687692      0.67705494      0.82283348        3.400864         3.400864       2.7358105       2.7358105
              1       5.0558339      0.53704329      0.73283238        3.400864         3.400864       3.3099399       3.3099399
              2       5.7187845      0.32612483      0.57107341        3.400864         3.400864       4.6358411       4.6358411
              4       5.7707139      0.31260895      0.55911443        3.400864         3.400864       4.7396997       4.7396997
              1        6.004535      0.25506557      0.50504017        3.400864         3.400864        5.207342        5.207342
              1       5.3684487       1.4458753       1.2024455        3.400864         3.400864       3.9351695       3.9351695
              1       4.6835847      0.73668422      0.85830311        3.400864         3.400864       2.5654415       2.5654415
              3       5.6369784      0.34804657      0.58995472        3.400864         3.400864       4.4722288       4.4722288
              1       5.2544515      0.46386623      0.68107725        3.400864         3.400864       3.7071751       3.7071751
              1        4.922935      0.59465237      0.77113706        3.400864         3.400864        3.044142        3.044142
              7       4.7593625       1.1895161       1.0906494        3.400864         3.400864        2.716997        2.716997
              3        4.640267       1.0971981       1.0474722        3.400864         3.400864        2.478806        2.478806
              1       5.2465454       1.4059042       1.1857083        3.400864         3.400864       3.6913628       3.6913628
              2       5.4109554      0.41337048      0.64293894        3.400864         3.400864       4.0201829       4.0201829
              1       5.0814983      0.52685116      0.72584514        3.400864         3.400864       3.3612686       3.3612686
              1        4.628737      0.78721092      0.88724908        3.400864         3.400864        2.455746        2.455746
              1       4.8639516      0.62360347      0.78968568        3.400864         3.400864       2.9261752       2.9261752
              2       5.1269464       1.3630664       1.1675043        3.400864         3.400864       3.4521648       3.4521648
              5       5.0924387       1.3498826       1.1618445        3.400864         3.400864       3.3831494       3.3831494
              1       5.5399561       1.4973104       1.2236463        3.400864         3.400864       4.2781842       4.2781842
              3        6.551967       1.7360914       1.3176082        3.400864         3.400864       6.3022061       6.3022061
              1       5.3888231        1.452254        1.205095        3.400864         3.400864       3.9759183       3.9759183
              1       4.9730811      0.57184351      0.75620335        3.400864         3.400864       3.1444341       3.1444341
              2       4.7264014       1.1676812        1.080593        3.400864         3.400864       2.6510748       2.6510748
              2        6.352451       1.6949867       1.3019165        3.400864         3.400864        5.903174        5.903174
              3        4.882048      0.61444403       0.7838648        3.400864         3.400864        2.962368        2.962368
              4       4.5814918      0.85234802      0.92322696        3.400864         3.400864       2.3612557       2.3612557
              3       4.6343272      0.78130512      0.88391465        3.400864         3.400864       2.4669264       2.4669264
              3       4.5595792      0.93568341       0.9673073        3.400864         3.400864       2.3174305       2.3174305
              5       4.6561498      0.76013614      0.87185787        3.400864         3.400864       2.5105716       2.5105716
              4       4.7537134       0.6865558      0.82858663        3.400864         3.400864       2.7056989       2.7056989
              2       4.7995395       0.6586472      0.81157082        3.400864         3.400864       2.7973509       2.7973509
              2       4.8838466       1.2589175       1.1220149        3.400864         3.400864       2.9659653       2.9659653
              2       5.2598624      0.46203068      0.67972839        3.400864         3.400864       3.7179968       3.7179968
              2       4.5811039       1.0193715       1.0096393        3.400864         3.400864       2.3604798       2.3604798
              3       5.5732055       1.5067455       1.2274956        3.400864         3.400864        4.344683        4.344683
              3       4.6004668       1.0508174       1.0250938        3.400864         3.400864       2.3992055       2.3992055
              2       5.3235259      0.44094441      0.66403645        3.400864         3.400864       3.8453238       3.8453238
              1       4.6560642       1.1122512       1.0546332        3.400864         3.400864       2.5104005       2.5104005
              1         4.75678       1.1878738       1.0898962        3.400864         3.400864        2.711832        2.711832
              5        4.755652        1.187153       1.0895655        3.400864         3.400864        2.709576        2.709576
              1       4.7849577      0.66721344      0.81683134        3.400864         3.400864       2.7681873       2.7681873
              1        4.590549       1.0359572       1.0178198        3.400864         3.400864       2.3793701       2.3793701
              1       4.5678451       0.8847105      0.94059051        3.400864         3.400864       2.3339621       2.3339621
              1       4.6098933      0.80912408      0.89951325        3.400864         3.400864       2.4180586       2.4180586
              1       5.3625187      0.42846166      0.65456983        3.400864         3.400864       3.9233094       3.9233094
              6         4.83172       1.2318459       1.1098855        3.400864         3.400864        2.861712        2.861712
              1       4.5722678       1.0000663       1.0000331        3.400864         3.400864       2.3428077       2.3428077
              1       4.8337534       1.2329482        1.110382        3.400864         3.400864       2.8657789       2.8657789
              4       4.5665601      0.88888357      0.94280622        3.400864         3.400864       2.3313923       2.3313923
              3       5.0528376      0.53825027      0.73365541        3.400864         3.400864       3.3039471       3.3039471
              3        6.014312       1.6197004       1.2726745        3.400864         3.400864       5.2268961       5.2268961
              3       4.7428381       1.1788154       1.0857327        3.400864         3.400864       2.6839483       2.6839483
              2       5.3045168       1.4253201       1.1938677        3.400864         3.400864       3.8073056       3.8073056
              2       6.0017719      0.25571715      0.50568483        3.400864         3.400864       5.2018159       5.2018159
              1       4.7719876       1.1973965       1.0942561        3.400864         3.400864       2.7422471       2.7422471
              1       5.9865579      0.25931612      0.50923091        3.400864         3.400864       5.1713878       5.1713878
              1       5.2833571      0.45414149       0.6739002        3.400864         3.400864       3.7649863       3.7649863
              2       5.3005748      0.44844105      0.66965741        3.400864         3.400864       3.7994217       3.7994217
              1       4.6102172       1.0637497       1.0313824        3.400864         3.400864       2.4187063       2.4187063
              2       4.5602589      0.95101599      0.97520049        3.400864         3.400864       2.3187898       2.3187898
              4       4.5679239      0.88446536      0.94046019        3.400864         3.400864       2.3341198       2.3341198
              1       6.8404264       1.7920369       1.3386698        3.400864         3.400864       6.8791248       6.8791248
              1        5.258762        1.410062       1.1874603        3.400864         3.400864       3.7157961       3.7157961
              4       4.5895471       1.0343309       1.0170206        3.400864         3.400864       2.3773662       2.3773662
              2       4.6693714       1.1239973       1.0601874        3.400864         3.400864       2.5370148       2.5370148
              1       4.5893435      0.83846829      0.91567914        3.400864         3.400864        2.376959        2.376959
              1       4.9004647      0.60538273      0.77806345        3.400864         3.400864       2.9992013       2.9992013
              1       4.5787448       1.0146837       1.0073151        3.400864         3.400864       2.3557617       2.3557617
              3       4.5659351      0.89105267      0.94395586        3.400864         3.400864       2.3301422       2.3301422
              1       5.6058259      0.35661252      0.59717042        3.400864         3.400864       4.4099238       4.4099238
              1       5.1674571       1.3780419       1.1739003        3.400864         3.400864       3.5331863       3.5331863
              2       5.3124915      0.44453438      0.66673412        3.400864         3.400864        3.823255        3.823255
              1       5.2121984      0.47845302      0.69170299        3.400864         3.400864       3.6226689       3.6226689
              2       4.7404602      0.69522891      0.83380388        3.400864         3.400864       2.6791924       2.6791924
              2       4.9220103       1.2773781       1.1302115        3.400864         3.400864       3.0422927       3.0422927
              1       4.7082356       1.1547165       1.0745774        3.400864         3.400864       2.6147431       2.6147431
              3       4.5619528      0.96384553      0.98175635        3.400864         3.400864       2.3221776       2.3221776
              5       4.5713806      0.99779437      0.99889658        3.400864         3.400864       2.3410333       2.3410333
              1       4.7479475       1.1821738       1.0872782        3.400864         3.400864        2.694167        2.694167
              3       4.6954449      0.72735949      0.85285373        3.400864         3.400864       2.5891619       2.5891619
              1        4.644157      0.77143281      0.87831248        3.400864         3.400864       2.4865861       2.4865861
              1       4.5641599      0.97458873      0.98721261        3.400864         3.400864       2.3265917       2.3265917
              7       4.5662311      0.89001293      0.94340497        3.400864         3.400864       2.3307341       2.3307341
              2       4.6406245      0.77491108      0.88029034        3.400864         3.400864       2.4795209       2.4795209
              1       4.6742425      0.74434805      0.86275608        3.400864         3.400864        2.546757        2.546757
              1       4.6140389      0.80399128      0.89665561        3.400864         3.400864       2.4263498       2.4263498
              2       4.9480973       1.2894422       1.1355361        3.400864         3.400864       3.0944667       3.0944667
              3       4.7024816      0.72201894      0.84971697        3.400864         3.400864       2.6032351       2.6032351
              1       4.6253551       0.7909002       0.8893257        3.400864         3.400864       2.4489822       2.4489822
              1       5.8052623      0.30377686      0.55115956        3.400864         3.400864       4.8087965       4.8087965
              3       5.2147372      0.47756347      0.69105967        3.400864         3.400864       3.6277465       3.6277465
              1       4.7510463      0.68827685      0.82962452        3.400864         3.400864       2.7003645       2.7003645
              4        6.154419       1.6518567       1.2852458        3.400864         3.400864       5.5071101       5.5071101
              1       5.9171162       1.5964733       1.2635162        3.400864         3.400864       5.0325043       5.0325043
              1       5.8671928       1.5842194       1.2586578        3.400864         3.400864       4.9326576       4.9326576
              2        4.740787      0.69501128      0.83367337        3.400864         3.400864       2.6798461       2.6798461
              3       4.5596222      0.93247938      0.96564972        3.400864         3.400864       2.3175163       2.3175163
              1       4.9825245       1.3047593       1.1422606        3.400864         3.400864       3.1633211       3.1633211
              2       4.5687029      0.88210312      0.93920345        3.400864         3.400864       2.3356779       2.3356779
              1        7.702863       1.9408904       1.3931584        3.400864         3.400864        8.603998        8.603998
              3       5.0885219       1.3483596       1.1611889        3.400864         3.400864       3.3753159       3.3753159
              1        5.056265       1.3355954       1.1556796        3.400864         3.400864        3.310802        3.310802
              1       5.5981251      0.35874958      0.59895707        3.400864         3.400864       4.3945221       4.3945221
              2       5.7352956       1.5506702       1.2452591        3.400864         3.400864       4.6688632       4.6688632
              2       4.5602294      0.95069182      0.97503427        3.400864         3.400864       2.3187307       2.3187307
              1       4.5606296      0.95460648      0.97703965        3.400864         3.400864       2.3195313       2.3195313
              5       4.7413879      0.69461166      0.83343365        3.400864         3.400864       2.6810479       2.6810479
              1       6.4146054       0.1644387      0.40551042        3.400864         3.400864       6.0274829       6.0274829
              3       4.7220296      0.70783704      0.84133052        3.400864         3.400864       2.6423311       2.6423311
              2       5.5335549      0.37698973      0.61399489        3.400864         3.400864       4.2653818       4.2653818
              3       4.6856979      0.73499119      0.85731627        3.400864         3.400864       2.5696678       2.5696678
              1       4.5912108      0.83544827      0.91402859        3.400864         3.400864       2.3806937       2.3806937
              6       4.6585842       1.1145349       1.0557154        3.400864         3.400864       2.5154404       2.5154404
              1       4.7256696      0.70529238      0.83981687        3.400864         3.400864       2.6496112       2.6496112
              1       4.5877755      0.84107814      0.91710313        3.400864         3.400864       2.3738231       2.3738231
              6       5.9397351       1.6019509        1.265682        3.400864         3.400864       5.0777422       5.0777422
              1        5.504108       1.4869568       1.2194084        3.400864         3.400864        4.206488        4.206488
              5       4.5946454      0.83011783      0.91110802        3.400864         3.400864       2.3875628       2.3875628
              5       4.5645157      0.89641497      0.94679193        3.400864         3.400864       2.3273034       2.3273034
              2       4.8827832      0.61407741      0.78363092        3.400864         3.400864       2.9638384       2.9638384
              4        5.035892       1.3273191       1.1520934        3.400864         3.400864        3.270056        3.270056
              2       4.8936458       1.2637568       1.1241694        3.400864         3.400864       2.9855635       2.9855635
              1       4.8139338       0.6504428      0.80650034        3.400864         3.400864       2.8261397       2.8261397
              2       7.0133661     0.048576561      0.22040091        3.400864         3.400864       7.2250042       7.2250042
              3       4.7488132      0.68972705      0.83049807        3.400864         3.400864       2.6958983       2.6958983
              1       6.6788675       1.7611708       1.3270911        3.400864         3.400864        6.556007        6.556007
              1       6.9948343       1.8205305       1.3492704        3.400864         3.400864       7.1879406       7.1879406
              5        7.934154        1.977197       1.4061284        3.400864         3.400864       9.0665799       9.0665799
              1       4.5611787      0.95890247      0.97923565        3.400864         3.400864       2.3206295       2.3206295
              2       5.8097741       1.5698328       1.2529297        3.400864         3.400864       4.8178202       4.8178202
              2       5.9427947      0.26977693      0.51940055        3.400864         3.400864       5.0838614       5.0838614
              1       4.5967737      0.82694507       0.9093652        3.400864         3.400864       2.3918194       2.3918194
              3        4.719868      0.70936165       0.8422361        3.400864         3.400864        2.638008        2.638008
              2       4.6035144      0.81745445      0.90413188        3.400864         3.400864       2.4053007       2.4053007
              1       4.6017214        1.052562       1.0259445        3.400864         3.400864       2.4017147       2.4017147
              1         5.46713      0.39639656      0.62960032        3.400864         3.400864        4.132532        4.132532
              3       4.5605598      0.95398601      0.97672207        3.400864         3.400864       2.3193917       2.3193917
              1       4.7292492      0.70281701      0.83834182        3.400864         3.400864       2.6567705       2.6567705
              7       6.4636009      0.15431272      0.39282657        3.400864         3.400864       6.1254738       6.1254738
              3       6.4433086      0.15849058      0.39810875        3.400864         3.400864       6.0848892       6.0848892
              3       6.3160146      0.18522833      0.43038161        3.400864         3.400864       5.8303012       5.8303012
              2       5.9598184        1.606777       1.2675871        3.400864         3.400864       5.1179089       5.1179089
              2       5.1761492       1.3811894       1.1752401        3.400864         3.400864       3.5505705       3.5505705
              2        5.976997      0.26158765       0.5114564        3.400864         3.400864       5.1522659       5.1522659
              1       4.7041305      0.72078657       0.8489915        3.400864         3.400864       2.6065331       2.6065331
              2       5.4938714      0.38850105      0.62329853        3.400864         3.400864       4.1860148       4.1860148
              1       4.6159083      0.80174081       0.8953998        3.400864         3.400864       2.4300885       2.4300885
              4       4.6949426        0.727746       0.8530803        3.400864         3.400864       2.5881572       2.5881572
              2       6.0205203      0.25130811      0.50130641        3.400864         3.400864       5.2393126       5.2393126
              1       4.5640543      0.97414426      0.98698747        3.400864         3.400864       2.3263806       2.3263806
              1       4.8113187       1.2205496       1.1047849        3.400864         3.400864       2.8209093       2.8209093
              1       4.9634621       1.2963587       1.1385775        3.400864         3.400864       3.1251962       3.1251962
              2       4.5812569      0.85279892      0.92347113        3.400864         3.400864       2.3607858       2.3607858
              2       4.6215453      0.79517181      0.89172407        3.400864         3.400864       2.4413626       2.4413626
              2       4.5797135      0.85582374      0.92510742        3.400864         3.400864        2.357699        2.357699
              6       4.5887437       1.0330071       1.0163696        3.400864         3.400864       2.3757595       2.3757595
              1       5.2206817        1.396978       1.1819383        3.400864         3.400864       3.6396355       3.6396355
              5        4.659355      0.75723774      0.87019408        3.400864         3.400864       2.5169819       2.5169819
              3       4.8717348       1.2528338       1.1193006        3.400864         3.400864       2.9417417       2.9417417
              1       4.6195609       1.0750166       1.0368301        3.400864         3.400864       2.4373939       2.4373939
              3       5.7700245      0.31278645      0.55927314        3.400864         3.400864       4.7383211       4.7383211
              1       5.8364839      0.29590002      0.54396693        3.400864         3.400864       4.8712399       4.8712399
              1       4.8182939       1.2244616       1.1065539        3.400864         3.400864       2.8348598       2.8348598
              7       4.7904531       1.2085119       1.0993234        3.400864         3.400864       2.7791782       2.7791782
              1       6.6188047        1.749397       1.3226477        3.400864         3.400864       6.4358814       6.4358814
              5       5.2214958       1.3972616       1.1820582        3.400864         3.400864       3.6412635       3.6412635
              3       5.9255396       1.5985185       1.2643253        3.400864         3.400864       5.0493513       5.0493513
              1       4.7658821      0.67884965      0.82392333        3.400864         3.400864       2.7300363       2.7300363
              3        4.687989       1.1392938       1.0673771        3.400864         3.400864         2.57425         2.57425
              2       4.9894188       1.3077507       1.1435693        3.400864         3.400864       3.1771097       3.1771097
              3       4.7503278       0.6887425      0.82990512        3.400864         3.400864       2.6989276       2.6989276
              1       4.8815629       1.2577792       1.1215075        3.400864         3.400864       2.9613977       2.9613977
              3       4.9970502       1.3110342        1.145004        3.400864         3.400864       3.1923724       3.1923724
              2       4.5620396      0.96434563      0.98201101        3.400864         3.400864       2.3223511       2.3223511
              3         7.49697       1.9074293       1.3810972        3.400864         3.400864        8.192212        8.192212
              1       4.8749811       1.2544758       1.1200338        3.400864         3.400864       2.9482341       2.9482341
              5       4.6059014       1.0581949        1.028686        3.400864         3.400864       2.4100749       2.4100749
              1        4.570737      0.99609221      0.99804419        3.400864         3.400864        2.339746        2.339746
              2       6.0831818       1.6356916       1.2789416        3.400864         3.400864       5.3646356       5.3646356
              2       6.5035272       1.7263083       1.3138905        3.400864         3.400864       6.2053264       6.2053264
              2       4.6843205       1.1363722       1.0660076        3.400864         3.400864        2.566913        2.566913
              2       5.7586905       1.5567532       1.2476992        3.400864         3.400864        4.715653        4.715653
              6       5.6930375       1.5395269       1.2407768        3.400864         3.400864        4.584347        4.584347
              1       6.7766685     0.092474626      0.30409641        3.400864         3.400864        6.751609        6.751609
              1       6.1848638       1.6586549       1.2878878        3.400864         3.400864       5.5679997       5.5679997
              2       7.0073573       1.8228013       1.3501116        3.400864         3.400864       7.2129866       7.2129866
              2       7.6288541       1.9289925       1.3888818        3.400864         3.400864       8.4559803       8.4559803
              1       7.5465679       1.9155943         1.38405        3.400864         3.400864       8.2914077       8.2914077
              2        7.803541       1.9568529       1.3988756        3.400864         3.400864        8.805354        8.805354
              1       8.2402902       2.0233894       1.4224589        3.400864         3.400864       9.6788524       9.6788524
              1       4.8008363       1.2145672       1.1020741        3.400864         3.400864       2.7999447       2.7999447
              1       4.5600211       0.9481567      0.97373338        3.400864         3.400864       2.3183142       2.3183142
              2        4.559607      0.93319433      0.96601984        3.400864         3.400864       2.3174861       2.3174861
              2       5.0048735       1.3143706         1.14646        3.400864         3.400864       3.2080189       3.2080189
              2       5.6178414      0.35329372      0.59438517        3.400864         3.400864       4.4339548       4.4339548
              1       5.1737113      0.49215649      0.70153866        3.400864         3.400864       3.5456947       3.5456947
              1       4.5681647      0.88372388      0.94006589        3.400864         3.400864       2.3346014       2.3346014
              5        6.330961      0.18203975      0.42666116        3.400864         3.400864       5.8601941       5.8601941
              1       4.7935069       1.2103068       1.1001394        3.400864         3.400864       2.7852859       2.7852859
              1        4.563906      0.89895434      0.94813203        3.400864         3.400864       2.3260841       2.3260841
              1       4.5918985       1.0381066       1.0188752        3.400864         3.400864       2.3820689       2.3820689
              1       4.5963853       1.0449483       1.0222271        3.400864         3.400864       2.3910427       2.3910427
              1       4.5828666       1.0227086       1.0112906        3.400864         3.400864       2.3640052       2.3640052
              6       4.5819259       1.0209441       1.0104178        3.400864         3.400864       2.3621239       2.3621239
              3       4.7670047        1.194315       1.0928472        3.400864         3.400864       2.7322814       2.7322814
              5       4.6140481       1.0684853       1.0336756        3.400864         3.400864       2.4263683       2.4263683
              2       4.6836337      0.73664485      0.85828017        3.400864         3.400864       2.5655393       2.5655393
              4       4.8493718       1.2412824       1.1141285        3.400864         3.400864       2.8970156       2.8970156
              1       4.9119066      0.59987605      0.77451665        3.400864         3.400864       3.0220851       3.0220851
              4       6.7297076        1.771007       1.3307919        3.400864         3.400864       6.6576872       6.6576872
              3       4.6131346       1.0673716       1.0331368        3.400864         3.400864       2.4245413       2.4245413
              1       5.3716174      0.42559279      0.65237473        3.400864         3.400864       3.9415069       3.9415069
              3       5.0172877      0.55285998      0.74354555        3.400864         3.400864       3.2328475       3.2328475
              1       4.9640807      0.57583101       0.7588353        3.400864         3.400864       3.1264333       3.1264333
              8       4.5775737      0.86021629      0.92747846        3.400864         3.400864       2.3534194       2.3534194
              4       5.2553808      0.46355048      0.68084542        3.400864         3.400864       3.7090336       3.7090336
              1       5.3581845       1.4426314       1.2010959        3.400864         3.400864       3.9146409       3.9146409
              1       5.2150121       1.3949981       1.1811004        3.400864         3.400864       3.6282963       3.6282963
              1        4.712571      0.71458578      0.84533176        3.400864         3.400864       2.6234141       2.6234141
              4       5.0124624      0.55488616      0.74490681        3.400864         3.400864       3.2231968       3.2231968
              1       4.8696676       1.2517837       1.1188314        3.400864         3.400864       2.9376072       2.9376072
              1        4.602173      0.81928169      0.90514181        3.400864         3.400864       2.4026179       2.4026179
              2       4.5715436      0.99821788      0.99910854        3.400864         3.400864       2.3413592       2.3413592
              1       5.6055961       1.5157892       1.2311739        3.400864         3.400864       4.4094643       4.4094643
              1       4.5711198        0.875355      0.93560408        3.400864         3.400864       2.3405117       2.3405117
              4       4.6216343      0.79507052      0.89166727        3.400864         3.400864       2.4415407       2.4415407
              3       5.0923033      0.52263528      0.72293518        3.400864         3.400864       3.3828786       3.3828786
              1       4.6684237      0.74928017      0.86560971        3.400864         3.400864       2.5351194       2.5351194
              3       4.5974637      0.82593599       0.9088102        3.400864         3.400864       2.3931995       2.3931995
              2        4.688872      0.73247455      0.85584727        3.400864         3.400864        2.576016        2.576016
              2       4.7725304      0.67473534      0.82142275        3.400864         3.400864       2.7433329       2.7433329
              4       4.5785929        1.014372       1.0071604        3.400864         3.400864       2.3554577       2.3554577
              7       5.3655969      0.42748928      0.65382665        3.400864         3.400864       3.9294658       3.9294658
              3       5.1458757       1.3701283       1.1705248        3.400864         3.400864       3.4900234       3.4900234
              1       5.8577433      0.29059154      0.53906543        3.400864         3.400864       4.9137585       4.9137585
              2       4.6580945      0.75837192      0.87084552        3.400864         3.400864        2.514461        2.514461
              3       4.6131986         1.06745       1.0331747        3.400864         3.400864       2.4246693       2.4246693
              2       5.3676328      0.42684717      0.65333542        3.400864         3.400864       3.9335377       3.9335377
              4       5.1694659       1.3787713       1.1742109        3.400864         3.400864       3.5372037       3.5372037
              2       4.9207943       1.2768053       1.1299581        3.400864         3.400864       3.0398606       3.0398606
              1        5.659736       1.5305984       1.2371735        3.400864         3.400864        4.517744        4.517744
              1       5.3500313      0.43242557      0.65759073        3.400864         3.400864       3.8983347       3.8983347
              1       5.1545433      0.49914159      0.70649953        3.400864         3.400864       3.5073586       3.5073586
              2       6.0373351       1.6250875       1.2747892        3.400864         3.400864       5.2729421       5.2729421
              2       5.7963117      0.30605314       0.5532207        3.400864         3.400864       4.7908954       4.7908954
              1       4.5685465      0.88256911       0.9394515        3.400864         3.400864        2.335365        2.335365
              3        6.710797       1.7673619       1.3294216        3.400864         3.400864       6.6198661       6.6198661
              1       7.0744323       1.8348663       1.3545724        3.400864         3.400864       7.3471367       7.3471367
              1       4.6820696       1.1345584       1.0651565        3.400864         3.400864       2.5624113       2.5624113
              2       4.7678677        0.677614      0.82317313        3.400864         3.400864       2.7340075       2.7340075
              5       4.6018478      0.81972895      0.90538884        3.400864         3.400864       2.4019676       2.4019676
              7       4.9202123       1.2765309       1.1298367        3.400864         3.400864       3.0386967       3.0386967
              4       4.5630584      0.96966165        0.984714        3.400864         3.400864       2.3243888       2.3243888
              2       4.6043653      0.81630969      0.90349858        3.400864         3.400864       2.4070027       2.4070027
              2         4.69679      0.72632814      0.85224887        3.400864         3.400864        2.591852        2.591852
              1       5.0102041       1.3166272       1.1474438        3.400864         3.400864       3.2186802       3.2186802
