#        weight    minuslogpost              A2               A   minuslogprior minuslogprior__0            chi2   chi2__loglike
              1       9.6320929        1.607313       1.2677985        3.400864         3.400864       12.462458       12.462458
              6       10.171113      0.18759452      0.43312184        3.400864         3.400864       13.540499       13.540499
              3        5.510429       0.6973371      0.83506712        3.400864         3.400864       4.2191301       4.2191301
              2       7.1044566      0.45473407      0.67433973        3.400864         3.400864       7.4071853       7.4071853
              5       6.0086266      0.60084978      0.77514501        3.400864         3.400864       5.2155251       5.2155251
              2       5.5408685      0.69026188      0.83082001        3.400864         3.400864        4.280009        4.280009
              4       5.4220635      0.71930456      0.84811825        3.400864         3.400864        4.042399        4.042399
              1         5.07345      0.86285051      0.92889747        3.400864         3.400864        3.345172        3.345172
              1       5.0970966      0.99068747      0.99533285        3.400864         3.400864       3.3924653       3.3924653
              3       6.4424476       0.5362428      0.73228601        3.400864         3.400864       6.0831671       6.0831671
              3       5.0634331      0.96086891      0.98023921        3.400864         3.400864       3.3251383       3.3251383
              1       5.3636727      0.73527033      0.85747906        3.400864         3.400864       3.9256174       3.9256174
              2       5.0588311       0.8793218       0.9377216        3.400864         3.400864       3.3159343       3.3159343
              6       5.0563347      0.95141336       0.9754042        3.400864         3.400864       3.3109415       3.3109415
              3       5.1090295      0.83565122      0.91413961        3.400864         3.400864       3.4163311       3.4163311
              1       5.7260818       1.1830923       1.0877005        3.400864         3.400864       4.6504355       4.6504355
              1        5.550414       1.1462427       1.0706272        3.400864         3.400864       4.2990999       4.2990999
              3       5.4722583      0.70654498       0.8405623        3.400864         3.400864       4.1427886       4.1427886
              1       5.1840315       1.0373008       1.0184796        3.400864         3.400864       3.5663349       3.5663349
              2       5.3555066       0.7376163      0.85884591        3.400864         3.400864       3.9092852       3.9092852
              4       5.0778637      0.85878377      0.92670587        3.400864         3.400864       3.3539995       3.3539995
              1       5.4197911       1.1144291       1.0556652        3.400864         3.400864       4.0378542       4.0378542
              2       5.3819442        1.104203       1.0508107        3.400864         3.400864       3.9621604       3.9621604
              2       6.0088287       1.2335142       1.1106369        3.400864         3.400864       5.2159295       5.2159295
              1       6.8666663       1.3520808       1.1627901        3.400864         3.400864       6.9316046       6.9316046
              1       6.9799146      0.46893473      0.68478809        3.400864         3.400864       7.1581013       7.1581013
              2       6.5286171      0.52467391      0.72434378        3.400864         3.400864       6.2555062       6.2555062
              1       5.0540122      0.88664076      0.94161604        3.400864         3.400864       3.3062964       3.3062964
              3       5.4826176       1.1303241        1.063167        3.400864         3.400864       4.1635072       4.1635072
              5       5.2671784        1.069041       1.0339444        3.400864         3.400864       3.7326288       3.7326288
              2       5.6127447       1.1599587       1.0770138        3.400864         3.400864       4.4237615       4.4237615
              2       6.5386615      0.52334749       0.7234276        3.400864         3.400864       6.2755951       6.2755951
              3       6.6169598      0.51315702      0.71634979        3.400864         3.400864       6.4321917       6.4321917
              1       5.1366072       1.0146751       1.0073108        3.400864         3.400864       3.4714864       3.4714864
              3       5.1315019       1.0119178       1.0059413        3.400864         3.400864       3.4612758       3.4612758
             16       5.2403326      0.77476241      0.88020589        3.400864         3.400864       3.6789372       3.6789372
              4       7.3608511       1.4075386       1.1863973        3.400864         3.400864       7.9199741       7.9199741
              2       5.0749948      0.86139339      0.92811281        3.400864         3.400864       3.3482617       3.3482617
              1        5.051504      0.89125565      0.94406337        3.400864         3.400864         3.30128         3.30128
              1       5.6043075      0.67618304       0.8223035        3.400864         3.400864       4.4068871       4.4068871
              5       5.1027122       0.9945514      0.99727198        3.400864         3.400864       3.4036963       3.4036963
              1       5.2254376       1.0540302       1.0266597        3.400864         3.400864       3.6491472       3.6491472
              1        5.421183       1.1147951       1.0558386        3.400864         3.400864       4.0406379       4.0406379
              6       5.9381073       1.2216865       1.1052993        3.400864         3.400864       5.0744867       5.0744867
              2       6.5534532       1.3129286        1.145831        3.400864         3.400864       6.3051784       6.3051784
              3       5.0828202      0.97979989      0.98984842        3.400864         3.400864       3.3639124       3.3639124
              3       5.0814583      0.97866067       0.9892728        3.400864         3.400864       3.3611886       3.3611886
              1       5.1208883      0.82841893      0.91017522        3.400864         3.400864       3.4400486       3.4400486
              1       5.0541539      0.94793025       0.9736171        3.400864         3.400864       3.3065799       3.3065799
              1       5.3094611      0.75146484      0.86687072        3.400864         3.400864       3.8171942       3.8171942
              4        5.415736       0.7209719      0.84910064        3.400864         3.400864       4.0297441       4.0297441
              1       5.1311064       1.0117009       1.0058334        3.400864         3.400864       3.4604849       3.4604849
              3       5.1188352       1.0047025       1.0023485        3.400864         3.400864       3.4359424       3.4359424
              4       5.4661312       1.1262701       1.0612587        3.400864         3.400864       4.1305345       4.1305345
              2       5.1203986      0.82870586      0.91033283        3.400864         3.400864       3.4390693       3.4390693
              1       5.2139111       1.0495856       1.0244928        3.400864         3.400864       3.6260943       3.6260943
              1       5.9596891       1.2253441       1.1069526        3.400864         3.400864       5.1176501       5.1176501
              4       5.1196828      0.82912699       0.9105641        3.400864         3.400864       3.4376376       3.4376376
              1       5.0517291      0.94352227      0.97135074        3.400864         3.400864       3.3017301       3.3017301
              3       5.0491626      0.89647253      0.94682233        3.400864         3.400864       3.2965973       3.2965973
              1       5.5560446       1.1475153       1.0712214        3.400864         3.400864       4.3103613       4.3103613
              1       5.3483032      0.73971146       0.8600648        3.400864         3.400864       3.8948784       3.8948784
              1       5.8368245      0.63043165      0.79399726        3.400864         3.400864       4.8719209       4.8719209
              1       5.0450583       0.9157464      0.95694639        3.400864         3.400864       3.2883886       3.2883886
              3       5.5444075      0.68945356       0.8303334        3.400864         3.400864       4.2870869       4.2870869
              3       5.6607924      0.66430638      0.81504993        3.400864         3.400864       4.5198567       4.5198567
              1       5.8410731      0.62966339      0.79351332        3.400864         3.400864       4.8804182       4.8804182
              2         5.71762       1.1814351       1.0869384        3.400864         3.400864        4.633512        4.633512
              2       5.2947059       1.0781765       1.0383528        3.400864         3.400864       3.7876839       3.7876839
              6       6.3414375      0.55026829       0.7418007        3.400864         3.400864        5.881147        5.881147
              1       6.1072326      0.58505928      0.76489168        3.400864         3.400864       5.4127372       5.4127372
              1       5.0470674      0.93167853      0.96523496        3.400864         3.400864       3.2924068       3.2924068
              3       5.0593551      0.95572112       0.9776099        3.400864         3.400864       3.3169822       3.3169822
              1       5.0496396      0.93902236      0.96903166        3.400864         3.400864       3.2975513       3.2975513
              2       5.0450392      0.91697987      0.95759066        3.400864         3.400864       3.2883505       3.2883505
              1       5.1259732      0.82549242      0.90856614        3.400864         3.400864       3.4502184       3.4502184
              3        5.234548       1.0574436       1.0283208        3.400864         3.400864       3.6673681       3.6673681
              1       5.0498356      0.89484785      0.94596398        3.400864         3.400864       3.2979432       3.2979432
              1       5.4993507      0.69996931      0.83664169        3.400864         3.400864       4.1969733       4.1969733
              1       5.5581959       0.6863312      0.82845109        3.400864         3.400864       4.3146638       4.3146638
              3       5.0566598      0.95190261      0.97565496        3.400864         3.400864       3.3115916       3.3115916
              2       5.2155429       1.0502238       1.0248043        3.400864         3.400864       3.6293577       3.6293577
              5        6.076693      0.58986836      0.76802888        3.400864         3.400864        5.351658        5.351658
              3       5.5152659       0.6961977      0.83438462        3.400864         3.400864       4.2288038       4.2288038
              2       5.0843464       0.8532784       0.9237307        3.400864         3.400864       3.3669647       3.3669647
              2       5.0999591      0.84164904      0.91741432        3.400864         3.400864       3.3981902       3.3981902
              5        5.119006       1.0048038        1.002399        3.400864         3.400864        3.436284        3.436284
              2       5.6230739       0.6721733      0.81986176        3.400864         3.400864       4.4444198       4.4444198
              1       6.1673379      0.57579229      0.75880978        3.400864         3.400864       5.5329478       5.5329478
              1         5.44744       1.1215766       1.0590451        3.400864         3.400864       4.0931519       4.0931519
              1        5.080218      0.97760445      0.98873882        3.400864         3.400864        3.358708        3.358708
              1       5.0609473      0.87652212       0.9362276        3.400864         3.400864       3.3201667       3.3201667
              1       5.4785547       1.1293323       1.0627005        3.400864         3.400864       4.1553815       4.1553815
              1       5.5309283        1.141783       1.0685425        3.400864         3.400864       4.2601286       4.2601286
              3       5.6564344       1.1691281       1.0812623        3.400864         3.400864       4.5111408       4.5111408
              4       5.2295924       1.0555973       1.0274227        3.400864         3.400864       3.6574568       3.6574568
              2       7.0329628      0.46283175      0.68031739        3.400864         3.400864       7.2641976       7.2641976
              1       5.6403033      0.66854888      0.81764838        3.400864         3.400864       4.4788787       4.4788787
              1       5.1802237       1.0356438       1.0176658        3.400864         3.400864       3.5587194       3.5587194
              1       5.0807363      0.97804807      0.98896313        3.400864         3.400864       3.3597447       3.3597447
              3       7.0259862       1.3707011       1.1707695        3.400864         3.400864       7.2502443       7.2502443
              1       5.4382897       1.1192391        1.057941        3.400864         3.400864       4.0748515       4.0748515
              4       5.0587422      0.87944397      0.93778674        3.400864         3.400864       3.3157565       3.3157565
              1       5.7055887      0.65527004      0.80948752        3.400864         3.400864       4.6094494       4.6094494
              1       6.2623248       1.2726914       1.1281362        3.400864         3.400864       5.7229216       5.7229216
              6       5.9100045      0.61747389      0.78579507        3.400864         3.400864        5.018281        5.018281
              1       6.1920228       1.2622724       1.1235089        3.400864         3.400864       5.5823175       5.5823175
              3       5.2379226       0.7756438      0.88070642        3.400864         3.400864       3.6741171       3.6741171
              4       5.0749218      0.86146142      0.92814946        3.400864         3.400864       3.3481156       3.3481156
              4       5.2028021        1.045156       1.0223287        3.400864         3.400864       3.6038763       3.6038763
              1        5.200536       1.0442334       1.0218774        3.400864         3.400864       3.5993439       3.5993439
              1       5.1869644      0.79576916      0.89205895        3.400864         3.400864       3.5722008       3.5722008
              1       5.2715082      0.76381685      0.87396616        3.400864         3.400864       3.7412884       3.7412884
              1       6.3363133      0.55099411      0.74228977        3.400864         3.400864       5.8708986       5.8708986
              1       6.1847889       1.2611824       1.1230238        3.400864         3.400864       5.5678499       5.5678499
              1       5.2557061       1.0650672       1.0320209        3.400864         3.400864       3.7096842       3.7096842
              3       6.1012021       1.2483275       1.1172858        3.400864         3.400864       5.4006761       5.4006761
              2       5.0660868      0.96391514       0.9817918        3.400864         3.400864       3.3304455       3.3304455
              1       5.1124176       1.0008097       1.0004048        3.400864         3.400864       3.4231073       3.4231073
              3       5.1119816       0.8337922      0.91312223        3.400864         3.400864       3.4222351       3.4222351
              1       5.7758075       1.1926295       1.0920758        3.400864         3.400864        4.749887        4.749887
              4       6.1476101       1.2555249       1.1205021        3.400864         3.400864       5.4934922       5.4934922
              2       6.1819692      0.57357428      0.75734687        3.400864         3.400864       5.5622103       5.5622103
              1       6.3413984        1.284057       1.1331624        3.400864         3.400864       5.8810688       5.8810688
              2       5.0565839      0.88254181      0.93943697        3.400864         3.400864       3.3114398       3.3114398
              1       5.0947729        0.845303      0.91940361        3.400864         3.400864       3.3878178       3.3878178
              5       5.0883341        0.850116      0.92201735        3.400864         3.400864       3.3749402       3.3749402
              2       5.1372422      0.81931823      0.90516199        3.400864         3.400864       3.4727565       3.4727565
              6       5.3165933       1.0850858       1.0416745        3.400864         3.400864       3.8314585       3.8314585
              1       6.0306247       1.2370713       1.1122371        3.400864         3.400864       5.2595215       5.2595215
              2       5.1534363      0.81107297       0.9005959        3.400864         3.400864       3.5051446       3.5051446
              3       5.1961092      0.79191921      0.88989842        3.400864         3.400864       3.5904904       3.5904904
              3       5.3207714      0.74795813      0.86484572        3.400864         3.400864       3.8398149       3.8398149
              9       5.4905773       1.1322541       1.0640743        3.400864         3.400864       4.1794267       4.1794267
              2       6.8782748       1.3534644       1.1633849        3.400864         3.400864       6.9548215       6.9548215
              1       6.0857609       1.2458977       1.1161979        3.400864         3.400864       5.3697939       5.3697939
              1       5.5017661       1.1349381       1.0653348        3.400864         3.400864       4.2018042       4.2018042
             11       5.1503832       1.0217531        1.010818        3.400864         3.400864       3.4990383       3.4990383
              2       5.0782044      0.85848157      0.92654281        3.400864         3.400864       3.3546809       3.3546809
              1       5.7642807      0.64388249      0.80242289        3.400864         3.400864       4.7268334       4.7268334
              2       5.0520371      0.94412232      0.97165957        3.400864         3.400864       3.3023463       3.3023463
              4        5.091989      0.98698761       0.9934725        3.400864         3.400864       3.3822501       3.3822501
              5       5.1206349      0.82856731      0.91025673        3.400864         3.400864       3.4395418       3.4395418
              1       5.0472262      0.90209493      0.94978678        3.400864         3.400864       3.2927244       3.2927244
              2        8.139496      0.35031656      0.59187546        3.400864         3.400864        9.477264        9.477264
              2       5.4314557       1.1174756       1.0571072        3.400864         3.400864       4.0611834       4.0611834
              2       5.5723069      0.68317895       0.8265464        3.400864         3.400864       4.3428858       4.3428858
              1       5.7942753       1.1960885       1.0936583        3.400864         3.400864       4.7868225       4.7868225
              5       5.5209151      0.69487434      0.83359123        3.400864         3.400864       4.2401021       4.2401021
              1       5.6405634      0.66849457      0.81761517        3.400864         3.400864       4.4793988       4.4793988
              1       5.9787943      0.60578478      0.77832177        3.400864         3.400864       5.1558605       5.1558605
              1       5.9899123      0.60393649      0.77713351        3.400864         3.400864       5.1780967       5.1780967
              4       5.2757492       1.0719432       1.0353469        3.400864         3.400864       3.7497705       3.7497705
              1       6.3682287       1.2878343       1.1348279        3.400864         3.400864       5.9347294       5.9347294
              1       6.7004986       1.3317702       1.1540235        3.400864         3.400864       6.5992692       6.5992692
              1       6.5887203       1.3175284       1.1478364        3.400864         3.400864       6.3757127       6.3757127
              2       8.1876831      0.34592011      0.58814973        3.400864         3.400864       9.5736382       9.5736382
              1        5.249504       1.0628738       1.0309577        3.400864         3.400864       3.6972799       3.6972799
              3       5.6999512       1.1779408       1.0853298        3.400864         3.400864       4.5981744       4.5981744
              5       5.2503907      0.77114138      0.87814656        3.400864         3.400864       3.6990535       3.6990535
              3       5.0549915      0.88501826      0.94075409        3.400864         3.400864       3.3082549       3.3082549
              3       5.0591225      0.87892418      0.93750956        3.400864         3.400864        3.316517        3.316517
              2       5.0731878      0.97122912      0.98550957        3.400864         3.400864       3.3446476       3.3446476
              1       5.3511874       1.0954612       1.0466428        3.400864         3.400864       3.9006468       3.9006468
              1       5.5640208      0.68502478      0.82766224        3.400864         3.400864       4.3263137       4.3263137
              1       5.1620533      0.80693673      0.89829657        3.400864         3.400864       3.5223785       3.5223785
              1       5.0502814      0.89383385      0.94542787        3.400864         3.400864       3.2988348       3.2988348
              1       5.1005345      0.99307635      0.99653216        3.400864         3.400864        3.399341        3.399341
              1       5.1354898       1.0140783       1.0070145        3.400864         3.400864       3.4692516       3.4692516
              3       6.0046225       1.2328232       1.1103257        3.400864         3.400864       5.2075171       5.2075171
              2        5.269853       1.0699526       1.0343851        3.400864         3.400864        3.737978        3.737978
              3       5.8151879       1.1999544       1.0954243        3.400864         3.400864       4.8286478       4.8286478
              3       5.1388517       1.0158629       1.0079003        3.400864         3.400864       3.4759755       3.4759755
              2       5.1474646      0.81403672      0.90223984        3.400864         3.400864       3.4932012       3.4932012
              2       5.0816955      0.97886058      0.98937383        3.400864         3.400864        3.361663        3.361663
              2       5.0533846      0.88772747      0.94219291        3.400864         3.400864       3.3050413       3.3050413
              5       5.2312112       1.0562031       1.0277174        3.400864         3.400864       3.6606945       3.6606945
              2       5.1954579      0.79218946      0.89005026        3.400864         3.400864       3.5891879       3.5891879
              4       5.4224582       1.1151298       1.0559971        3.400864         3.400864       4.0431884       4.0431884
              1       5.4294568       1.1169568       1.0568618        3.400864         3.400864       4.0571857       4.0571857
              1       6.0599361      0.59253734      0.76976447        3.400864         3.400864       5.3181443       5.3181443
              4       5.2057185      0.78799726       0.8876921        3.400864         3.400864       3.6097091       3.6097091
              2        5.219226      0.78267755      0.88469065        3.400864         3.400864       3.6367241       3.6367241
              5       5.1308341       1.0115512        1.005759        3.400864         3.400864       3.4599402       3.4599402
              3       5.4626178      0.70893493      0.84198274        3.400864         3.400864       4.1235076       4.1235076
              4       5.2320908      0.77779964       0.8819295        3.400864         3.400864       3.6624536       3.6624536
              2       5.0520458      0.89019185      0.94349979        3.400864         3.400864       3.3023636       3.3023636
              1       5.3758493      0.73182735      0.85546908        3.400864         3.400864       3.9499706       3.9499706
              1       5.5093718      0.69758693      0.83521669        3.400864         3.400864       4.2170157       4.2170157
              1       6.2127376      0.56895605      0.75429176        3.400864         3.400864       5.6237472       5.6237472
              7       5.0467245      0.90393558      0.95075527        3.400864         3.400864        3.291721        3.291721
              2        5.314553      0.74987704      0.86595441        3.400864         3.400864        3.827378        3.827378
              1       5.7652486      0.64369867      0.80230834        3.400864         3.400864       4.7287692       4.7287692
              4       5.0501053        0.894229      0.94563682        3.400864         3.400864       3.2984826       3.2984826
              1       5.5782219      0.68187015      0.82575429        3.400864         3.400864       4.3547158       4.3547158
              1       7.3422511      0.42876547      0.65480186        3.400864         3.400864       7.8827743       7.8827743
              2       5.7935479      0.63837775      0.79898545        3.400864         3.400864       4.7853678       4.7853678
              3       6.0488707       1.2400189       1.1135614        3.400864         3.400864       5.2960133       5.2960133
              1       5.2284438      0.77916497      0.88270322        3.400864         3.400864       3.6551596       3.6551596
              4        5.784765       0.6400182      0.80001137        3.400864         3.400864       4.7678021       4.7678021
              3       5.1595306       1.0261994        1.013015        3.400864         3.400864       3.5173332       3.5173332
              4       5.1193949      0.82929697      0.91065744        3.400864         3.400864       3.4370617       3.4370617
              1       6.0302638      0.59731809      0.77286356        3.400864         3.400864       5.2587996       5.2587996
              1       6.5517046      0.52163171      0.72224076        3.400864         3.400864       6.3016813       6.3016813
              5       5.9250796      0.61487358      0.78413875        3.400864         3.400864       5.0484311       5.0484311
              2        5.216083       1.0504344        1.024907        3.400864         3.400864        3.630438        3.630438
              2       5.3927463       1.1071779       1.0522252        3.400864         3.400864       3.9837647       3.9837647
              3       5.6487241       1.1675343        1.080525        3.400864         3.400864       4.4957202       4.4957202
              7       6.5117698        1.307422       1.1434256        3.400864         3.400864       6.2218115       6.2218115
              1       6.0049756       1.2328812       1.1103519        3.400864         3.400864       5.2082233       5.2082233
              2       9.7300975      0.21968413      0.46870474        3.400864         3.400864       12.658467       12.658467
              4       9.6546094      0.22532604       0.4746852        3.400864         3.400864       12.507491       12.507491
              1       6.3436455      0.54995597      0.74159017        3.400864         3.400864       5.8855629       5.8855629
              1       6.3601761      0.54762617      0.74001768        3.400864         3.400864       5.9186242       5.9186242
              3       5.6215583      0.67249469      0.82005774        3.400864         3.400864       4.4413886       4.4413886
              1       5.1554878       1.0242571       1.0120559        3.400864         3.400864       3.5092477       3.5092477
              3       5.1256995      0.82564758      0.90865152        3.400864         3.400864        3.449671        3.449671
              3       5.3102891       1.0831252        1.040733        3.400864         3.400864       3.8188503       3.8188503
              2       5.3845932       1.1049369       1.0511598        3.400864         3.400864       3.9674584       3.9674584
              2        7.369428       1.4084458       1.1867796        3.400864         3.400864        7.937128        7.937128
              2       6.3174631      0.55367665      0.74409452        3.400864         3.400864       5.8331981       5.8331981
              1       6.4221034        1.295305       1.1381147        3.400864         3.400864       6.0424787       6.0424787
              3        5.391354        1.106797       1.0520442        3.400864         3.400864       3.9809801       3.9809801
              3       6.0103175       1.2337585       1.1107468        3.400864         3.400864       5.2189071       5.2189071
              5        5.637982       1.1652967       1.0794891        3.400864         3.400864       4.4742361       4.4742361
              1       5.3858408       1.1052816       1.0513237        3.400864         3.400864       3.9699537       3.9699537
              1       5.3923315      0.72726636      0.85279913        3.400864         3.400864        3.982935        3.982935
              2       5.0513344      0.89159772      0.94424452        3.400864         3.400864       3.3009409       3.3009409
              5       5.0664097      0.96427242      0.98197374        3.400864         3.400864       3.3310914       3.3310914
              1       5.0450985      0.91965393      0.95898588        3.400864         3.400864       3.2884691       3.2884691
              1       5.0746469      0.97261258      0.98621122        3.400864         3.400864       3.3475657       3.3475657
              2       5.0579396      0.88056536      0.93838444        3.400864         3.400864       3.3141512       3.3141512
              1       5.0566671      0.95191348      0.97566053        3.400864         3.400864       3.3116061       3.3116061
              1       5.5950721      0.67818104      0.82351748        3.400864         3.400864       4.3884162       4.3884162
              2       5.4141399      0.72139474       0.8493496        3.400864         3.400864       4.0265518       4.0265518
              1       6.8316823       1.3478844       1.1609842        3.400864         3.400864       6.8616366       6.8616366
              2        8.169598      0.34756616      0.58954742        3.400864         3.400864        9.537468        9.537468
              1       6.9443283       0.4730758      0.68780506        3.400864         3.400864       7.0869287       7.0869287
              1       5.0453804      0.92312039      0.96079154        3.400864         3.400864       3.2890328       3.2890328
              2       5.1394759       1.0161907       1.0080629        3.400864         3.400864       3.4772239       3.4772239
              1       5.2179183       1.0511475       1.0252548        3.400864         3.400864       3.6341087       3.6341087
              3       5.2160838       1.0504347       1.0249072        3.400864         3.400864       3.6304396       3.6304396
              1       5.2705707       1.0701963       1.0345029        3.400864         3.400864       3.7394134       3.7394134
              2       5.2318703        1.056449       1.0278371        3.400864         3.400864       3.6620126       3.6620126
              1       5.2625235       1.0674413       1.0331705        3.400864         3.400864        3.723319        3.723319
              5       5.2510129      0.77092035       0.8780207        3.400864         3.400864       3.7002977       3.7002977
              2       5.4711168      0.70682655      0.84072977        3.400864         3.400864       4.1405055       4.1405055
              6       5.0656528      0.87090008      0.93322028        3.400864         3.400864       3.3295777       3.3295777
              3       5.0981381      0.99141931      0.99570041        3.400864         3.400864       3.3945483       3.3945483
              1       6.1950345      0.57160568      0.75604608        3.400864         3.400864        5.588341        5.588341
              2       6.0024934       1.2324728       1.1101679        3.400864         3.400864       5.2032589       5.2032589
              2       5.5462175       1.1452896        1.070182        3.400864         3.400864        4.290707        4.290707
              1       5.5436204       1.1446978       1.0699055        3.400864         3.400864       4.2855129       4.2855129
              2       6.1113729      0.58441265      0.76446887        3.400864         3.400864       5.4210178       5.4210178
              3       5.0450626      0.91559501      0.95686729        3.400864         3.400864       3.2883973       3.2883973
              1       6.2339839       0.5658025      0.75219844        3.400864         3.400864       5.6662398       5.6662398
              5       5.6258093       1.1627365       1.0783026        3.400864         3.400864       4.4498907       4.4498907
              3        5.203072       1.0452654       1.0223822        3.400864         3.400864       3.6044159       3.6044159
              3       5.3637284      0.73525443      0.85746978        3.400864         3.400864       3.9257288       3.9257288
              1       6.0287404       1.2367654       1.1120995        3.400864         3.400864       5.2557527       5.2557527
              1       5.8789298       1.2114244       1.1006472        3.400864         3.400864       4.9561317       4.9561317
              1       5.9486218       1.2234739       1.1061075        3.400864         3.400864       5.0955156       5.0955156
              2       5.4979763       1.1340327       1.0649097        3.400864         3.400864       4.1942246       4.1942246
              5       5.6700625       1.1719207       1.0825529        3.400864         3.400864       4.5383971       4.5383971
              2       5.0781892      0.85849504      0.92655007        3.400864         3.400864       3.3546504       3.3546504
              2       5.1336616      0.82123696      0.90622125        3.400864         3.400864       3.4655951       3.4655951
              2       5.0592596      0.87873852      0.93741054        3.400864         3.400864       3.3167912       3.3167912
              4          5.0452       0.9130751      0.95554963        3.400864         3.400864        3.288672        3.288672
              2        5.193264       1.0412266       1.0204051        3.400864         3.400864       3.5848001       3.5848001
              4       5.3900787       1.1064476       1.0518781        3.400864         3.400864       3.9784295       3.9784295
              1       5.2305254       1.0559468       1.0275927        3.400864         3.400864       3.6593229       3.6593229
              6       5.1957341       1.0422561       1.0209094        3.400864         3.400864       3.5897403       3.5897403
              2       5.0477507       0.9339459      0.96640876        3.400864         3.400864       3.2937734       3.2937734
              1       5.9735905       1.2276772        1.108006        3.400864         3.400864       5.1454531       5.1454531
              1       5.5361749      0.69133838       0.8314676        3.400864         3.400864       4.2706219       4.2706219
              1       6.1262282      0.58210284      0.76295664        3.400864         3.400864       5.4507285       5.4507285
              1       5.1266424       1.0092166       1.0045977        3.400864         3.400864       3.4515568       3.4515568
              5        5.283844       1.0746351       1.0366461        3.400864         3.400864         3.76596         3.76596
              2        5.109381      0.83542766      0.91401732        3.400864         3.400864        3.417034        3.417034
              1        5.712859       1.1804981       1.0865073        3.400864         3.400864       4.6239901       4.6239901
              4       5.1527191       1.0229063       1.0113883        3.400864         3.400864       3.5037102       3.5037102
              4       5.6902408       0.6583305      0.81137568        3.400864         3.400864       4.5787536       4.5787536
              2       5.6768842       1.1733072       1.0831931        3.400864         3.400864       4.5520404       4.5520404
              1       5.7752395       1.1925224       1.0920267        3.400864         3.400864        4.748751        4.748751
              2       5.3967023       1.1082557       1.0527372        3.400864         3.400864       3.9916765       3.9916765
              5       5.0603233       0.8773272      0.93665746        3.400864         3.400864       3.3189187       3.3189187
              1       5.1561018       1.0245544       1.0122027        3.400864         3.400864       3.5104756       3.5104756
              1        5.076875      0.85966976      0.92718378        3.400864         3.400864        3.352022        3.352022
              2       5.3987834       1.1088203       1.0530054        3.400864         3.400864       3.9958389       3.9958389
              4       5.6062323       1.1585621       1.0763652        3.400864         3.400864       4.4107365       4.4107365
              1       5.4540691       1.1232534       1.0598365        3.400864         3.400864       4.1064103       4.1064103
              1       5.0929201      0.98767654      0.99381917        3.400864         3.400864       3.3841122       3.3841122
              1       5.5079521        1.136408       1.0660244        3.400864         3.400864       4.2141762       4.2141762
              2       5.3863116       1.1054115       1.0513855        3.400864         3.400864       3.9708953       3.9708953
              3        5.385433      0.72916187      0.85390976        3.400864         3.400864       3.9691379       3.9691379
              4       5.0592696      0.95560581      0.97755092        3.400864         3.400864       3.3168111       3.3168111
              1       5.0484167      0.89843729      0.94785932        3.400864         3.400864       3.2951055       3.2951055
              1       6.8620173      0.48280532      0.69484194        3.400864         3.400864       6.9223066       6.9223066
              2       7.3688045      0.42595089      0.65264913        3.400864         3.400864       7.9358811       7.9358811
              1       7.1986845       0.4442732      0.66653822        3.400864         3.400864        7.595641        7.595641
              1       5.6765535       1.1732402       1.0831621        3.400864         3.400864        4.551379        4.551379
              1       5.5438871      0.68957223      0.83040486        3.400864         3.400864       4.2860462       4.2860462
              1       5.0499492      0.89458503      0.94582506        3.400864         3.400864       3.2981705       3.2981705
              2       5.5955272      0.67808221      0.82345747        3.400864         3.400864       4.3893263       4.3893263
              3        5.124435       1.0079631       1.0039736        3.400864         3.400864       3.4471421       3.4471421
              3       5.1323486      0.82195022       0.9066147        3.400864         3.400864       3.4629692       3.4629692
              3       5.4400727       1.1196967       1.0581572        3.400864         3.400864       4.0784174       4.0784174
              1       5.4329036       1.1178505       1.0572845        3.400864         3.400864       4.0640793       4.0640793
              1       5.0543181      0.88612483      0.94134204        3.400864         3.400864       3.3069082       3.3069082
              1       8.3368288       1.5018089       1.2254831        3.400864         3.400864       9.8719295       9.8719295
              2       7.4463144        1.416505       1.1901702        3.400864         3.400864       8.0909008       8.0909008
              1       7.8066458      0.38166974      0.61779425        3.400864         3.400864       8.8115635       8.8115635
              4       6.3961913      0.54260039      0.73661414        3.400864         3.400864       5.9906547       5.9906547
              3       6.2457816       1.2702673       1.1270613        3.400864         3.400864       5.6898351       5.6898351
              1        6.506012       1.3066553       1.1430902        3.400864         3.400864        6.210296        6.210296
              2       5.0480369       0.8995215      0.94843107        3.400864         3.400864       3.2943459       3.2943459
              3       5.1518544       1.0224809        1.011178        3.400864         3.400864       3.5019808       3.5019808
              1       5.0472194      0.93221241      0.96551147        3.400864         3.400864       3.2927107       3.2927107
              1       5.8170299       1.2002923       1.0955785        3.400864         3.400864       4.8323317       4.8323317
              2       5.5083225       1.1364957       1.0660655        3.400864         3.400864        4.214917        4.214917
              3       5.3234084      0.74715094      0.86437894        3.400864         3.400864       3.8450889       3.8450889
              1       5.0771622      0.97491979      0.98738026        3.400864         3.400864       3.3525963       3.3525963
              2       5.0531674       0.9462177      0.97273722        3.400864         3.400864       3.3046068       3.3046068
              2        5.161917      0.80700093       0.8983323        3.400864         3.400864        3.522106        3.522106
              1       5.1342916      0.82089656      0.90603342        3.400864         3.400864       3.4668553       3.4668553
              2       5.0507027      0.89291449      0.94494153        3.400864         3.400864       3.2996774       3.2996774
              1       6.1129319       0.5841695      0.76430982        3.400864         3.400864       5.4241357       5.4241357
              3        5.771273       0.6425573      0.80159672        3.400864         3.400864       4.7408181       4.7408181
              3       5.1605617      0.80764149      0.89868876        3.400864         3.400864       3.5193955       3.5193955
              2       5.2278408       1.0549388       1.0271022        3.400864         3.400864       3.6539536       3.6539536
              1       5.1705557      0.80300224      0.89610392        3.400864         3.400864       3.5393835       3.5393835
              2       5.8195305      0.63358032      0.79597759        3.400864         3.400864        4.837333        4.837333
              1       5.1253119       1.0084631       1.0042226        3.400864         3.400864       3.4488958       3.4488958
              1       5.5015794      0.69943721      0.83632362        3.400864         3.400864       4.2014308       4.2014308
              2       5.3620761      0.73572662      0.85774508        3.400864         3.400864       3.9224242       3.9224242
              1       5.3154775       1.0847405       1.0415088        3.400864         3.400864       3.8292271       3.8292271
              1       5.0461391      0.92785405      0.96325181        3.400864         3.400864       3.2905503       3.2905503
              2       5.2213746      0.78185066       0.8842232        3.400864         3.400864       3.6410212       3.6410212
              5       5.0537848      0.88702994      0.94182267        3.400864         3.400864       3.3058417       3.3058417
              1       6.7247631      0.49953316       0.7067766        3.400864         3.400864       6.6477982       6.6477982
              3       6.6755491      0.50569671      0.71112356        3.400864         3.400864       6.5493703       6.5493703
              1       6.1977652       1.2631352       1.1238929        3.400864         3.400864       5.5938023       5.5938023
              1       7.5424109       1.4263986       1.1943193        3.400864         3.400864       8.2830939       8.2830939
              1       7.5101546       1.4230992       1.1929372        3.400864         3.400864       8.2185813       8.2185813
              4        5.609089       0.6751551      0.82167822        3.400864         3.400864       4.4164499       4.4164499
              1       6.2368446      0.56538004      0.75191758        3.400864         3.400864       5.6719613       5.6719613
              2        5.591954      0.67885941      0.82392925        3.400864         3.400864         4.38218         4.38218
              2       5.0818694      0.97900677      0.98944771        3.400864         3.400864       3.3620109       3.3620109
              3       5.4177559       1.1138927       1.0554112        3.400864         3.400864       4.0337839       4.0337839
              2       5.7451227      0.64754669      0.80470286        3.400864         3.400864       4.6885174       4.6885174
              2       5.5917216      0.67891003      0.82395997        3.400864         3.400864       4.3817153       4.3817153
              3       5.0882509      0.85018044       0.9220523        3.400864         3.400864       3.3747739       3.3747739
              4       5.1936588       1.0413917        1.020486        3.400864         3.400864       3.5855896       3.5855896
              7         5.18113       1.0360403       1.0178606        3.400864         3.400864       3.5605321       3.5605321
              3       5.0499241      0.89464291      0.94585565        3.400864         3.400864       3.2981202       3.2981202
              4       5.0609046      0.87657681      0.93625681        3.400864         3.400864       3.3200811       3.3200811
              2       5.0654659      0.87111036      0.93333293        3.400864         3.400864       3.3292038       3.3292038
              1       5.0451045      0.91455468      0.95632352        3.400864         3.400864       3.2884811       3.2884811
              7       5.0453485      0.92283559      0.96064332        3.400864         3.400864       3.2889691       3.2889691
              2       5.0541374      0.94790239      0.97360279        3.400864         3.400864       3.3065469       3.3065469
              5       5.0460371      0.92734649      0.96298831        3.400864         3.400864       3.2903463       3.2903463
              1        5.274382      0.76284695       0.8734111        3.400864         3.400864        3.747036        3.747036
              2       5.8754391       1.2108078       1.1003671        3.400864         3.400864       4.9491501       4.9491501
              1       5.0594503      0.95584912      0.97767537        3.400864         3.400864       3.3171726       3.3171726
              3       5.1041598      0.99551661      0.99775579        3.400864         3.400864       3.4065916       3.4065916
              1       5.3792527       1.1034544       1.0504544        3.400864         3.400864       3.9567774       3.9567774
              1       5.1865753      0.79593567      0.89215227        3.400864         3.400864       3.5714227       3.5714227
              2       5.7175162       1.1814147        1.086929        3.400864         3.400864       4.6333044       4.6333044
              1       5.9194666       1.2184917       1.1038531        3.400864         3.400864       5.0372053       5.0372053
              3       5.1129093       1.0011143        1.000557        3.400864         3.400864       3.4240905       3.4240905
              2       5.3815859      0.73022727      0.85453336        3.400864         3.400864       3.9614439       3.9614439
              1       5.1678174      0.80425442      0.89680233        3.400864         3.400864       3.5339068       3.5339068
              3       5.6698624      0.66245089      0.81391086        3.400864         3.400864       4.5379968       4.5379968
              3       5.1657738      0.80519807      0.89732829        3.400864         3.400864       3.5298195       3.5298195
              4       5.6854004       1.1750276       1.0839869        3.400864         3.400864       4.5690728       4.5690728
              2       6.0650356       0.5917228       0.7692352        3.400864         3.400864       5.3283432       5.3283432
              2         5.60151      0.67678651      0.82267035        3.400864         3.400864        4.401292        4.401292
              3       5.9636026      0.60832815      0.77995394        3.400864         3.400864       5.1254773       5.1254773
              3       5.4437302       1.1206321       1.0585991        3.400864         3.400864       4.0857323       4.0857323
              2       5.6681491       1.1715305       1.0823726        3.400864         3.400864       4.5345702       4.5345702
              4       5.2989957       1.0795538       1.0390158        3.400864         3.400864       3.7962635       3.7962635
              1       5.8389434       1.2042826       1.0973981        3.400864         3.400864       4.8761588       4.8761588
              1       5.0538983      0.94749572      0.97339392        3.400864         3.400864       3.3060686       3.3060686
              2       5.0454494       0.9236942      0.96109011        3.400864         3.400864       3.2891708       3.2891708
              3       5.3231756       1.0871088       1.0426451        3.400864         3.400864       3.8446233       3.8446233
              1       5.1886232      0.79506178      0.89166237        3.400864         3.400864       3.5755185       3.5755185
              1       5.1289186      0.82383922      0.90765589        3.400864         3.400864       3.4561093       3.4561093
              3       5.6756898      0.66126585      0.81318254        3.400864         3.400864       4.5496516       4.5496516
              4       5.3174643       1.0853549       1.0418037        3.400864         3.400864       3.8332007       3.8332007
              1       5.0867124      0.98294708      0.99143687        3.400864         3.400864       3.3716967       3.3716967
              1       5.9057928       1.2161264       1.1027812        3.400864         3.400864       5.0098576       5.0098576
              1       5.1733149       1.0325766       1.0161577        3.400864         3.400864       3.5449018       3.5449018
              2       5.0752428      0.97316781      0.98649268        3.400864         3.400864       3.3487576       3.3487576
              4        6.643624        1.324586       1.1509066        3.400864         3.400864       6.4855201       6.4855201
              3       6.7753001      0.49329718      0.70235118        3.400864         3.400864       6.7488722       6.7488722
              1       6.5161975       1.3080106       1.1436829        3.400864         3.400864        6.230667        6.230667
              3       5.2681116      0.76497117       0.8746263        3.400864         3.400864       3.7344951       3.7344951
              1       6.0476896      0.59450188      0.77103948        3.400864         3.400864       5.2936513       5.2936513
              6       5.5583867       1.1480425       1.0714675        3.400864         3.400864       4.3150453       4.3150453
              4       5.2298319       0.7786437       0.8824079        3.400864         3.400864       3.6579359       3.6579359
              2       5.3286592      0.74555499      0.86345526        3.400864         3.400864       3.8555903       3.8555903
              1       5.0776989      0.97540027      0.98762355        3.400864         3.400864       3.3536698       3.3536698
              5       5.0454235      0.91084577       0.9543824        3.400864         3.400864        3.289119        3.289119
              2       5.2022715       1.0449405       1.0222233        3.400864         3.400864        3.602815        3.602815
              5       5.2556458       1.0650461       1.0320107        3.400864         3.400864       3.7095637       3.7095637
              3       5.1224316       1.0068102       1.0033993        3.400864         3.400864       3.4431352       3.4431352
              2       5.0452906      0.92227749      0.96035279        3.400864         3.400864       3.2888531       3.2888531
              1       5.2144073      0.78455086      0.88574876        3.400864         3.400864       3.6270865       3.6270865
              1       6.1437029       1.2549248       1.1202343        3.400864         3.400864       5.4856778       5.4856778
              2       5.8457063      0.62882793      0.79298672        3.400864         3.400864       4.8896845       4.8896845
              1       5.0666235      0.86982336      0.93264321        3.400864         3.400864        3.331519        3.331519
              3       6.9447209       1.3613009        1.166748        3.400864         3.400864       7.0877138       7.0877138
              1       6.7984634       1.3438614       1.1592504        3.400864         3.400864       6.7951987       6.7951987
              2       6.7314341       1.3356262       1.1556929        3.400864         3.400864       6.6611403       6.6611403
              1       8.0195633        1.472921       1.2136396        3.400864         3.400864       9.2373986       9.2373986
              3       6.7964524       1.3436167       1.1591448        3.400864         3.400864       6.7911767       6.7911767
              2       6.0976522       1.2477705       1.1170365        3.400864         3.400864       5.3935765       5.3935765
              4       5.0877512      0.98376191      0.99184772        3.400864         3.400864       3.3737743       3.3737743
              1       5.5238381       1.1401382       1.0677725        3.400864         3.400864       4.2459483       4.2459483
              1       5.3904103       1.1065385       1.0519213        3.400864         3.400864       3.9790927       3.9790927
              1       5.5463515       1.1453201       1.0701963        3.400864         3.400864       4.2909751       4.2909751
              1       6.0668036         1.24289       1.1148497        3.400864         3.400864       5.3318791       5.3318791
              1       6.0096713      0.60067835      0.77503442        3.400864         3.400864       5.2176146       5.2176146
              3       5.0460474      0.90693208      0.95232981        3.400864         3.400864       3.2903668       3.2903668
              2       5.5974596      0.67766294      0.82320286        3.400864         3.400864       4.3931911       4.3931911
              1        6.177288       1.2600485       1.1225188        3.400864         3.400864        5.552848        5.552848
              1       5.0600593      0.95665799      0.97808895        3.400864         3.400864       3.3183906       3.3183906
              2       6.6142547      0.51350479      0.71659249        3.400864         3.400864       6.4267815       6.4267815
              2       5.4696381      0.70719184      0.84094699        3.400864         3.400864       4.1375483       4.1375483
              1       5.2485144       1.0625208       1.0307865        3.400864         3.400864       3.6953009       3.6953009
              5       5.2788224       1.0729706        1.035843        3.400864         3.400864       3.7559168       3.7559168
              2       5.0530457      0.94599946      0.97262504        3.400864         3.400864       3.3043635       3.3043635
              3       5.0556461      0.95035303      0.97486052        3.400864         3.400864       3.3095642       3.3095642
              1       6.2470486       1.2704535        1.127144        3.400864         3.400864       5.6923693       5.6923693
              3       5.1078004      0.99789297      0.99894593        3.400864         3.400864       3.4138728       3.4138728
              2       6.9043198       1.3565528       1.1647114        3.400864         3.400864       7.0069115       7.0069115
              1       6.9508976      0.47230845      0.68724701        3.400864         3.400864       7.1000673       7.1000673
              2       6.9576297      0.47152345      0.68667565        3.400864         3.400864       7.1135315       7.1135315
              1       5.4030155      0.72436748      0.85109781        3.400864         3.400864       4.0043031       4.0043031
              2       5.0531254      0.88818834      0.94243744        3.400864         3.400864       3.3045227       3.3045227
              4       5.9853827      0.60468819      0.77761699        3.400864         3.400864       5.1690374       5.1690374
              2       5.5975747       1.1566928       1.0754966        3.400864         3.400864       4.3934214       4.3934214
              4       5.9123535       1.2172636       1.1032967        3.400864         3.400864       5.0229789       5.0229789
              1       5.8493318        1.206155       1.0982509        3.400864         3.400864       4.8969356       4.8969356
              1        5.628015       1.1632024       1.0785186        3.400864         3.400864       4.4543019       4.4543019
              1       5.3273611       1.0883827       1.0432558        3.400864         3.400864       3.8529943       3.8529943
              1       5.1292868      0.82363461      0.90754317        3.400864         3.400864       3.4568457       3.4568457
              2       5.1079817      0.83632133      0.91450606        3.400864         3.400864       3.4142355       3.4142355
              1        5.313092       1.0839998       1.0411531        3.400864         3.400864        3.824456        3.824456
              6        5.756846       1.1890322       1.0904275        3.400864         3.400864       4.7119639       4.7119639
              4       6.3133083       1.2800603       1.1313975        3.400864         3.400864       5.8248886       5.8248886
              7       5.1218562      0.82785451       0.9098651        3.400864         3.400864       3.4419844       3.4419844
              2       5.0559606      0.88348944      0.93994119        3.400864         3.400864       3.3101932       3.3101932
              1        6.211179      0.56918852      0.75444583        3.400864         3.400864       5.6206301       5.6206301
              1       5.5466076       1.1453784       1.0702235        3.400864         3.400864       4.2914873       4.2914873
              5       6.2037076       1.2640258        1.124289        3.400864         3.400864       5.6056872       5.6056872
              2       5.0451925      0.92115949      0.95977054        3.400864         3.400864       3.2886571       3.2886571
              2       5.0818766      0.85531804      0.92483406        3.400864         3.400864       3.3620252       3.3620252
              1       5.4789539      0.70490091      0.83958377        3.400864         3.400864       4.1561798       4.1561798
              4       5.3455003       1.0937974       1.0458477        3.400864         3.400864       3.8892725       3.8892725
              1       5.4103875       1.1119384       1.0544849        3.400864         3.400864        4.019047        4.019047
              1       5.9916872      0.60364244       0.7769443        3.400864         3.400864       5.1816464       5.1816464
              2       6.0045724       1.2328149        1.110322        3.400864         3.400864       5.2074168       5.2074168
              1       6.4916576       1.3047371       1.1422509        3.400864         3.400864       6.1815873       6.1815873
              1       5.2825363       1.0742033       1.0364378        3.400864         3.400864       3.7633446       3.7633446
              2       5.4415372      0.71425904      0.84513847        3.400864         3.400864       4.0813464       4.0813464
              8       5.0614326      0.87590684      0.93589895        3.400864         3.400864       3.3211373       3.3211373
              3       5.7618103       1.1899786       1.0908614        3.400864         3.400864       4.7218927       4.7218927
              2       5.9469437      0.61114149      0.78175539        3.400864         3.400864       5.0921594       5.0921594
              2       5.8726674       1.2103173       1.1001442        3.400864         3.400864       4.9436068       4.9436068
              7       5.3882142      0.72839537      0.85346082        3.400864         3.400864       3.9747005       3.9747005
              1       6.6592743       1.3265754       1.1517706        3.400864         3.400864       6.5168206       6.5168206
              1       5.0524351      0.88945263      0.94310796        3.400864         3.400864       3.3031423       3.3031423
              1       5.3269913       0.7460603      0.86374782        3.400864         3.400864       3.8522547       3.8522547
              5         5.13344      0.82135695      0.90628746        3.400864         3.400864        3.465152        3.465152
              1       5.5418127       1.1442849       1.0697125        3.400864         3.400864       4.2818973       4.2818973
              3       6.9333784       0.4743578      0.68873638        3.400864         3.400864       7.0650288       7.0650288
              4       5.0462295      0.90604647      0.95186473        3.400864         3.400864       3.2907311       3.2907311
              1       5.2497288      0.77137692      0.87828066        3.400864         3.400864       3.6977296       3.6977296
              3       5.2726909      0.76341694      0.87373734        3.400864         3.400864       3.7436539       3.7436539
              4       7.9951688      0.36369347      0.60307004        3.400864         3.400864       9.1886096       9.1886096
              1       6.6857219      0.50441513      0.71022189        3.400864         3.400864       6.5697158       6.5697158
              1       5.4654564       1.1261024       1.0611797        3.400864         3.400864       4.1291847       4.1291847
              3       6.8082329       1.3450485       1.1597623        3.400864         3.400864       6.8147379       6.8147379
              1       5.1018766      0.84034208      0.91670174        3.400864         3.400864       3.4020251       3.4020251
              1       5.0595433      0.87835709      0.93720707        3.400864         3.400864       3.3173586       3.3173586
              2       5.4816093       1.1300784       1.0630515        3.400864         3.400864       4.1614906       4.1614906
              2       5.0450393       0.9173591      0.95778865        3.400864         3.400864       3.2883505       3.2883505
              1       6.0478001      0.59448411      0.77102795        3.400864         3.400864       5.2938723       5.2938723
              2       6.1512915      0.57824151      0.76042193        3.400864         3.400864       5.5008551       5.5008551
              1       5.2638217       1.0678892       1.0333872        3.400864         3.400864       3.7259155       3.7259155
              1       5.1981594       1.0432586       1.0214003        3.400864         3.400864       3.5945909       3.5945909
              2       5.5117062       1.1372952       1.0664404        3.400864         3.400864       4.2216845       4.2216845
              2       6.4585093       1.3002709       1.1402942        3.400864         3.400864       6.1152905       6.1152905
              5       5.1263212       1.0090353       1.0045075        3.400864         3.400864       3.4509144       3.4509144
              3       7.6936787      0.39273667      0.62668706        3.400864         3.400864       8.5856294       8.5856294
              3       5.2257839       1.0541615       1.0267237        3.400864         3.400864       3.6498397       3.6498397
              2        5.910764      0.61734235      0.78571137        3.400864         3.400864       5.0197999       5.0197999
              6       5.0468255      0.90354502      0.95054985        3.400864         3.400864        3.291923        3.291923
              1       5.2574062      0.76866801      0.87673714        3.400864         3.400864       3.7130844       3.7130844
              4       5.5345353      0.69171565      0.83169444        3.400864         3.400864       4.2673426       4.2673426
              1       5.2708347      0.76404503       0.8740967        3.400864         3.400864       3.7399415       3.7399415
              2       5.0450601      0.91568109      0.95691227        3.400864         3.400864       3.2883922       3.2883922
              1       5.1963645       0.7918134      0.88983897        3.400864         3.400864       3.5910011       3.5910011
              1       5.4855079        1.131027       1.0634975        3.400864         3.400864       4.1692878       4.1692878
              2       5.5112848       1.1371957       1.0663938        3.400864         3.400864       4.2208415       4.2208415
              1        5.150296      0.81262102      0.90145494        3.400864         3.400864        3.498864        3.498864
              1       5.5928007       1.1556558       1.0750143        3.400864         3.400864       4.3838735       4.3838735
              1       5.2738004       1.0712881       1.0350305        3.400864         3.400864       3.7458728       3.7458728
              2       5.1929368      0.79324124      0.89064092        3.400864         3.400864       3.5841456       3.5841456
              2        5.084015      0.98078256      0.99034467        3.400864         3.400864        3.366302        3.366302
              2       5.2132232       1.0493156       1.0243611        3.400864         3.400864       3.6247184       3.6247184
              2       5.3566481       1.0970443       1.0473988        3.400864         3.400864       3.9115683       3.9115683
              2       5.0450721      0.91902325        0.958657        3.400864         3.400864       3.2884163       3.2884163
              1       5.0471931      0.93212165      0.96546447        3.400864         3.400864       3.2926583       3.2926583
              1       5.0978322      0.84312572      0.91821877        3.400864         3.400864       3.3939365       3.3939365
              4       6.2982501      0.55643134      0.74594325        3.400864         3.400864       5.7947722       5.7947722
              4       5.2570503       0.7687925      0.87680813        3.400864         3.400864       3.7123726       3.7123726
              1       5.0501781      0.94026599      0.96967314        3.400864         3.400864       3.2986282       3.2986282
              1       5.5610753       1.1486463       1.0717492        3.400864         3.400864       4.3204226       4.3204226
              1       5.0677005      0.96567424      0.98268725        3.400864         3.400864       3.3336731       3.3336731
              1       5.7571203      0.64524621      0.80327219        3.400864         3.400864       4.7125127       4.7125127
              1       5.9198017      0.61578141      0.78471741        3.400864         3.400864       5.0378755       5.0378755
              1       6.5477676      0.52214883      0.72259866        3.400864         3.400864       6.2938072       6.2938072
              1       5.4424048      0.71403715      0.84500719        3.400864         3.400864       4.0830817       4.0830817
              1       5.1313823       1.0118523       1.0059087        3.400864         3.400864       3.4610366       3.4610366
              6       5.9759227       1.2280669       1.1081818        3.400864         3.400864       5.1501173       5.1501173
              2       6.5597337      0.52057921      0.72151175        3.400864         3.400864       6.3177393       6.3177393
              2       6.3489914      0.54920091       0.7410809        3.400864         3.400864       5.8962548       5.8962548
              2       5.6215539      0.67249563      0.82005831        3.400864         3.400864       4.4413798       4.4413798
              1       6.1350881        1.253598       1.1196419        3.400864         3.400864       5.4684481       5.4684481
              5       5.0578048      0.88075705      0.93848657        3.400864         3.400864       3.3138816       3.3138816
              1       5.1587561      0.80850081      0.89916673        3.400864         3.400864       3.5157842       3.5157842
              1       5.6613353       1.1701359       1.0817282        3.400864         3.400864       4.5209425       4.5209425
              5       6.8096782       1.3452238       1.1598378        3.400864         3.400864       6.8176285       6.8176285
              4       7.1451455       1.3841427       1.1764959        3.400864         3.400864       7.4885631       7.4885631
              2       5.1741539      0.80137744      0.89519687        3.400864         3.400864       3.5465799       3.5465799
              3        5.388031      0.72844576      0.85349034        3.400864         3.400864       3.9743341       3.9743341
              4       5.4604554       1.1248561       1.0605923        3.400864         3.400864       4.1191829       4.1191829
              2       5.1485742       1.0208512       1.0103718        3.400864         3.400864       3.4954203       3.4954203
              1       5.2191911       1.0516398       1.0254949        3.400864         3.400864       3.6366542       3.6366542
              1       5.1070241      0.83693866      0.91484351        3.400864         3.400864       3.4123203       3.4123203
              1       5.2402823      0.77478074       0.8802163        3.400864         3.400864       3.6788367       3.6788367
              1        5.908113       1.2165291       1.1029638        3.400864         3.400864        5.014498        5.014498
              4        5.758104       1.1892724       1.0905376        3.400864         3.400864         4.71448         4.71448
              3       5.0704561      0.96853887      0.98414372        3.400864         3.400864       3.3391842       3.3391842
              1       5.2955152      0.75589365      0.86942145        3.400864         3.400864       3.7893023       3.7893023
              3       5.4051104       1.1105267       1.0538153        3.400864         3.400864       4.0084929       4.0084929
              3       6.3927393       1.2912516       1.1363325        3.400864         3.400864       5.9837506       5.9837506
              4        5.149781       0.8128771      0.90159697        3.400864         3.400864        3.497834        3.497834
              1       5.8411035       1.2046729       1.0975759        3.400864         3.400864       4.8804791       4.8804791
              1       5.4934786       1.1329533       1.0644028        3.400864         3.400864       4.1852292       4.1852292
             11       5.0607165      0.87681801      0.93638561        3.400864         3.400864       3.3197051       3.3197051
              3       5.1260886      0.82542709      0.90853018        3.400864         3.400864       3.4504492       3.4504492
              1         6.96297      0.47090174       0.6862228        3.400864         3.400864        7.124212        7.124212
              5       5.5978206      0.67758469      0.82315532        3.400864         3.400864       4.3939132       4.3939132
              6       5.2594255      0.76796369      0.87633538        3.400864         3.400864        3.717123        3.717123
              3       6.6272221       1.3224904       1.1499958        3.400864         3.400864       6.4527162       6.4527162
              2       6.2553398       1.2716699       1.1276834        3.400864         3.400864       5.7089517       5.7089517
              6       5.1114643       1.0002159       1.0001079        3.400864         3.400864       3.4212005       3.4212005
              1       5.1188741      0.82960523      0.91082667        3.400864         3.400864       3.4360201       3.4360201
              3       5.2991701      0.75472129      0.86874696        3.400864         3.400864       3.7966122       3.7966122
              1       5.0593572      0.87860689      0.93734033        3.400864         3.400864       3.3169863       3.3169863
              4       5.7302101      0.65043373      0.80649472        3.400864         3.400864       4.6586923       4.6586923
              1       5.0450426      0.91778732      0.95801217        3.400864         3.400864       3.2883572       3.2883572
              5       5.2243238        1.053607       1.0264536        3.400864         3.400864       3.6469196       3.6469196
              1        6.131538       0.5812811      0.76241793        3.400864         3.400864        5.461348        5.461348
              1       5.0471141      0.90248605      0.94999266        3.400864         3.400864       3.2925002       3.2925002
              1       5.0504976      0.94097318      0.97003772        3.400864         3.400864       3.2992671       3.2992671
              3       5.4856878       1.1310707       1.0635181        3.400864         3.400864       4.1696477       4.1696477
              6       5.1114376      0.83413161      0.91330806        3.400864         3.400864       3.4211473       3.4211473
              7       5.1383029      0.81875703      0.90485194        3.400864         3.400864       3.4748778       3.4748778
              2       5.4890021      0.70245727      0.83812724        3.400864         3.400864       4.1762762       4.1762762
              1       5.8017864       1.1974831       1.0942957        3.400864         3.400864       4.8018449       4.8018449
              1       5.1697225        1.030949       1.0153566        3.400864         3.400864        3.537717        3.537717
              2         5.13223       1.0123159       1.0061391        3.400864         3.400864        3.462732        3.462732
              1       5.0913244      0.98649167      0.99322287        3.400864         3.400864       3.3809209       3.3809209
              1        5.553557       1.1469539       1.0709593        3.400864         3.400864       4.3053859       4.3053859
              2       5.2720589       1.0707003       1.0347465        3.400864         3.400864       3.7423897       3.7423897
              3       6.0333859      0.59681169      0.77253589        3.400864         3.400864       5.2650439       5.2650439
              1       5.1511737      0.81218606      0.90121366        3.400864         3.400864       3.5006194       3.5006194
              1       5.0482836      0.93552078      0.96722323        3.400864         3.400864       3.2948392       3.2948392
              1       5.4134132       1.1127433       1.0548665        3.400864         3.400864       4.0250984       4.0250984
              1       5.1424565      0.81658955      0.90365344        3.400864         3.400864        3.483185        3.483185
              2       5.2083696       1.0473948       1.0234231        3.400864         3.400864       3.6150112       3.6150112
              1       5.0463461       0.9288162      0.96375111        3.400864         3.400864       3.2909643       3.2909643
              1       5.8329595      0.63113232      0.79443837        3.400864         3.400864       4.8641911       4.8641911
              1       5.1376783       0.8190871      0.90503431        3.400864         3.400864       3.4736287       3.4736287
              1       5.4642036       1.1257909        1.061033        3.400864         3.400864       4.1266793       4.1266793
              3       5.3490589       1.0948403       1.0463462        3.400864         3.400864       3.8963897       3.8963897
              2       5.5760182       1.1519739       1.0733005        3.400864         3.400864       4.3503084       4.3503084
              2       6.5084662      0.52734856      0.72618769        3.400864         3.400864       6.2152044       6.2152044
              2       5.1011105      0.99346925      0.99672928        3.400864         3.400864       3.4004929       3.4004929
              3       5.0920091      0.98700252      0.99348001        3.400864         3.400864       3.3822902       3.3822902
              1       5.3596608       1.0979118       1.0478128        3.400864         3.400864       3.9175936       3.9175936
              4       5.3803203       1.1037517       1.0505959        3.400864         3.400864       3.9589126       3.9589126
              2       5.2483424       1.0624593       1.0307567        3.400864         3.400864       3.6949567       3.6949567
              1       5.4446821      0.71345593      0.84466321        3.400864         3.400864       4.0876362       4.0876362
              1         5.53433       1.1425679       1.0689097        3.400864         3.400864        4.266932        4.266932
              1       5.0453665       0.9113331      0.95463768        3.400864         3.400864        3.289005        3.289005
              3       5.0821094       0.9792079      0.98954934        3.400864         3.400864       3.3624908       3.3624908
              8       5.2727451       1.0709322       1.0348585        3.400864         3.400864       3.7437622       3.7437622
              1       5.0975749      0.99102443       0.9955021        3.400864         3.400864       3.3934218       3.3934218
              1       5.1089884      0.99865339      0.99932647        3.400864         3.400864       3.4162487       3.4162487
              8        5.073578      0.97160259      0.98569904        3.400864         3.400864       3.3454281       3.3454281
              1       5.2821863       1.0740876        1.036382        3.400864         3.400864       3.7626446       3.7626446
              3       5.0451909      0.91319192      0.95561076        3.400864         3.400864       3.2886539       3.2886539
              2       5.7333094      0.64983115      0.80612105        3.400864         3.400864       4.6648909       4.6648909
              1       5.8484122       1.2059897       1.0981756        3.400864         3.400864       4.8950964       4.8950964
              1       5.2346424       1.0574785       1.0283377        3.400864         3.400864       3.6675567       3.6675567
              2       5.0938456      0.98835474      0.99416032        3.400864         3.400864       3.3859633       3.3859633
              6       5.2086405       1.0475027       1.0234758        3.400864         3.400864        3.615553        3.615553
              4       5.0452483      0.91250278      0.95525011        3.400864         3.400864       3.2887685       3.2887685
              1       5.1378708       1.0153455       1.0076436        3.400864         3.400864       3.4740135       3.4740135
              2       5.0451446      0.91385213      0.95595613        3.400864         3.400864       3.2885612       3.2885612
              3       5.1135917       1.0015354       1.0007674        3.400864         3.400864       3.4254555       3.4254555
              1       6.9683768      0.47027315      0.68576464        3.400864         3.400864       7.1350257       7.1350257
              1       5.0752852      0.86112373      0.92796753        3.400864         3.400864       3.3488424       3.3488424
              2       5.0478948      0.89994497      0.94865429        3.400864         3.400864       3.2940615       3.2940615
              4       5.0600373      0.95662913       0.9780742        3.400864         3.400864       3.3183467       3.3183467
              1       5.0495246      0.89558335      0.94635266        3.400864         3.400864       3.2973213       3.2973213
              4       5.1985717       1.0434283       1.0214834        3.400864         3.400864       3.5954153       3.5954153
              3       6.3729761      0.54583219      0.73880457        3.400864         3.400864       5.9442242       5.9442242
              2       5.0912105      0.98640632       0.9931799        3.400864         3.400864       3.3806931       3.3806931
              1       5.4839281      0.70368773      0.83886097        3.400864         3.400864       4.1661282       4.1661282
              5       5.9942332      0.60322111       0.7766731        3.400864         3.400864       5.1867385       5.1867385
              2       5.4939332      0.70126818      0.83741757        3.400864         3.400864       4.1861383       4.1861383
              1       5.2567683       1.0654396       1.0322014        3.400864         3.400864       3.7118087       3.7118087
              1       5.1495967        1.021362       1.0106245        3.400864         3.400864       3.4974654       3.4974654
              2       5.1562979       0.8096817      0.89982315        3.400864         3.400864       3.5108679       3.5108679
              3         5.09006      0.84879263      0.92129942        3.400864         3.400864       3.3783921       3.3783921
              2       5.7934659       1.1959378       1.0935894        3.400864         3.400864       4.7852038       4.7852038
              3       5.1544431      0.81058139      0.90032294        3.400864         3.400864       3.5071583       3.5071583
              1       5.9796565      0.60564104      0.77822943        3.400864         3.400864       5.1575851       5.1575851
              2       5.2046867       1.0459182       1.0227014        3.400864         3.400864       3.6076453       3.6076453
              1       5.0937767      0.98830443      0.99413502        3.400864         3.400864       3.3858253       3.3858253
              3       5.0484125      0.89844891      0.94786545        3.400864         3.400864       3.2950971       3.2950971
              1       5.0608328      0.87666874       0.9363059        3.400864         3.400864       3.3199375       3.3199375
              1       6.7157888       0.5006503      0.70756646        3.400864         3.400864       6.6298497       6.6298497
              2       5.3364238       1.0911091       1.0445617        3.400864         3.400864       3.8711196       3.8711196
              3       5.1005852      0.84121981      0.91718036        3.400864         3.400864       3.3994424       3.3994424
              3       5.2622117       1.0673335       1.0331184        3.400864         3.400864       3.7226954       3.7226954
              1       6.2880056      0.55790878      0.74693292        3.400864         3.400864       5.7742833       5.7742833
              3       5.4707498      0.70691715      0.84078365        3.400864         3.400864       4.1397716       4.1397716
              1       5.4578184      0.71013503       0.8426951        3.400864         3.400864       4.1139087       4.1139087
              2       5.2402819         1.05955       1.0293444        3.400864         3.400864       3.6788359       3.6788359
              2       5.1735139      0.80166477      0.89535734        3.400864         3.400864       3.5452999       3.5452999
              5       5.4371264      0.71539079      0.84580777        3.400864         3.400864       4.0725248       4.0725248
              1       5.0585935      0.95468165      0.97707812        3.400864         3.400864       3.3154591       3.3154591
