#        weight    minuslogpost              A2               A   minuslogprior minuslogprior__0            chi2   chi2__loglike
              2       5.5428478       1.4981372       1.2239842        3.400864         3.400864       4.2839677       4.2839677
              4       5.6543563       1.5291434       1.2365854        3.400864         3.400864       4.5069847       4.5069847
              1       5.2484207       1.4065448       1.1859784        3.400864         3.400864       3.6951135       3.6951135
              2       5.1052552       1.3548277       1.1639707        3.400864         3.400864       3.4087824       3.4087824
              1       7.2656419        1.868403       1.3668954        3.400864         3.400864       7.7295557       7.7295557
              1       5.6247664       1.5210758        1.233319        3.400864         3.400864       4.4478049       4.4478049
              1       4.8052998       1.2171302       1.1032362        3.400864         3.400864       2.8088717       2.8088717
              1       4.5622129       0.9653186      0.98250628        3.400864         3.400864       2.3226978       2.3226978
              2       4.6525649      0.76343558      0.87374801        3.400864         3.400864       2.5034018       2.5034018
              1       5.1223887       1.3613485       1.1667684        3.400864         3.400864       3.4430493       3.4430493
              1       4.5623453      0.90642471       0.9520634        3.400864         3.400864       2.3229626       2.3229626
              1       4.5597762      0.92826171      0.96346339        3.400864         3.400864       2.3178243       2.3178243
              7       4.5687507       0.8819618      0.93912821        3.400864         3.400864       2.3357733       2.3357733
              3       5.4969315      0.38760479      0.62257915        3.400864         3.400864       4.1921349       4.1921349
              1       4.8364927      0.63803861      0.79877319        3.400864         3.400864       2.8712573       2.8712573
              2       4.5856889      0.84466662      0.91905746        3.400864         3.400864       2.3696497       2.3696497
              1        5.572741      0.36585062      0.60485587        3.400864         3.400864       4.3437541       4.3437541
              2       4.6777649      0.74142308      0.86105928        3.400864         3.400864       2.5538018       2.5538018
              1       4.6736016      0.74488505      0.86306724        3.400864         3.400864       2.5454752       2.5454752
              2       4.5737661      0.86873575      0.93205995        3.400864         3.400864       2.3458042       2.3458042
              2        5.127128      0.50933067      0.71367406        3.400864         3.400864        3.452528        3.452528
              1       5.5518233      0.37176938      0.60972894        3.400864         3.400864       4.3019186       4.3019186
              1        5.979414      0.26101268        0.510894        3.400864         3.400864          5.1571          5.1571
              1       5.0375419      0.54446946      0.73788174        3.400864         3.400864       3.2733558       3.2733558
              1       4.7229999       1.1653094        1.079495        3.400864         3.400864       2.6442717       2.6442717
              1       5.3960635      0.41796348      0.64650095        3.400864         3.400864       3.9903991       3.9903991
              3       4.6082248        1.061216       1.0301534        3.400864         3.400864       2.4147216       2.4147216
              2       4.5760836       1.0090338       1.0045067        3.400864         3.400864       2.3504392       2.3504392
              2       6.6232345       1.7502711       1.3229781        3.400864         3.400864       6.4447411       6.4447411
              1       5.6731773       1.5342182       1.2386356        3.400864         3.400864       4.5446267       4.5446267
              2        5.494158       1.4840483       1.2182152        3.400864         3.400864       4.1865881       4.1865881
              5       4.5622518      0.96553288      0.98261532        3.400864         3.400864       2.3227757       2.3227757
              2       5.9935849       1.6148139       1.2707533        3.400864         3.400864       5.1854418       5.1854418
              1       6.7148553       1.7681455       1.3297163        3.400864         3.400864       6.6279825       6.6279825
              2       4.8476583       1.2403792       1.1137231        3.400864         3.400864       2.8935886       2.8935886
              2       4.7982277       1.2130584       1.1013893        3.400864         3.400864       2.7947275       2.7947275
              1       4.5605067      0.91896673      0.95862752        3.400864         3.400864       2.3192854       2.3192854
              1       4.5669369      0.98484267       0.9923924        3.400864         3.400864       2.3321459       2.3321459
              2       4.7994861       1.2137873       1.1017201        3.400864         3.400864       2.7972442       2.7972442
              3       4.7929638       1.2099884       1.0999947        3.400864         3.400864       2.7841996       2.7841996
              2       5.3874534      0.42063772       0.6485659        3.400864         3.400864       3.9731788       3.9731788
              3       4.5835424      0.84851108      0.92114661        3.400864         3.400864       2.3653567       2.3653567
              2       4.8558184       1.2446567       1.1156418        3.400864         3.400864       2.9099088       2.9099088
              2       5.0248254      0.54971611      0.74142843        3.400864         3.400864       3.2479229       3.2479229
              2        4.845253      0.63335858      0.79583829        3.400864         3.400864        2.888778        2.888778
              1        4.568758      0.99052542      0.99525143        3.400864         3.400864       2.3357881       2.3357881
              3       4.6325276      0.78318139      0.88497536        3.400864         3.400864       2.4633273       2.4633273
              1       6.3419844       0.1796967      0.42390648        3.400864         3.400864       5.8822409       5.8822409
              1       6.0664246       1.6318345       1.2774328        3.400864         3.400864       5.3311211       5.3311211
              2       4.5758199         1.00845       1.0042161        3.400864         3.400864       2.3499119       2.3499119
              3       4.6010587      0.82082148      0.90599199        3.400864         3.400864       2.4003895       2.4003895
              2       4.6684733       1.1232278       1.0598244        3.400864         3.400864       2.5352186       2.5352186
              4       6.3115846       1.6862894        1.298572        3.400864         3.400864       5.8214411       5.8214411
              1       6.1104302       1.6419185       1.2813737        3.400864         3.400864       5.4191325       5.4191325
              2       4.8362414       1.2342914       1.1109867        3.400864         3.400864       2.8707548       2.8707548
              2       4.9564835       1.2932339       1.1372044        3.400864         3.400864        3.111239        3.111239
              1       5.0617877       1.3378095       1.1566372        3.400864         3.400864       3.3218474       3.3218474
              1       4.5602821      0.95126586      0.97532859        3.400864         3.400864       2.3188362       2.3188362
              4       4.6186224      0.79853884         0.89361        3.400864         3.400864       2.4355168       2.4355168
              3       4.5635013      0.97172534       0.9857613        3.400864         3.400864       2.3252747       2.3252747
              4       4.7847889       0.6673142      0.81689301        3.400864         3.400864       2.7678498       2.7678498
              2       5.5520949       1.5007732       1.2250605        3.400864         3.400864       4.3024618       4.3024618
              6        4.844941       1.2389413       1.1130774        3.400864         3.400864        2.888154        2.888154
              4       5.2044665       1.3912925       1.1795306        3.400864         3.400864        3.607205        3.607205
              4       4.9083325       1.2708789       1.1273327        3.400864         3.400864        3.014937        3.014937
              3       4.8205433      0.64675348      0.80420985        3.400864         3.400864       2.8393585       2.8393585
              1       4.7088607      0.71728994      0.84692971        3.400864         3.400864       2.6159934       2.6159934
             10       4.6585375      0.75797248      0.87061615        3.400864         3.400864        2.515347        2.515347
              1       4.7774019      0.67176129      0.81961045        3.400864         3.400864       2.7530758       2.7530758
              2       4.8678372      0.62161433      0.78842522        3.400864         3.400864       2.9339464       2.9339464
              1       4.7369977       1.1749186       1.0839366        3.400864         3.400864       2.6722674       2.6722674
              1       4.8085181      0.65350166       0.8083945        3.400864         3.400864       2.8153083       2.8153083
              3       4.6001167      0.82213954      0.90671911        3.400864         3.400864       2.3985054       2.3985054
              1       4.9309672      0.59089756      0.76869861        3.400864         3.400864       3.0602065       3.0602065
              2       6.4791047      0.15113571      0.38876176        3.400864         3.400864       6.1564815       6.1564815
              2       4.8712628       1.2525943       1.1191936        3.400864         3.400864       2.9407975       2.9407975
              4       4.9048858      0.60324417      0.77668795        3.400864         3.400864       3.0080436       3.0080436
              2       4.8651958       1.2495002       1.1178105        3.400864         3.400864       2.9286637       2.9286637
              1       4.7438514       1.1794851        1.086041        3.400864         3.400864       2.6859747       2.6859747
              2       5.0521435        1.333935        1.154961        3.400864         3.400864       3.3025589       3.3025589
              7       4.6703166       1.1248038       1.0605677        3.400864         3.400864       2.5389052       2.5389052
              2        4.826712      0.64335209      0.80209232        3.400864         3.400864        2.851696        2.851696
              1       5.2540371      0.46400712      0.68118068        3.400864         3.400864       3.7063462       3.7063462
              1       5.2675563       1.4130326       1.1887105        3.400864         3.400864       3.7333847       3.7333847
              1       4.7911007      0.66357186       0.8145992        3.400864         3.400864       2.7804733       2.7804733
              3       5.4348506      0.40608381      0.63724706        3.400864         3.400864       4.0679731       4.0679731
              3       4.6194704      0.79755356      0.89305854        3.400864         3.400864       2.4372128       2.4372128
              2       5.5781727       1.5081416       1.2280642        3.400864         3.400864       4.3546175       4.3546175
              1       4.6513084      0.76460699      0.87441809        3.400864         3.400864       2.5008889       2.5008889
              6       4.7367283       1.1747373        1.083853        3.400864         3.400864       2.6717285       2.6717285
              1       6.5575293       1.7372071       1.3180315        3.400864         3.400864       6.3133306       6.3133306
              2       6.6295398       1.7515138       1.3234477        3.400864         3.400864       6.4573516       6.4573516
              4         7.02665       1.8262883       1.3514023        3.400864         3.400864        7.251572        7.251572
              1       4.5782817      0.85873526      0.92667969        3.400864         3.400864       2.3548355       2.3548355
              2       4.5722527       1.0000281        1.000014        3.400864         3.400864       2.3427773       2.3427773
              3       4.6876351       1.1390138       1.0672459        3.400864         3.400864       2.5735422       2.5735422
              2       4.6274963      0.78855364      0.88800543        3.400864         3.400864       2.4532647       2.4532647
              6       4.9147593       1.2739483       1.1286932        3.400864         3.400864       3.0277907       3.0277907
              2       8.3761169        2.043267       1.4294289        3.400864         3.400864       9.9505059       9.9505059
              1       4.6565299       1.1126755       1.0548343        3.400864         3.400864       2.5113319       2.5113319
              4       4.7488845       1.1827847       1.0875591        3.400864         3.400864        2.696041        2.696041
              1       4.9264643      0.59299748       0.7700633        3.400864         3.400864       3.0512006       3.0512006
              2       4.5728904       1.0016134       1.0008064        3.400864         3.400864       2.3440528       2.3440528
              4       4.5759277       1.0086892       1.0043352        3.400864         3.400864       2.3501274       2.3501274
              1       4.5615679      0.91095654      0.95444044        3.400864         3.400864       2.3214078       2.3214078
              3       4.8917847       1.2628432        1.123763        3.400864         3.400864       2.9818413       2.9818413
              5       4.8927505       1.2633177       1.1239741        3.400864         3.400864        2.983773        2.983773
              3       5.0755531       1.3432759       1.1589978        3.400864         3.400864       3.3493782       3.3493782
              5       4.6529456       1.1093831       1.0532726        3.400864         3.400864       2.5041632       2.5041632
              2       4.8865663      0.61219748       0.7824305        3.400864         3.400864       2.9714047       2.9714047
              1       4.6422795       1.0991931       1.0484241        3.400864         3.400864       2.4828311       2.4828311
              2       5.2761774      0.45653858      0.67567639        3.400864         3.400864       3.7506268       3.7506268
              4       4.6270105      0.78908277      0.88830331        3.400864         3.400864        2.452293        2.452293
              5       4.5927854      0.83297034      0.91267209        3.400864         3.400864       2.3838429       2.3838429
              2       4.5656967      0.98055728      0.99023092        3.400864         3.400864       2.3296654       2.3296654
              1       4.9659298      0.57500816      0.75829293        3.400864         3.400864       3.1301317       3.1301317
              1       5.1423514      0.50364314      0.70967819        3.400864         3.400864       3.4829749       3.4829749
              1       5.5424207       1.4980152       1.2239343        3.400864         3.400864       4.2831135       4.2831135
              1       4.8045634       1.2167089       1.1030453        3.400864         3.400864       2.8073988       2.8073988
              1       4.6010286       1.0516019       1.0254764        3.400864         3.400864       2.4003291       2.4003291
              1        5.125391       1.3624809       1.1672536        3.400864         3.400864        3.449054        3.449054
              1        4.585084       1.0267319       1.0132778        3.400864         3.400864         2.36844         2.36844
              1       5.1737093      0.49215724      0.70153919        3.400864         3.400864       3.5456905       3.5456905
              2       5.1921117       1.3869124       1.1776724        3.400864         3.400864       3.5824953       3.5824953
              1       4.5627365      0.90438729      0.95099279        3.400864         3.400864        2.323745        2.323745
              1       4.9104033        1.271871       1.1277726        3.400864         3.400864       3.0190786       3.0190786
              3       5.1180621      0.51275399      0.71606843        3.400864         3.400864       3.4343963       3.4343963
              4       4.9852171       1.3059305       1.1427731        3.400864         3.400864       3.1687061       3.1687061
              1       5.8500187      0.29251531      0.54084685        3.400864         3.400864       4.8983094       4.8983094
              1       5.5188604      0.38122446      0.61743377        3.400864         3.400864       4.2359927       4.2359927
              4       6.2364277      0.20244015       0.4499335        3.400864         3.400864       5.6711275       5.6711275
              3       4.7031086       1.1509159       1.0728075        3.400864         3.400864       2.6044892       2.6044892
              1       6.8154005       1.7873289       1.3369102        3.400864         3.400864       6.8290731       6.8290731
              5       4.9755106       1.3016908       1.1409166        3.400864         3.400864       3.1492932       3.1492932
              1       5.7572116       1.5563704       1.2475458        3.400864         3.400864       4.7126951       4.7126951
              1       5.7647612        1.558322       1.2483277        3.400864         3.400864       4.7277943       4.7277943
              2       5.6457395       1.5268054       1.2356397        3.400864         3.400864        4.489751        4.489751
              2       8.2175313       2.0200231       1.4212752        3.400864         3.400864       9.6333346       9.6333346
              1       7.7588967       1.9498056       1.3963544        3.400864         3.400864       8.7160653       8.7160653
              2       9.4474675       2.1890476        1.479543        3.400864         3.400864       12.093207       12.093207
              2       7.6799808       1.9372269        1.391843        3.400864         3.400864       8.5582337       8.5582337
              3       7.7733782       1.9520969       1.3971746        3.400864         3.400864       8.7450284       8.7450284
              1       5.0761643       1.3435169       1.1591018        3.400864         3.400864       3.3506006       3.3506006
              3       5.1616034      0.49655586       0.7046672        3.400864         3.400864       3.5214789       3.5214789
              1       4.9475847      0.58325626      0.76371216        3.400864         3.400864       3.0934414       3.0934414
              1       4.5611173      0.91400225      0.95603465        3.400864         3.400864       2.3205066       2.3205066
              2       5.9194331       1.5970365       1.2637391        3.400864         3.400864       5.0371383       5.0371383
              1       5.3878888      0.42050216      0.64846138        3.400864         3.400864       3.9740496       3.9740496
              1       4.6831194       1.1354064       1.0655545        3.400864         3.400864       2.5645108       2.5645108
              7       4.6136525       1.0680041       1.0334429        3.400864         3.400864        2.425577        2.425577
              2       4.6356489      0.77994142      0.88314292        3.400864         3.400864       2.4695698       2.4695698
              1       4.7145614       0.7131487      0.84448132        3.400864         3.400864       2.6273947       2.6273947
              3       5.8376431      0.29560945      0.54369978        3.400864         3.400864       4.8735581       4.8735581
              7       4.9140158      0.59887073      0.77386738        3.400864         3.400864       3.0263036       3.0263036
              2       4.5718998       0.8733315      0.93452207        3.400864         3.400864       2.3420717       2.3420717
              5       6.3969638      0.16811742      0.41002124        3.400864         3.400864       5.9921996       5.9921996
              1        6.855017     0.077695511      0.27873914        3.400864         3.400864        6.908306        6.908306
              4       6.2899789       1.6816502       1.2967846        3.400864         3.400864       5.7782299       5.7782299
              3       4.7849259       1.2052329        1.097831        3.400864         3.400864       2.7681237       2.7681237
              1       4.7475896       1.1819401       1.0871707        3.400864         3.400864       2.6934512       2.6934512
              1       6.8218327     0.083923886       0.2896962        3.400864         3.400864       6.8419373       6.8419373
              2       6.0886737      0.23551424       0.4852981        3.400864         3.400864       5.3756194       5.3756194
              1       4.6552696       0.7609405      0.87231903        3.400864         3.400864       2.5088113       2.5088113
              4       5.0608978      0.53501176      0.73144498        3.400864         3.400864       3.3200677       3.3200677
              2       4.8798074       1.2569014       1.1211162        3.400864         3.400864       2.9578867       2.9578867
              7       4.5936494      0.83163558      0.91194056        3.400864         3.400864       2.3855709       2.3855709
              1       4.6139613       1.0683799       1.0336246        3.400864         3.400864       2.4261946       2.4261946
              3       4.7630382       1.1918355       1.0917122        3.400864         3.400864       2.7243484       2.7243484
              1       4.5953123       1.0433519        1.021446        3.400864         3.400864       2.3888967       2.3888967
              1       5.3731414       1.4473515       1.2030592        3.400864         3.400864       3.9445548       3.9445548
              2       4.5723625       1.0003039       1.0001519        3.400864         3.400864        2.342997        2.342997
              4       4.8064691      0.65466766      0.80911536        3.400864         3.400864       2.8112102       2.8112102
              4       5.1404535      0.50434811       0.7101747        3.400864         3.400864       3.4791791       3.4791791
              1       5.2781572      0.45587639      0.67518619        3.400864         3.400864       3.7545864       3.7545864
              2          4.6302      0.78564294      0.88636502        3.400864         3.400864        2.458672        2.458672
              2       5.2433143       1.4047983       1.1852419        3.400864         3.400864       3.6849005       3.6849005
              2       5.3159849       1.4290704       1.1954373        3.400864         3.400864       3.8302418       3.8302418
              3       5.3258875       1.4322859       1.1967815        3.400864         3.400864        3.850047        3.850047
              5        4.585248      0.84544287      0.91947968        3.400864         3.400864       2.3687681       2.3687681
              3       5.5233721       1.4925445       1.2216974        3.400864         3.400864       4.2450163       4.2450163
              1       5.2443475       1.4051523       1.1853912        3.400864         3.400864       3.6869671       3.6869671
              3       4.9068993      0.60227473      0.77606361        3.400864         3.400864       3.0120706       3.0120706
              2       4.5799905      0.85527249      0.92480943        3.400864         3.400864       2.3582531       2.3582531
              1       4.7210299       1.1639245       1.0788533        3.400864         3.400864       2.6403318       2.6403318
              3         5.03767       1.3280484       1.1524098        3.400864         3.400864        3.273612        3.273612
              1       5.2024072       1.3905653       1.1792223        3.400864         3.400864       3.6030863       3.6030863
              4       5.8923127      0.28205148       0.5310852        3.400864         3.400864       4.9828974       4.9828974
              2       5.3047133       0.4470808      0.66864101        3.400864         3.400864       3.8076986       3.8076986
              2       5.2862361      0.45318365      0.67318916        3.400864         3.400864       3.7707441       3.7707441
              1       6.0629391       0.2414358      0.49136117        3.400864         3.400864       5.3241502       5.3241502
              1       6.0918956      0.23477641      0.48453731        3.400864         3.400864       5.3820632       5.3820632
              1       5.4091986      0.41391023      0.64335855        3.400864         3.400864       4.0166692       4.0166692
              3       5.1417271      0.50387491      0.70984147        3.400864         3.400864       3.4817263       3.4817263
              1       4.8003896       1.2143095       1.1019571        3.400864         3.400864       2.7990513       2.7990513
              2       4.6141723      0.80382938      0.89656533        3.400864         3.400864       2.4266166       2.4266166
              2       4.8259853       1.2287147        1.108474        3.400864         3.400864       2.8502427       2.8502427
              1       4.5740361      0.86809647      0.93171695        3.400864         3.400864       2.3463443       2.3463443
              1        4.581482      0.85236679      0.92323713        3.400864         3.400864       2.3612361       2.3612361
              2       5.1359124       1.3664258       1.1689422        3.400864         3.400864       3.4700969       3.4700969
              1       5.3714546      0.42564401      0.65241398        3.400864         3.400864       3.9411811       3.9411811
              2       5.3015615      0.44811641      0.66941498        3.400864         3.400864       3.8013949       3.8013949
              6       4.6345112       1.0913508       1.0446774        3.400864         3.400864       2.4672944       2.4672944
              2         5.36766       1.4456268       1.2023422        3.400864         3.400864        3.933592        3.933592
              2       4.8975236      0.60681304      0.77898206        3.400864         3.400864       2.9933193       2.9933193
              1       6.6122356      0.12436645      0.35265628        3.400864         3.400864       6.4227432       6.4227432
              2       5.0036692      0.55860641      0.74739976        3.400864         3.400864       3.2056104       3.2056104
              1       4.7366546      0.69777766      0.83533087        3.400864         3.400864       2.6715812       2.6715812
              1       5.0648264      0.53344277      0.73037166        3.400864         3.400864       3.3279247       3.3279247
              2       4.9262328      0.59310577       0.7701336        3.400864         3.400864       3.0507377       3.0507377
              2       4.6106397       1.0642806       1.0316398        3.400864         3.400864       2.4195514       2.4195514
              1       4.5965951      0.82720777      0.90950963        3.400864         3.400864       2.3914622       2.3914622
              1       4.6735966       1.1275761       1.0618739        3.400864         3.400864       2.5454653       2.5454653
              4       4.5619021      0.96354926      0.98160545        3.400864         3.400864       2.3220762       2.3220762
              3       5.7076406      0.32906454      0.57364148        3.400864         3.400864       4.6135531       4.6135531
              1       4.5783984      0.85849391      0.92654946        3.400864         3.400864       2.3550689       2.3550689
              5       4.7272141      0.70422108      0.83917882        3.400864         3.400864       2.6527003       2.6527003
              7       4.9235069      0.59438367      0.77096282        3.400864         3.400864       3.0452857       3.0452857
              1       5.6465226      0.34544709      0.58774747        3.400864         3.400864       4.4913172       4.4913172
              1       5.2783143       1.4166415       1.1902275        3.400864         3.400864       3.7549006       3.7549006
              2       5.3960328       1.4544924       1.2060234        3.400864         3.400864       3.9903376       3.9903376
              1        6.792736       1.7830426       1.3353062        3.400864         3.400864        6.783744        6.783744
              5       5.6265779       1.5215729       1.2335205        3.400864         3.400864       4.4514278       4.4514278
              3       6.1860758       1.6589242       1.2879923        3.400864         3.400864       5.5704236       5.5704236
              1       5.9319986       1.6000825       1.2649437        3.400864         3.400864       5.0622692       5.0622692
              3       4.5774657      0.86044466      0.92760156        3.400864         3.400864       2.3532035       2.3532035
              1       4.5814304       1.0199996       1.0099503        3.400864         3.400864       2.3611327       2.3611327
              3       4.8707134       1.2523154        1.119069        3.400864         3.400864       2.9396989       2.9396989
              1       4.5599633      0.92511436      0.96182866        3.400864         3.400864       2.3181985       2.3181985
              1       5.3238299       1.4316195        1.196503        3.400864         3.400864       3.8459319       3.8459319
              1       4.6779356       1.1311829       1.0635708        3.400864         3.400864       2.5541432       2.5541432
              1       5.4659337       1.4757129       1.2147892        3.400864         3.400864       4.1301394       4.1301394
              2       4.6578863      0.75856002      0.87095351        3.400864         3.400864       2.5140445       2.5140445
              3       4.6183803        1.073644       1.0361679        3.400864         3.400864       2.4350326       2.4350326
              2       4.6727267      0.74562059      0.86349325        3.400864         3.400864       2.5437254       2.5437254
              5       5.8146138        1.571058       1.2534185        3.400864         3.400864       4.8274995       4.8274995
              8       4.7758577        1.199765       1.0953378        3.400864         3.400864       2.7499875       2.7499875
              4        4.680202       1.1330406       1.0644438        3.400864         3.400864       2.5586761       2.5586761
              1       6.4600032       1.7174136       1.3105013        3.400864         3.400864       6.1182784       6.1182784
              1       5.5489109        1.499867       1.2246906        3.400864         3.400864       4.2960938       4.2960938
              5       4.7673003       0.6779665      0.82338721        3.400864         3.400864       2.7328727       2.7328727
              1       4.7247567       1.1665374       1.0800636        3.400864         3.400864       2.6477854       2.6477854
              2       5.1246661       1.3622078       1.1671366        3.400864         3.400864       3.4476041       3.4476041
              3       5.4868841       1.4819123       1.2173382        3.400864         3.400864       4.1720403       4.1720403
              5       4.6118425       0.8066853      0.89815661        3.400864         3.400864       2.4219571       2.4219571
              1       5.1749955      0.49169246      0.70120786        3.400864         3.400864        3.548263        3.548263
              2       5.5712995       1.5062088        1.227277        3.400864         3.400864       4.3408711       4.3408711
              2       4.5705896      0.99569543      0.99784539        3.400864         3.400864       2.3394511       2.3394511
              1       4.6162604       1.0711443        1.034961        3.400864         3.400864       2.4307928       2.4307928
              4       4.7646841       1.1928673       1.0921846        3.400864         3.400864       2.7276402       2.7276402
              2       5.2633276       1.4116065       1.1881105        3.400864         3.400864       3.7249273       3.7249273
              2        5.471031       1.4772278       1.2154126        3.400864         3.400864       4.1403341       4.1403341
              5       4.7469864       1.1815456       1.0869892        3.400864         3.400864       2.6922448       2.6922448
              3       4.6428621       1.0997661       1.0486973        3.400864         3.400864       2.4839961       2.4839961
              3       5.3566247       1.4421366       1.2008899        3.400864         3.400864       3.9115214       3.9115214
              2       5.1587735       1.3748749       1.1725506        3.400864         3.400864        3.515819        3.515819
              1       4.6562423      0.76005184      0.87180952        3.400864         3.400864       2.5107566       2.5107566
              2       5.8042341      0.30403793      0.55139634        3.400864         3.400864       4.8067402       4.8067402
              2       4.5932475      0.83225437      0.91227977        3.400864         3.400864        2.384767        2.384767
              3       4.7451079       0.6921523      0.83195691        3.400864         3.400864       2.6884878       2.6884878
              1       5.2787203      0.45568821      0.67504682        3.400864         3.400864       3.7557126       3.7557126
              2       4.6176336      0.79969663      0.89425759        3.400864         3.400864       2.4335393       2.4335393
              1       4.6269316      0.78916893       0.8883518        3.400864         3.400864       2.4521352       2.4521352
              1       4.9500804      0.58212286      0.76296976        3.400864         3.400864       3.0984329       3.0984329
              2       4.7261039      0.70499064      0.83963721        3.400864         3.400864       2.6504798       2.6504798
              4       4.5636217      0.90019984      0.94878862        3.400864         3.400864       2.3255153       2.3255153
              2       5.0462679       1.3315559       1.1539306        3.400864         3.400864       3.2908078       3.2908078
              3       5.1248447       1.3622751       1.1671654        3.400864         3.400864       3.4479615       3.4479615
              1        4.561376      0.96025923      0.97992818        3.400864         3.400864       2.3210241       2.3210241
              1       4.5600282      0.94825296      0.97378281        3.400864         3.400864       2.3183285       2.3183285
              4       4.5921213      0.83400822       0.9132405        3.400864         3.400864       2.3825145       2.3825145
              1       6.6625922      0.11446828      0.33833162        3.400864         3.400864       6.5234564       6.5234564
              3       5.7007556      0.33088788      0.57522854        3.400864         3.400864       4.5997832       4.5997832
              2       4.7907574      0.66377406       0.8147233        3.400864         3.400864       2.7797868       2.7797868
              2       5.0722829       1.3419839       1.1584403        3.400864         3.400864       3.3428377       3.3428377
              1       4.9009966       1.2673407       1.1257623        3.400864         3.400864       3.0002652       3.0002652
              3       5.1704657       1.3791338       1.1743653        3.400864         3.400864       3.5392033       3.5392033
              2        4.919418      0.59630948      0.77221077        3.400864         3.400864       3.0371081       3.0371081
              2       5.0167531       1.3193814       1.1486433        3.400864         3.400864       3.2317783       3.2317783
              7       4.9895968       1.3078277       1.1436029        3.400864         3.400864       3.1774657       3.1774657
              4       4.8687221      0.62116304      0.78813897        3.400864         3.400864       2.9357163       2.9357163
              2       4.9035057      0.60391027      0.77711664        3.400864         3.400864       3.0052834       3.0052834
              2        4.608419      0.81100013      0.90055546        3.400864         3.400864         2.41511         2.41511
              2       5.1002818      0.51954963      0.72079791        3.400864         3.400864       3.3988356       3.3988356
              1       6.0773794      0.23810688      0.48796197        3.400864         3.400864       5.3530309       5.3530309
              1       4.9588061      0.57818846      0.76038705        3.400864         3.400864       3.1158843       3.1158843
              6       4.8905596       1.2622405       1.1234948        3.400864         3.400864       2.9793913       2.9793913
              2       4.5788856      0.85749416       0.9260098        3.400864         3.400864       2.3560432       2.3560432
              1       4.6712133       0.7468996      0.86423353        3.400864         3.400864       2.5406986       2.5406986
              2       5.9825749      0.26026149       0.5101583        3.400864         3.400864       5.1634218       5.1634218
              1       6.1790984      0.21509294      0.46378114        3.400864         3.400864       5.5564689       5.5564689
              1        5.205536       1.3916697       1.1796905        3.400864         3.400864        3.609344        3.609344
              1       4.8191659       1.2249469       1.1067732        3.400864         3.400864       2.8366038       2.8366038
              3       5.2666178      0.45974893      0.67804788        3.400864         3.400864       3.7315076       3.7315076
              2       4.8474297       1.2402585       1.1136689        3.400864         3.400864       2.8931314       2.8931314
              4       4.6220966       1.0779196       1.0382291        3.400864         3.400864       2.4424651       2.4424651
              2       5.7510742      0.31768594      0.56363635        3.400864         3.400864       4.7004204       4.7004204
              2       5.3718958       1.4469601       1.2028965        3.400864         3.400864       3.9420635       3.9420635
              5       6.0410224       1.6259464        1.275126        3.400864         3.400864       5.2803168       5.2803168
              1       4.5789284       0.8574069      0.92596269        3.400864         3.400864       2.3561289       2.3561289
              2       4.5768484       1.0107013       1.0053364        3.400864         3.400864       2.3519687       2.3519687
              2        4.792617       1.2097849       1.0999022        3.400864         3.400864        2.783506        2.783506
              1       5.0815823       1.3456471       1.1600203        3.400864         3.400864       3.3614366       3.3614366
              1        5.121261       1.3609224       1.1665858        3.400864         3.400864        3.440794        3.440794
              2       5.7546873       1.5557166       1.2472837        3.400864         3.400864       4.7076466       4.7076466
              1       5.9331821       1.6003686       1.2650568        3.400864         3.400864       5.0646363       5.0646363
              1       6.2193338       1.6662755       1.2908429        3.400864         3.400864       5.6369397       5.6369397
              1       4.9137194       1.2734535        1.128474        3.400864         3.400864       3.0257108       3.0257108
              1       4.6061414      0.81395492       0.9021945        3.400864         3.400864       2.4105549       2.4105549
              1       4.5709092      0.87591296      0.93590222        3.400864         3.400864       2.3400905       2.3400905
              3       4.6002509      0.82195088      0.90661506        3.400864         3.400864       2.3987737       2.3987737
              3       4.8916141       1.2627594       1.1237257        3.400864         3.400864       2.9815003       2.9815003
              5       4.9936921      0.56287243      0.75024825        3.400864         3.400864       3.1856563       3.1856563
              3       4.5773129       0.8607692      0.92777648        3.400864         3.400864       2.3528978       2.3528978
              1       4.8039964      0.65608116      0.80998837        3.400864         3.400864       2.8062649       2.8062649
              3       4.6031135      0.81799754      0.90443216        3.400864         3.400864        2.404499        2.404499
              1       4.5951703       1.0431388       1.0213417        3.400864         3.400864       2.3886126       2.3886126
              2        5.406011       1.4575744       1.2073005        3.400864         3.400864       4.0102941       4.0102941
              1       4.7959472       1.2117326       1.1007872        3.400864         3.400864       2.7901664       2.7901664
              1       4.7084843      0.71756615      0.84709277        3.400864         3.400864       2.6152405       2.6152405
              1       4.5625723      0.96723939       0.9834833        3.400864         3.400864       2.3234167       2.3234167
              3        6.030485       1.6234891       1.2741621        3.400864         3.400864        5.259242        5.259242
              1       5.7626625      0.31468527      0.56096815        3.400864         3.400864        4.723597        4.723597
              3       4.7494102       1.1831269       1.0877164        3.400864         3.400864       2.6970925       2.6970925
              4       4.7462652      0.69139223      0.83149999        3.400864         3.400864       2.6908024       2.6908024
              1       4.8204931      0.64678128      0.80422713        3.400864         3.400864       2.8392583       2.8392583
              1       4.8186387      0.64781174      0.80486753        3.400864         3.400864       2.8355494       2.8355494
              1       5.0989024      0.52008146      0.72116674        3.400864         3.400864       3.3960768       3.3960768
              2       5.1128912      0.51471902      0.71743921        3.400864         3.400864       3.4240544       3.4240544
              1       5.9212987      0.27497576      0.52438131        3.400864         3.400864       5.0408695       5.0408695
              5       5.4282789      0.40807779      0.63880967        3.400864         3.400864       4.0548297       4.0548297
              2       5.2299511       1.4001969       1.1832991        3.400864         3.400864       3.6581742       3.6581742
              1       4.9959679       1.3105703       1.1448014        3.400864         3.400864       3.1902078       3.1902078
              6       5.2556836      0.46344764      0.68076989        3.400864         3.400864       3.7096392       3.7096392
              1       4.7556072      0.68534096      0.82785322        3.400864         3.400864       2.7094864       2.7094864
              4       6.2833109      0.19225277      0.43846639        3.400864         3.400864       5.7648939       5.7648939
              2        4.764213      0.67989294      0.82455621        3.400864         3.400864       2.7266981       2.7266981
              1       4.5944119       1.0419937       1.0207809        3.400864         3.400864       2.3870958       2.3870958
              2       4.8116299      0.65174006      0.80730419        3.400864         3.400864       2.8215318       2.8215318
             12       4.5604557      0.95301828      0.97622655        3.400864         3.400864       2.3191835       2.3191835
              2       4.7714861        1.197088       1.0941152        3.400864         3.400864       2.7412442       2.7412442
              1       4.5678946      0.98790909      0.99393616        3.400864         3.400864       2.3340613       2.3340613
              2       5.1547634      0.49906073       0.7064423        3.400864         3.400864       3.5077989       3.5077989
              1       4.6441251      0.77146394       0.8783302        3.400864         3.400864       2.4865222       2.4865222
              8       4.6000694      0.82220603      0.90675577        3.400864         3.400864       2.3984109       2.3984109
              1       4.5675199      0.88573399      0.94113442        3.400864         3.400864       2.3333118       2.3333118
              1       4.9244822      0.59392587      0.77066586        3.400864         3.400864       3.0472365       3.0472365
              2       4.7916946        1.209243       1.0996559        3.400864         3.400864       2.7816613       2.7816613
              1       4.7473642       1.1817927       1.0871029        3.400864         3.400864       2.6930004       2.6930004
              1       4.6532155       1.1096332       1.0533913        3.400864         3.400864        2.504703        2.504703
              1       4.6080051       1.0609335       1.0300163        3.400864         3.400864       2.4142823       2.4142823
              3       4.8677128       1.2507875       1.1183861        3.400864         3.400864       2.9336976       2.9336976
              1        4.772952      0.67447666      0.82126528        3.400864         3.400864       2.7441759       2.7441759
              1       5.7922875      0.30707924      0.55414731        3.400864         3.400864       4.7828471       4.7828471
              8        5.082968      0.52627518      0.72544826        3.400864         3.400864        3.364208        3.364208
              2       5.4592596      0.39874241      0.63146054        3.400864         3.400864       4.1167912       4.1167912
              1       5.5710705      0.36632105      0.60524462        3.400864         3.400864        4.340413        4.340413
              2        4.610234      0.80869444      0.89927439        3.400864         3.400864         2.41874         2.41874
              2       5.6033677      0.35729384      0.59774061        3.400864         3.400864       4.4050074       4.4050074
              3       5.3255898       1.4321895       1.1967412        3.400864         3.400864       3.8494517       3.8494517
              3       4.8312587       1.2315952       1.1097726        3.400864         3.400864       2.8607894       2.8607894
              1       6.0299743       1.6233698       1.2741153        3.400864         3.400864       5.2582206       5.2582206
              1       6.0605739       1.6304828       1.2769036        3.400864         3.400864       5.3194197       5.3194197
              2        5.310353       1.4272322       1.1946682        3.400864         3.400864        3.818978        3.818978
              1       4.6020088      0.81950723      0.90526638        3.400864         3.400864       2.4022897       2.4022897
              1       5.0370772       1.3278054       1.1523044        3.400864         3.400864       3.2724264       3.2724264
              4       4.5931463       1.0400546       1.0198307        3.400864         3.400864       2.3845647       2.3845647
              3        4.806422       1.2177708       1.1035265        3.400864         3.400864        2.811116        2.811116
              5       4.7306197      0.70187621      0.83778053        3.400864         3.400864       2.6595115       2.6595115
              3       5.7718392       1.5601461       1.2490581        3.400864         3.400864       4.7419505       4.7419505
              1       5.2513573       1.4075463       1.1864005        3.400864         3.400864       3.7009866       3.7009866
              2       6.9412336       1.8107445       1.3456391        3.400864         3.400864       7.0807393       7.0807393
              2        4.571136      0.87531228      0.93558125        3.400864         3.400864       2.3405441       2.3405441
              3       4.6061614      0.81392875         0.90218        3.400864         3.400864       2.4105948       2.4105948
              1       4.6329623      0.78272609      0.88471808        3.400864         3.400864       2.4641966       2.4641966
              5       4.5936197      0.83168121      0.91196558        3.400864         3.400864       2.3855114       2.3855114
              2       4.6208983       0.7959102      0.89213799        3.400864         3.400864       2.4400685       2.4400685
              1       5.1221731      0.51119827       0.7149813        3.400864         3.400864       3.4426181       3.4426181
              2       5.4331076      0.40661193      0.63766129        3.400864         3.400864       4.0644872       4.0644872
              4       4.5646875      0.97673704      0.98830008        3.400864         3.400864       2.3276469       2.3276469
              3       5.2716282      0.45806362      0.67680397        3.400864         3.400864       3.7415284       3.7415284
              1       5.2900297      0.45192438      0.67225321        3.400864         3.400864       3.7783314       3.7783314
              1        4.699888      0.72397171      0.85086527        3.400864         3.400864       2.5980481       2.5980481
              4       5.0019666      0.55933101      0.74788435        3.400864         3.400864       3.2022052       3.2022052
              2       5.4798789       1.4798473       1.2164897        3.400864         3.400864       4.1580298       4.1580298
              2       4.5606049      0.95438925      0.97692848        3.400864         3.400864       2.3194819       2.3194819
              2       5.0889208       1.3485149       1.1612557        3.400864         3.400864       3.3761135       3.3761135
              2       6.4361458      0.15997065      0.39996331        3.400864         3.400864       6.0705635       6.0705635
              1       4.9794163       1.3034026       1.1416666        3.400864         3.400864       3.1571046       3.1571046
              2       4.6287245       0.7872244      0.88725667        3.400864         3.400864        2.455721        2.455721
              1       4.7766879      0.67219509      0.81987504        3.400864         3.400864       2.7516478       2.7516478
              2       6.8683612     0.075203644      0.27423283        3.400864         3.400864       6.9349943       6.9349943
              2       6.6384216        1.753261       1.3241076        3.400864         3.400864       6.4751152       6.4751152
              1       4.8173066       1.2239111       1.1063052        3.400864         3.400864       2.8328853       2.8328853
              2       4.6059045      0.81426641      0.90236712        3.400864         3.400864        2.410081        2.410081
              4       4.5689931       0.9912162      0.99559841        3.400864         3.400864       2.3362582       2.3362582
              5       5.4400495       1.4679537       1.2115914        3.400864         3.400864       4.0783711       4.0783711
              3       4.8002478       1.2142276       1.1019199        3.400864         3.400864       2.7987676       2.7987676
              3       6.5818921      0.13038951      0.36109488        3.400864         3.400864       6.3620562       6.3620562
              3       6.3588001       0.1761364      0.41968607        3.400864         3.400864       5.9158723       5.9158723
              3       5.2860605      0.45324201      0.67323251        3.400864         3.400864        3.770393        3.770393
              1       4.8544431      0.62852541      0.79279594        3.400864         3.400864       2.9071583       2.9071583
              1       4.6356485      0.77994187      0.88314318        3.400864         3.400864       2.4695689       2.4695689
              1       4.8868203       1.2603937       1.1226726        3.400864         3.400864       2.9719127       2.9719127
              3       4.6111959       1.0649762       1.0319768        3.400864         3.400864       2.4206638       2.4206638
              2       5.1461375      0.50224022      0.70868909        3.400864         3.400864        3.490547        3.490547
              3       5.0175103       1.3196986       1.1487814        3.400864         3.400864       3.2332927       3.2332927
              1       6.2793589      0.19310614      0.43943843        3.400864         3.400864       5.7569898       5.7569898
              3       6.3465248      0.17873374      0.42276914        3.400864         3.400864       5.8913216       5.8913216
              1       4.7166603      0.71164314      0.84358944        3.400864         3.400864       2.6315927       2.6315927
              1       4.6316566       1.0883674       1.0432485        3.400864         3.400864       2.4615851       2.4615851
              2        4.950187       1.2903908       1.1359537        3.400864         3.400864        3.098646        3.098646
              1       4.5766055      0.86228958      0.92859549        3.400864         3.400864        2.351483        2.351483
              3       4.7651524      0.67930522      0.82419975        3.400864         3.400864       2.7285769       2.7285769
              4       4.9922901      0.56347582      0.75065027        3.400864         3.400864       3.1828523       3.1828523
              5       4.7501521      0.68885653      0.82997381        3.400864         3.400864       2.6985761       2.6985761
              4        4.581702       1.0205186       1.0102072        3.400864         3.400864       2.3616759       2.3616759
              2        4.571645      0.99848012      0.99923977        3.400864         3.400864       2.3415621       2.3415621
              7       5.9739903       1.6101618       1.2689215        3.400864         3.400864       5.1462526       5.1462526
              1       4.6009069      0.82103285      0.90610863        3.400864         3.400864       2.4000859       2.4000859
              3       5.8414336       1.5778052       1.2561072        3.400864         3.400864       4.8811393       4.8811393
              2       4.9594579       1.2945691       1.1377913        3.400864         3.400864       3.1171879       3.1171879
              3       4.5622746      0.90680816      0.95226475        3.400864         3.400864       2.3228212       2.3228212
              1       4.8912597      0.60988026      0.78094831        3.400864         3.400864       2.9807915       2.9807915
              1       5.4301198       1.4649469       1.2103499        3.400864         3.400864       4.0585116       4.0585116
              2       4.6602461       1.1160252       1.0564209        3.400864         3.400864       2.5187643       2.5187643
              3       4.7588995       1.1892225       1.0905148        3.400864         3.400864        2.716071        2.716071
              1        5.220256      0.47563571      0.68966348        3.400864         3.400864        3.638784        3.638784
              3       6.0959479       0.2338495      0.48357988        3.400864         3.400864       5.3901677       5.3901677
              1       6.3488033      0.17825097      0.42219779        3.400864         3.400864       5.8958785       5.8958785
              2       5.0490147      0.53979551      0.73470777        3.400864         3.400864       3.2963013       3.2963013
              9       4.6776004      0.74155871      0.86113803        3.400864         3.400864       2.5534727       2.5534727
             12       4.7008398      0.72325299      0.85044282        3.400864         3.400864       2.5999516       2.5999516
              4       4.5697183      0.99329457      0.99664165        3.400864         3.400864       2.3377087       2.3377087
              3       4.5819442      0.85148659      0.92276031        3.400864         3.400864       2.3621604       2.3621604
              1       4.9754098       1.3016465       1.1408972        3.400864         3.400864       3.1490917       3.1490917
              1       5.4378305       1.4672833       1.2113147        3.400864         3.400864       4.0739331       4.0739331
              5       4.7732676      0.67428314      0.82114745        3.400864         3.400864       2.7448072       2.7448072
              1       4.5598947      0.94631229      0.97278584        3.400864         3.400864       2.3180614       2.3180614
              6       5.0324704       1.3259119       1.1514825        3.400864         3.400864       3.2632128       3.2632128
              3       4.5913448      0.83523509      0.91391197        3.400864         3.400864       2.3809616       2.3809616
              1       4.5691228      0.99159361      0.99578794        3.400864         3.400864       2.3365176       2.3365176
              2       5.3280361       1.4329808       1.1970718        3.400864         3.400864       3.8543443       3.8543443
              3        4.748235      0.69010393      0.83072494        3.400864         3.400864       2.6947419       2.6947419
              1       4.6057424       1.0579854       1.0285842        3.400864         3.400864       2.4097569       2.4097569
              1        4.859561      0.62586651      0.79111726        3.400864         3.400864        2.917394        2.917394
              1       4.5840545      0.84757876      0.92064041        3.400864         3.400864       2.3663809       2.3663809
              1       4.6007629      0.82123374      0.90621948        3.400864         3.400864       2.3997978       2.3997978
              2       4.5613758      0.96025776      0.97992743        3.400864         3.400864       2.3210237       2.3210237
              1       4.6536274       1.1100142       1.0535721        3.400864         3.400864       2.5055268       2.5055268
              3       5.1674051      0.49444236      0.70316596        3.400864         3.400864       3.5330823       3.5330823
              1       4.5685746      0.98998024      0.99497751        3.400864         3.400864       2.3354212       2.3354212
              5         5.29734      0.44950696       0.6704528        3.400864         3.400864        3.792952        3.792952
              2        4.604433      0.81621919       0.9034485        3.400864         3.400864       2.4071379       2.4071379
              1       4.7564537      0.68479984      0.82752634        3.400864         3.400864       2.7111794       2.7111794
              1       5.1556618      0.49873092      0.70620884        3.400864         3.400864       3.5095956       3.5095956
              1       4.5688118       0.8817813      0.93903211        3.400864         3.400864       2.3358955       2.3358955
              6       4.6943021      0.72823983      0.85336969        3.400864         3.400864       2.5868762       2.5868762
              2       6.9082719     0.067793449      0.26037175        3.400864         3.400864       7.0148158       7.0148158
              2       6.4705922      0.15287848      0.39099678        3.400864         3.400864       6.1394564       6.1394564
              1       5.3235558       1.4315306       1.1964659        3.400864         3.400864       3.8453836       3.8453836
              4       4.6930984       1.1432943       1.0692494        3.400864         3.400864       2.5844688       2.5844688
              1       4.6700599      0.74788025       0.8648007        3.400864         3.400864       2.5383918       2.5383918
              2       5.0169427      0.55300449      0.74364272        3.400864         3.400864       3.2321575       3.2321575
              1       4.9797106       1.3035313        1.141723        3.400864         3.400864       3.1576932       3.1576932
              1       5.5482464       1.4996777       1.2246133        3.400864         3.400864       4.2947649       4.2947649
              1       5.0904992       1.3491291       1.1615202        3.400864         3.400864       3.3792704       3.3792704
              2       5.1925954      0.48538071      0.69669269        3.400864         3.400864       3.5834628       3.5834628
              1       5.3502328        1.440104       1.2000433        3.400864         3.400864       3.8987376       3.8987376
              1       4.9010814       1.2673818       1.1257805        3.400864         3.400864       3.0004348       3.0004348
              1        4.567528      0.98675716      0.99335651        3.400864         3.400864        2.333328        2.333328
              3        4.643362       1.1002561       1.0489309        3.400864         3.400864       2.4849959       2.4849959
              2       4.6184355       0.7987569      0.89373201        3.400864         3.400864       2.4351431       2.4351431
              5       4.9224664       0.5948727      0.77127991        3.400864         3.400864       3.0432047       3.0432047
              2        5.037625       0.5444354      0.73785866        3.400864         3.400864        3.273522        3.273522
              2       5.4461603      0.40266968      0.63456259        3.400864         3.400864       4.0905926       4.0905926
              2       5.3914972      0.41938002      0.64759557        3.400864         3.400864       3.9812664       3.9812664
              1       5.5571175      0.37026551      0.60849446        3.400864         3.400864        4.312507        4.312507
              2       4.9278375       1.2801096       1.1314193        3.400864         3.400864        3.053947        3.053947
              6       4.7056182      0.71968076         0.84834        3.400864         3.400864       2.6095084       2.6095084
              3       5.1802068      0.48981426      0.69986732        3.400864         3.400864       3.5586856       3.5586856
              2       5.4330116      0.40664102      0.63768411        3.400864         3.400864       4.0642953       4.0642953
              1       4.8918591      0.60958551      0.78075957        3.400864         3.400864       2.9819903       2.9819903
              1       5.1071803      0.51689994      0.71895754        3.400864         3.400864       3.4126326       3.4126326
              1       4.6201705      0.79674536      0.89260594        3.400864         3.400864       2.4386131       2.4386131
              2       4.6456054       1.1024376       1.0499703        3.400864         3.400864       2.4894828       2.4894828
              3       4.5860101       0.8441051      0.91875193        3.400864         3.400864       2.3702922       2.3702922
              3       4.8521114      0.62974447      0.79356441        3.400864         3.400864       2.9024948       2.9024948
              1       4.5864487       1.0291215       1.0144563        3.400864         3.400864       2.3711694       2.3711694
              2       4.8375925       1.2350183       1.1113138        3.400864         3.400864        2.873457        2.873457
              4       4.7022136      0.72221983      0.84983518        3.400864         3.400864       2.6026993       2.6026993
              3       4.8340379       1.2331021       1.1104513        3.400864         3.400864       2.8663478       2.8663478
              2       4.5675096      0.88576684      0.94115187        3.400864         3.400864       2.3332911       2.3332911
              1       5.0908766       1.3492759       1.1615833        3.400864         3.400864       3.3800252       3.3800252
              5       5.0214391         1.32134       1.1494956        3.400864         3.400864       3.2411502       3.2411502
              4        4.666454       1.1214859       1.0590023        3.400864         3.400864       2.5311799       2.5311799
              2        4.850741       1.2420021       1.1144515        3.400864         3.400864        2.899754        2.899754
              1       4.9534746      0.58058725      0.76196276        3.400864         3.400864       3.1052213       3.1052213
              3       4.6432965      0.77227332      0.87879083        3.400864         3.400864        2.484865        2.484865
              1       5.2185829       1.3962461       1.1816286        3.400864         3.400864       3.6354377       3.6354377
              4       4.6245842      0.79175437       0.8898058        3.400864         3.400864       2.4474404       2.4474404
              1        4.750309       0.6887547      0.82991246        3.400864         3.400864         2.69889         2.69889
              2       4.8482116      0.63179427      0.79485487        3.400864         3.400864       2.8946951       2.8946951
              3       4.7673708       1.1945427       1.0929514        3.400864         3.400864       2.7330136       2.7330136
              2       4.6282083      0.78778167      0.88757065        3.400864         3.400864       2.4546885       2.4546885
              1       5.2443908      0.46729826      0.68359217        3.400864         3.400864       3.6870537       3.6870537
              2       4.7224915       1.1649528       1.0793298        3.400864         3.400864       2.6432551       2.6432551
              1       5.0757155       1.3433399       1.1590254        3.400864         3.400864       3.3497031       3.3497031
              3        5.434738       1.4663475       1.2109283        3.400864         3.400864       4.0677481       4.0677481
              1        5.325897        1.432289       1.1967828        3.400864         3.400864       3.8500659       3.8500659
              4       4.9247678       1.2786734       1.1307844        3.400864         3.400864       3.0478076       3.0478076
              2        4.868628      0.62121101      0.78816941        3.400864         3.400864        2.935528        2.935528
              1       5.2787232      0.45568724       0.6750461        3.400864         3.400864       3.7557184       3.7557184
              3       5.1000446       1.3528243       1.1631098        3.400864         3.400864       3.3983612       3.3983612
              1       5.0017081       1.3130242       1.1458727        3.400864         3.400864       3.2016883       3.2016883
              2        5.707261       1.5433004       1.2422964        3.400864         3.400864        4.612794        4.612794
              1       5.6029345       1.5150514       1.2308742        3.400864         3.400864        4.404141        4.404141
              5       5.0235712      0.55023745      0.74177992        3.400864         3.400864       3.2454145       3.2454145
              4       4.8086528      0.65342517      0.80834718        3.400864         3.400864       2.8155777       2.8155777
              3       4.5692562      0.99197923      0.99598154        3.400864         3.400864       2.3367845       2.3367845
              1       6.4693166       1.7193254       1.3112305        3.400864         3.400864       6.1369052       6.1369052
              1       4.5600858      0.94899869      0.97416564        3.400864         3.400864       2.3184436       2.3184436
              2       5.0179036      0.55260213      0.74337213        3.400864         3.400864       3.2340793       3.2340793
              6       5.2014758      0.48222929      0.69442731        3.400864         3.400864       3.6012236       3.6012236
              3       4.6370049       0.7785546      0.88235741        3.400864         3.400864       2.4722818       2.4722818
              1       5.4306673       1.4651131       1.2104186        3.400864         3.400864       4.0596067       4.0596067
              3       6.4692679       1.7193154       1.3112267        3.400864         3.400864       6.1368079       6.1368079
              2       7.0851398       1.8367773       1.3552776        3.400864         3.400864       7.3685517       7.3685517
              3       4.7502748       1.1836885       1.0879745        3.400864         3.400864       2.6988216       2.6988216
              3       4.5599662      0.94739358      0.97334145        3.400864         3.400864       2.3182044       2.3182044
              4       5.2881893       1.4199305       1.1916084        3.400864         3.400864       3.7746506       3.7746506
              1       4.5604207      0.91978527      0.95905436        3.400864         3.400864       2.3191135       2.3191135
              4        4.599763        1.049827       1.0246107        3.400864         3.400864       2.3977981       2.3977981
              2       5.0002724      0.56005338      0.74836714        3.400864         3.400864       3.1988169       3.1988169
              1       4.6116232      0.80695747      0.89830811        3.400864         3.400864       2.4215183       2.4215183
              6       4.7926197       1.2097865       1.0999029        3.400864         3.400864       2.7835113       2.7835113
              1       4.5814641       1.0200643       1.0099823        3.400864         3.400864       2.3612003       2.3612003
              3       4.5860854      0.84397401      0.91868058        3.400864         3.400864       2.3704427       2.3704427
              1        4.865505       1.2496586       1.1178813        3.400864         3.400864        2.929282        2.929282
              4       4.9894874       1.3077804       1.1435822        3.400864         3.400864       3.1772467       3.1772467
              2       6.2983272       1.6834461       1.2974768        3.400864         3.400864       5.7949265       5.7949265
              1       5.9690784       1.6089906       1.2684599        3.400864         3.400864       5.1364287       5.1364287
              1       4.5636693      0.97247723       0.9861426        3.400864         3.400864       2.3256107       2.3256107
              3       5.3478918      0.43310785       0.6581093        3.400864         3.400864       3.8940557       3.8940557
              4       4.8096448      0.65286255      0.80799911        3.400864         3.400864       2.8175617       2.8175617
              1       5.0410898       1.3294472       1.1530166        3.400864         3.400864       3.2804517       3.2804517
              3       4.6043962       0.8162683      0.90347568        3.400864         3.400864       2.4070645       2.4070645
              2       4.5609963      0.91489423      0.95650103        3.400864         3.400864       2.3202646       2.3202646
              4       4.6078078       1.0606792       1.0298928        3.400864         3.400864       2.4138877       2.4138877
              1       5.0038295      0.55853826      0.74735417        3.400864         3.400864       3.2059311       3.2059311
              3       4.7455061       1.1805748       1.0865426        3.400864         3.400864       2.6892842       2.6892842
              1       6.6293836        1.751483       1.3234361        3.400864         3.400864       6.4570393       6.4570393
              2       4.6067896       1.0593585       1.0292514        3.400864         3.400864       2.4118512       2.4118512
              3       4.5639496      0.97369841      0.98676158        3.400864         3.400864       2.3261713       2.3261713
              3       6.6168468      0.12345505       0.3513617        3.400864         3.400864       6.4319657       6.4319657
              1       5.0753736       0.5292603      0.72750279        3.400864         3.400864       3.3490191       3.3490191
              3       4.8214854        1.226234       1.1073545        3.400864         3.400864       2.8412429       2.8412429
              1       4.5805761       1.0183459       1.0091312        3.400864         3.400864       2.3594241       2.3594241
              2        5.305624      0.44678195       0.6684175        3.400864         3.400864       3.8095201       3.8095201
              1       4.7209004      0.70863216      0.84180292        3.400864         3.400864       2.6400729       2.6400729
              1       4.6836708      0.73661497      0.85826276        3.400864         3.400864       2.5656136       2.5656136
              2       4.6052149       1.0572877        1.028245        3.400864         3.400864       2.4087018       2.4087018
              1       4.8031803      0.65654929      0.81027729        3.400864         3.400864       2.8046326       2.8046326
              1       6.0571254      0.24278054      0.49272765        3.400864         3.400864       5.3125227       5.3125227
              1       5.2520263      0.46469127      0.68168267        3.400864         3.400864       3.7023246       3.7023246
              1       5.6152934      0.35399592      0.59497556        3.400864         3.400864       4.4288589       4.4288589
              1       6.2999509      0.18867042      0.43436208        3.400864         3.400864       5.7981738       5.7981738
              3       5.1950145       1.3879453       1.1781109        3.400864         3.400864       3.5883011       3.5883011
              3       7.0743858       1.8348579       1.3545693        3.400864         3.400864       7.3470435       7.3470435
              3       4.8375567       1.2349991       1.1113051        3.400864         3.400864       2.8733854       2.8733854
              2       4.5626913      0.96784936      0.98379335        3.400864         3.400864       2.3236546       2.3236546
              6       4.9348044      0.58911817      0.76754034        3.400864         3.400864       3.0678808       3.0678808
              1       6.8413417       1.7922086        1.338734        3.400864         3.400864       6.8809555       6.8809555
              1       6.0911243       1.6375124       1.2796532        3.400864         3.400864       5.3805206       5.3805206
              2       5.4257182      0.40885679       0.6394191        3.400864         3.400864       4.0497084       4.0497084
              1        4.754968      0.68575034      0.82810044        3.400864         3.400864        2.708208        2.708208
              2       5.3033958      0.44751341      0.66896443        3.400864         3.400864       3.8050637       3.8050637
              2       4.5599432       0.9254072      0.96198087        3.400864         3.400864       2.3181585       2.3181585
              2       4.5637838       0.8994843      0.94841146        3.400864         3.400864       2.3258397       2.3258397
              2       4.5646285      0.97650279      0.98818156        3.400864         3.400864       2.3275291       2.3275291
              2       4.5705691      0.99564006      0.99781765        3.400864         3.400864       2.3394101       2.3394101
              3       4.5979086        1.047175       1.0233157        3.400864         3.400864       2.3940892       2.3940892
              2       4.7269942       1.1680921       1.0807831        3.400864         3.400864       2.6522605       2.6522605
              3       4.5761228       1.0091203       1.0045498        3.400864         3.400864       2.3505177       2.3505177
              2       4.5751942      0.86542017      0.93027962        3.400864         3.400864       2.3486604       2.3486604
              3       5.4784955       1.4794385       1.2163217        3.400864         3.400864        4.155263        4.155263
              1       5.6536946       1.5289642       1.2365129        3.400864         3.400864       4.5056613       4.5056613
              1       5.1024078      0.51873123      0.72022998        3.400864         3.400864       3.4030877       3.4030877
              2       4.9526353      0.58096637       0.7622115        3.400864         3.400864       3.1035426       3.1035426
              1       5.3928034       1.4534909       1.2056081        3.400864         3.400864       3.9838787       3.9838787
