#        weight    minuslogpost              A2               A   minuslogprior minuslogprior__0            chi2   chi2__loglike
              2       11.229447       2.1604162       1.4698354       4.6050702        4.6050702       13.248754       13.248754
              1       11.197108       2.1994947       1.4830693       4.6050702        4.6050702       13.184076       13.184076
              1       11.769234       1.5987863       1.2644312       4.6050702        4.6050702       14.328327       14.328327
              2       11.552789        1.806968       1.3442351       4.6050702        4.6050702       13.895437       13.895437
              1       12.287732       1.1606419       1.0773309       4.6050702        4.6050702       15.365324       15.365324
              1       12.885112      0.72689388      0.85258071       4.6050702        4.6050702       16.560084       16.560084
              1       13.451898      0.36234147      0.60194806       4.6050702        4.6050702       17.693655       17.693655
              1       13.471977      0.35008733      0.59168178       4.6050702        4.6050702       17.733813       17.733813
              3       12.036025       1.3643681       1.1680617       4.6050702        4.6050702        14.86191        14.86191
              1       11.995417       1.3987061       1.1826691       4.6050702        4.6050702       14.780694       14.780694
              2       12.602392      0.92463828      0.96158113       4.6050702        4.6050702       15.994644       15.994644
              1       12.114447        1.299271       1.1398557       4.6050702        4.6050702       15.018754       15.018754
              2       11.807275       1.5640047       1.2506017       4.6050702        4.6050702       14.404409       14.404409
              1       11.476109       1.8855389       1.3731493       4.6050702        4.6050702       13.742077       13.742077
              1       11.338113       2.0346741         1.42642       4.6050702        4.6050702       13.466085       13.466085
              1        10.68027       3.0082741       1.7344377       4.6050702        4.6050702         12.1504         12.1504
              1       10.512073       3.4842319       1.8666097       4.6050702        4.6050702       11.814005       11.814005
              2       10.912595       2.5879097       1.6086981       4.6050702        4.6050702       12.615049       12.615049
              1       10.711353       2.9426703       1.7154213       4.6050702        4.6050702       12.212566       12.212566
              2       10.849577       2.6889534       1.6398028       4.6050702        4.6050702       12.489013       12.489013
              1       10.777021       2.8155659       1.6779648       4.6050702        4.6050702       12.343901       12.343901
              2       12.234881       1.2022058       1.0964515       4.6050702        4.6050702       15.259621       15.259621
              1       11.925845       1.4585978       1.2077242       4.6050702        4.6050702        14.64155        14.64155
              1       12.007437       1.3884956       1.1783444       4.6050702        4.6050702       14.804734       14.804734
              1       11.532085       1.8279079       1.3520014       4.6050702        4.6050702       13.854029       13.854029
              1       10.607412       3.1814551       1.7836634       4.6050702        4.6050702       12.004683       12.004683
              1       10.590932       3.2257121       1.7960268       4.6050702        4.6050702       11.971724       11.971724
              1        11.21425       2.1786785       1.4760347       4.6050702        4.6050702       13.218359       13.218359
              1       11.221082        2.170447       1.4732437       4.6050702        4.6050702       13.232023       13.232023
              4       11.356456       2.0142177       1.4192314       4.6050702        4.6050702       13.502771       13.502771
              1       11.012217       2.4411407        1.562415       4.6050702        4.6050702       12.814294       12.814294
              1       11.515495       1.8448299       1.3582451       4.6050702        4.6050702        13.82085        13.82085
              1       11.180007       2.2204987       1.4901338       4.6050702        4.6050702       13.149873       13.149873
              1       11.103499       2.3175985       1.5223661       4.6050702        4.6050702       12.996858       12.996858
              1       10.538782       3.3851578       1.8398798       4.6050702        4.6050702       11.867424       11.867424
              1       10.450171       4.2185242       2.0539046       4.6050702        4.6050702       11.690201       11.690201
              1       10.709786       5.1360309       2.2662813       4.6050702        4.6050702       12.209432       12.209432
              1        10.50298       3.5222597       1.8767684       4.6050702        4.6050702       11.795819       11.795819
              1       10.453064       3.8299081       1.9570151       4.6050702        4.6050702       11.695987       11.695987
              1       10.453468       3.8256381       1.9559239       4.6050702        4.6050702       11.696796       11.696796
              2       10.458711       3.7764958       1.9433208       4.6050702        4.6050702       11.707281       11.707281
              1       10.493043       3.5672978       1.8887292       4.6050702        4.6050702       11.775945       11.775945
              2       10.656691       5.0209485       2.2407473       4.6050702        4.6050702       12.103241       12.103241
              1       10.450647        4.224454       2.0553477       4.6050702        4.6050702       11.691153       11.691153
              1       10.536514       3.3929822       1.8420049       4.6050702        4.6050702       11.862888       11.862888
              1       10.778732       2.8124288       1.6770297       4.6050702        4.6050702       12.347324       12.347324
              2       10.939346       2.5470818        1.595958       4.6050702        4.6050702       12.668551       12.668551
              2       10.459151       4.3091387       2.0758465       4.6050702        4.6050702       11.708162       11.708162
              1       10.816668        5.337067       2.3102093       4.6050702        4.6050702       12.423195       12.423195
              1       10.668315       5.0472688       2.2466127       4.6050702        4.6050702       12.126489       12.126489
              1       12.632768       7.1791195       2.6793879       4.6050702        4.6050702       16.055395       16.055395
              1        12.20695       6.8574953        2.618682       4.6050702        4.6050702       15.203759       15.203759
              2       10.497494       3.5466162       1.8832462       4.6050702        4.6050702       11.784847       11.784847
              2        10.44321       4.0259468       2.0064762       4.6050702        4.6050702        11.67628        11.67628
              2       10.511483        4.595294       2.1436637       4.6050702        4.6050702       11.812825       11.812825
              2        10.57042        3.284406        1.812293       4.6050702        4.6050702         11.9307         11.9307
              1       10.780317       2.8095314       1.6761657       4.6050702        4.6050702       12.350494       12.350494
              1       11.964958       1.4247583       1.1936324       4.6050702        4.6050702       14.719776       14.719776
              2       11.024175       2.4244199       1.5570549       4.6050702        4.6050702       12.838209       12.838209
              1       10.746969       5.2098978         2.28252       4.6050702        4.6050702       12.283798       12.283798
              1       10.453805       4.2597671       2.0639203       4.6050702        4.6050702        11.69747        11.69747
              1       10.491503       4.5072502       2.1230286       4.6050702        4.6050702       11.772866       11.772866
              1       10.514077       4.6057198       2.1460941       4.6050702        4.6050702       11.818013       11.818013
              1       10.547516        3.355862       1.8319012       4.6050702        4.6050702       11.884892       11.884892
              1       10.945923       2.5372143       1.5928636       4.6050702        4.6050702       12.681705       12.681705
              2       10.708721       2.9480732       1.7169954       4.6050702        4.6050702       12.207301       12.207301
              2       10.492375       3.5704804       1.8895715       4.6050702        4.6050702       11.774609       11.774609
              1       10.508501       4.5830631        2.140809       4.6050702        4.6050702       11.806862       11.806862
              2       10.690268       2.9867267       1.7282149       4.6050702        4.6050702       12.170396       12.170396
              2       10.690903        5.096541        2.257552       4.6050702        4.6050702       12.171665       12.171665
              1       11.412863       6.1293467       2.4757517       4.6050702        4.6050702       13.615585       13.615585
              1       11.227542       5.9192184       2.4329444       4.6050702        4.6050702       13.244943       13.244943
              2       10.489643       3.5837223       1.8930722       4.6050702        4.6050702       11.769146       11.769146
              1       10.856916       5.4051137         2.32489       4.6050702        4.6050702       12.503691       12.503691
              2       10.736854       5.1902729        2.278217       4.6050702        4.6050702       12.263567       12.263567
              1       12.909721       7.3716773       2.7150833       4.6050702        4.6050702       16.609301       16.609301
              4       11.814535       6.5244929       2.5543087       4.6050702        4.6050702        14.41893        14.41893
              1        10.97634       5.5895213       2.3642169       4.6050702        4.6050702        12.74254        12.74254
              1       10.875455         5.43534       2.3313816       4.6050702        4.6050702       12.540769       12.540769
              1       10.582546       4.8327316       2.1983475       4.6050702        4.6050702       11.954952       11.954952
              2       10.907996       5.4868692       2.3424067       4.6050702        4.6050702       12.605851       12.605851
              3       11.145756       5.8186018       2.4121778       4.6050702        4.6050702       13.081371       13.081371
              1       10.527701       4.6575891       2.1581448       4.6050702        4.6050702       11.845262       11.845262
              4       10.443504       4.0802529       2.0199636       4.6050702        4.6050702       11.676867       11.676867
              2       10.733304       5.1833068       2.2766877       4.6050702        4.6050702       12.256468       12.256468
              1       10.443445       4.0767286        2.019091       4.6050702        4.6050702       11.676749       11.676749
              3       10.541196       3.3769331       1.8376434       4.6050702        4.6050702       11.872251       11.872251
              2       10.677433       5.0674425       2.2510981       4.6050702        4.6050702       12.144725       12.144725
              1       10.773783       5.2603925       2.2935545       4.6050702        4.6050702       12.337426       12.337426
              5       10.603362       3.1921174       1.7866498       4.6050702        4.6050702       11.996583       11.996583
              1       10.596251       3.2111698       1.7919737       4.6050702        4.6050702       11.982362       11.982362
              1       10.529207       3.4188579       1.8490154       4.6050702        4.6050702       11.848274       11.848274
              3       10.849249       2.6894992       1.6399693       4.6050702        4.6050702       12.488357       12.488357
              2       10.542396       3.3728819       1.8365408       4.6050702        4.6050702       11.874651       11.874651
              1       10.444155       3.9740627       1.9935051       4.6050702        4.6050702        11.67817        11.67817
              1       10.803219       2.7683959       1.6638497       4.6050702        4.6050702       12.396297       12.396297
              2       10.518523       4.6231534       2.1501519       4.6050702        4.6050702       11.826905       11.826905
              3       11.416967       6.1337615       2.4766432       4.6050702        4.6050702       13.623793       13.623793
              3       10.613492       4.9162223       2.2172556       4.6050702        4.6050702       12.016843       12.016843
              2        13.66078       7.8451245       2.8009149       4.6050702        4.6050702       18.111419       18.111419
              2       11.464707       6.1844466       2.4868548       4.6050702        4.6050702       13.719273       13.719273
              5       10.565463        4.782628        2.186922       4.6050702        4.6050702       11.920786       11.920786
              6       10.454905       3.8111235       1.9522099       4.6050702        4.6050702        11.69967        11.69967
              1        11.22248       2.1687661       1.4726731       4.6050702        4.6050702        13.23482        13.23482
              1       10.582867       4.8336439       2.1985549       4.6050702        4.6050702       11.955594       11.955594
              1       10.628187       4.9531986       2.2255783       4.6050702        4.6050702       12.046234       12.046234
              2       11.077026       5.7294173       2.3936201       4.6050702        4.6050702       12.943911       12.943911
              2       10.474684        4.417499       2.1017847       4.6050702        4.6050702       11.739228       11.739228
              1       11.159923       5.8364344       2.4158714       4.6050702        4.6050702       13.109705       13.109705
              1        11.05088        5.694228       2.3862582       4.6050702        4.6050702        12.89162        12.89162
              5       10.443161       4.0395484       2.0098628       4.6050702        4.6050702       11.676181       11.676181
              3       10.507367       4.5783371       2.1397049       4.6050702        4.6050702       11.804593       11.804593
              5       10.456034       3.8003345       1.9494447       4.6050702        4.6050702       11.701927       11.701927
              1       10.444401       4.1156667       2.0287106       4.6050702        4.6050702       11.678662       11.678662
              3       11.092798       5.7502953       2.3979773       4.6050702        4.6050702       12.975456       12.975456
              3       10.448568       3.8849951       1.9710391       4.6050702        4.6050702       11.686997       11.686997
              3       10.639752       4.9812747       2.2318769       4.6050702        4.6050702       12.069363       12.069363
              3        10.90429       5.4810941       2.3411737       4.6050702        4.6050702       12.598439       12.598439
              1       10.452406       3.8370327       1.9588345       4.6050702        4.6050702       11.694672       11.694672
              1       10.503167       3.5214496       1.8765526       4.6050702        4.6050702       11.796193       11.796193
              1       10.995416       5.6169799       2.3700168       4.6050702        4.6050702       12.780692       12.780692
              2       10.624994       4.9452929       2.2238014       4.6050702        4.6050702       12.039848       12.039848
              1       10.703997       5.1240771       2.2636424       4.6050702        4.6050702       12.197853       12.197853
              2       12.228208       6.8744183       2.6219112       4.6050702        4.6050702       15.246277       15.246277
              4       11.917134       6.6157195       2.5721041       4.6050702        4.6050702       14.624128       14.624128
              1       11.309886       2.0665668       1.4375558       4.6050702        4.6050702       13.409631       13.409631
              4       11.095915       2.3275239       1.5256225       4.6050702        4.6050702       12.981689       12.981689
              2       10.783907        2.802993       1.6742141       4.6050702        4.6050702       12.357674       12.357674
              3       10.520482         3.45124       1.8577513       4.6050702        4.6050702       11.830824       11.830824
              6       12.630833       0.9041814      0.95088454       4.6050702        4.6050702       16.051526       16.051526
              2       10.482138       4.4596572       2.1117901       4.6050702        4.6050702       11.754136       11.754136
              1       11.309457       6.0148591        2.452521       4.6050702        4.6050702       13.408773       13.408773
              1       10.655884       5.0190957       2.2403338       4.6050702        4.6050702       12.101628       12.101628
              1       11.494289       1.8666536       1.3662553       4.6050702        4.6050702       13.778437       13.778437
              3        12.58611      0.93640997      0.96768279       4.6050702        4.6050702        15.96208        15.96208
              1       11.603568       1.7564233       1.3253012       4.6050702        4.6050702       13.996996       13.996996
             12       10.557386        3.324196       1.8232378       4.6050702        4.6050702       11.904632       11.904632
              1       10.445239       4.1376525       2.0341221       4.6050702        4.6050702       11.680338       11.680338
              1       10.448102       4.1900409       2.0469589       4.6050702        4.6050702       11.686064       11.686064
              1       12.727184      0.83584997      0.91424831       4.6050702        4.6050702       16.244228       16.244228
              2       11.512385       1.8480173        1.359418       4.6050702        4.6050702       13.814629       13.814629
              1       10.986482        2.477734        1.574082       4.6050702        4.6050702       12.762825       12.762825
              1       11.555008       1.8047353       1.3434044       4.6050702        4.6050702       13.899875       13.899875
              1       10.544281       3.3665662       1.8348205       4.6050702        4.6050702       11.878421       11.878421
              1       10.712173       2.9409928       1.7149323       4.6050702        4.6050702       12.214205       12.214205
              1       10.457322       4.2933311       2.0720355       4.6050702        4.6050702       11.704503       11.704503
              1       10.462383       4.3349949       2.0820651       4.6050702        4.6050702       11.714626       11.714626
              2       10.512877        3.480992       1.8657417       4.6050702        4.6050702       11.815614       11.815614
              1       10.447753       3.8972279       1.9741398       4.6050702        4.6050702       11.685366       11.685366
              1       10.793203       2.7862199       1.6691974       4.6050702        4.6050702       12.376266       12.376266
              3       10.769298       2.8298214       1.6822073       4.6050702        4.6050702       12.328456       12.328456
              2       10.469866       4.3875299       2.0946431       4.6050702        4.6050702       11.729592       11.729592
              1       10.744121       5.2044059       2.2813167       4.6050702        4.6050702       12.278102       12.278102
              2       10.450591       4.2237703       2.0551813       4.6050702        4.6050702       11.691042       11.691042
              3       11.140988       2.2693549       1.5064378       4.6050702        4.6050702       13.071835       13.071835
              2       10.919752       2.5768748       1.6052647       4.6050702        4.6050702       12.629364       12.629364
              1       10.501108       3.5304395       1.8789464       4.6050702        4.6050702       11.792076       11.792076
              6       10.444759       3.9561526       1.9890079       4.6050702        4.6050702       11.679378       11.679378
              1       11.297819       6.0015552       2.4498072       4.6050702        4.6050702       13.385497       13.385497
              2       10.833747       5.3663691       2.3165425       4.6050702        4.6050702       12.457353       12.457353
              1       10.668715       3.0337524        1.741767       4.6050702        4.6050702       12.127289       12.127289
              5       10.956188       2.5219407       1.5880619       4.6050702        4.6050702       12.702235       12.702235
              1       10.446723       3.9143694       1.9784765       4.6050702        4.6050702       11.683306       11.683306
              3       10.475159       4.4203207       2.1024559       4.6050702        4.6050702       11.740177       11.740177
              1       10.559535       3.3174869        1.821397       4.6050702        4.6050702       11.908929       11.908929
              3       10.549074       3.3507685       1.8305105       4.6050702        4.6050702       11.888007       11.888007
              5       10.830636        5.361081       2.3154008       4.6050702        4.6050702       12.451132       12.451132
              1       10.720087       5.1569851       2.2708996       4.6050702        4.6050702       12.230034       12.230034
              6       10.672507       5.0565933        2.248687       4.6050702        4.6050702       12.134873       12.134873
              2       10.498667       3.5413097       1.8818368       4.6050702        4.6050702       11.787193       11.787193
              2       11.088842       5.7450821       2.3968901       4.6050702        4.6050702       12.967543       12.967543
              1       10.520721       4.6315835       2.1521114       4.6050702        4.6050702       11.831301       11.831301
              2        10.86968        5.425996       2.3293767       4.6050702        4.6050702        12.52922        12.52922
              1       10.496505       4.5307775       2.1285623       4.6050702        4.6050702       11.782869       11.782869
              1       10.458972       3.7742782       1.9427502       4.6050702        4.6050702       11.707805       11.707805
              1       10.445329       4.1397168       2.0346294       4.6050702        4.6050702       11.680517       11.680517
              2       10.462955       3.7425812       1.9345752       4.6050702        4.6050702       11.715769       11.715769
              1       11.026318        5.660474       2.3791751       4.6050702        4.6050702       12.842496       12.842496
              1       10.539637       4.6996815       2.1678749       4.6050702        4.6050702       11.869134       11.869134
              2       10.700648       5.1171014       2.2621011       4.6050702        4.6050702       12.191155       12.191155
              5       10.479931       3.6342845       1.9063799       4.6050702        4.6050702       11.749722       11.749722
              1       10.491306       3.5756156       1.8909298       4.6050702        4.6050702       11.772472       11.772472
              1       11.361413       2.0087247       1.4172949       4.6050702        4.6050702       13.512686       13.512686
              1       11.601911       6.3238592       2.5147285       4.6050702        4.6050702       13.993681       13.993681
              3       12.610891       7.1634031       2.6764534       4.6050702        4.6050702       16.011641       16.011641
              2       10.477605       3.6473594       1.9098061       4.6050702        4.6050702       11.745069       11.745069
              2       10.491779       4.5085762       2.1233408       4.6050702        4.6050702       11.773417       11.773417
              1       11.424015       6.1413217        2.478169       4.6050702        4.6050702        13.63789        13.63789
              1       11.988967       6.6777125        2.584127       4.6050702        4.6050702       14.767793       14.767793
              1       10.449105       4.2044696       2.0504803       4.6050702        4.6050702       11.688069       11.688069
              5       10.782055       2.8063619         1.67522       4.6050702        4.6050702        12.35397        12.35397
              1       11.932195       1.4530742       1.2054353       4.6050702        4.6050702       14.654249       14.654249
              4       10.637961       4.9769828       2.2309152       4.6050702        4.6050702       12.065782       12.065782
              2       10.550125       4.7345618       2.1759048       4.6050702        4.6050702       11.890109       11.890109
              1       10.633717       4.9667299       2.2286161       4.6050702        4.6050702       12.057293       12.057293
              3       10.658229       5.0244722       2.2415334       4.6050702        4.6050702       12.106318       12.106318
              1       10.445054       3.9486594       1.9871234       4.6050702        4.6050702       11.679968       11.679968
              1       10.462609       4.3367127       2.0824775       4.6050702        4.6050702       11.715077       11.715077
              1       10.700459       2.9652085       1.7219781       4.6050702        4.6050702       12.190777       12.190777
              3       10.444173       3.9734662       1.9933555       4.6050702        4.6050702       11.678206       11.678206
              3       11.477272       6.1975892       2.4894958       4.6050702        4.6050702       13.744404       13.744404
              1       12.677942      0.87058826      0.93305319       4.6050702        4.6050702       16.145743       16.145743
              2       11.500987       6.2221775       2.4944293       4.6050702        4.6050702       13.791834       13.791834
              1       11.159822       2.2456062       1.4985347       4.6050702        4.6050702       13.109504       13.109504
              3       11.900468       1.4807923       1.2168781       4.6050702        4.6050702       14.590796       14.590796
              2       11.271322       2.1109901       1.4529247       4.6050702        4.6050702       13.332504       13.332504
              1       12.160134       1.2620495       1.1234098       4.6050702        4.6050702       15.110128       15.110128
              2       10.443529       4.0002578       2.0000644       4.6050702        4.6050702       11.676917       11.676917
              4       10.443719       3.9908337       1.9977071       4.6050702        4.6050702       11.677297       11.677297
              1        12.35909       1.1054574       1.0514073       4.6050702        4.6050702        15.50804        15.50804
              4       10.500376       3.5336743        1.879807       4.6050702        4.6050702       11.790612       11.790612
              1        10.50246       3.5245198       1.8773704       4.6050702        4.6050702       11.794779       11.794779
              1       10.766093       5.2461276       2.2904427       4.6050702        4.6050702       12.322046       12.322046
              1       10.519513        4.626966       2.1510384       4.6050702        4.6050702       11.828885       11.828885
              2       11.044548       2.3963227        1.548006       4.6050702        4.6050702       12.878955       12.878955
              2       11.321294       2.0536149       1.4330439       4.6050702        4.6050702       13.432448       13.432448
              3       10.488006        3.591847       1.8952169       4.6050702        4.6050702       11.765872       11.765872
              1          11.562       1.7977145       1.3407888       4.6050702        4.6050702        13.91386        13.91386
              4       10.643917       4.9911854       2.2340961       4.6050702        4.6050702       12.077695       12.077695
              3         11.0904       2.3347769       1.5279977       4.6050702        4.6050702        12.97066        12.97066
              1       11.365951       2.0037097       1.4155245       4.6050702        4.6050702       13.521761       13.521761
              1       10.802495       2.7696756       1.6642343       4.6050702        4.6050702       12.394849       12.394849
              1       13.712296      0.20645716      0.45437557       4.6050702        4.6050702       18.214452       18.214452
              1       11.696383       1.6668173       1.2910528       4.6050702        4.6050702       14.182625       14.182625
              1       10.569193       3.2880628       1.8133016       4.6050702        4.6050702       11.928246       11.928246
              2       10.816616       2.7449373       1.6567852       4.6050702        4.6050702       12.423091       12.423091
              1       13.140993       7.5243285       2.7430509       4.6050702        4.6050702       17.071845       17.071845
              2       11.277263       5.9778337       2.4449609       4.6050702        4.6050702       13.344385       13.344385
              2       11.057294       2.3789851       1.5423959       4.6050702        4.6050702       12.904448       12.904448
              3       10.445387       3.9408756       1.9851639       4.6050702        4.6050702       11.680634       11.680634
              5       10.540633       3.3788406       1.8381623       4.6050702        4.6050702       11.871126       11.871126
              2       10.444932       4.1302245       2.0322954       4.6050702        4.6050702       11.679724       11.679724
              4       11.637076       6.3582402       2.5215551       4.6050702        4.6050702       14.064011       14.064011
              1       11.213431       2.1796676       1.4763697       4.6050702        4.6050702       13.216722       13.216722
              1       10.695407       5.1060923       2.2596664       4.6050702        4.6050702       12.180673       12.180673
              1       10.447178       4.1753839       2.0433756       4.6050702        4.6050702       11.684216       11.684216
              4       10.856094       5.4037583       2.3245985       4.6050702        4.6050702       12.502048       12.502048
              5       10.484081       3.6119496        1.900513       4.6050702        4.6050702       11.758022       11.758022
              1       10.917692       5.5018721        2.345607       4.6050702        4.6050702       12.625244       12.625244
              1       11.248488       5.9441319        2.438059       4.6050702        4.6050702       13.286836       13.286836
              2       10.577443       4.8181021       2.1950176       4.6050702        4.6050702       11.944745       11.944745
              1       12.151966       6.8132468       2.6102197       4.6050702        4.6050702       15.093791       15.093791
              1       12.398783       1.0752055       1.0369212       4.6050702        4.6050702       15.587425       15.587425
              1       11.672205       1.6898303       1.2999347       4.6050702        4.6050702       14.134269       14.134269
              1       11.192067       2.2056615        1.485147       4.6050702        4.6050702       13.173993       13.173993
              1       10.961205       5.5673845       2.3595306       4.6050702        4.6050702       12.712271       12.712271
              1       11.216562       5.9060262       2.4302317       4.6050702        4.6050702       13.222984       13.222984
              4       10.536414       4.6885864       2.1653144       4.6050702        4.6050702       11.862688       11.862688
              3       10.533912       3.4020763       1.8444718       4.6050702        4.6050702       11.857684       11.857684
              1       10.455617       4.2776546       2.0682492       4.6050702        4.6050702       11.701093       11.701093
              4        11.20902       5.8969102       2.4283554       4.6050702        4.6050702         13.2079         13.2079
              2       11.149993       5.8239539        2.413287       4.6050702        4.6050702       13.089845       13.089845
              4       10.457623       3.7859151       1.9457428       4.6050702        4.6050702       11.705105       11.705105
              1       10.670044       5.0511262       2.2474711       4.6050702        4.6050702       12.129948       12.129948
              2       10.895439       5.4672065       2.3382058       4.6050702        4.6050702       12.580738       12.580738
              2       10.580593       3.2547485       1.8040922       4.6050702        4.6050702       11.951046       11.951046
              2       12.394335       1.0785804       1.0385473       4.6050702        4.6050702       15.578529       15.578529
              3       10.443616       3.9956895       1.9989221       4.6050702        4.6050702       11.677091       11.677091
              2       10.577486       3.2636869       1.8065677       4.6050702        4.6050702       11.944832       11.944832
              2        10.50312         4.56026       2.1354765       4.6050702        4.6050702       11.796099       11.796099
              1       10.931906        5.523591       2.3502321       4.6050702        4.6050702       12.653672       12.653672
              1       10.999187       2.4595636       1.5682996       4.6050702        4.6050702       12.788233       12.788233
              4       10.443455       4.0045776       2.0011441       4.6050702        4.6050702       11.676769       11.676769
              1       11.306045       2.0709468       1.4390784       4.6050702        4.6050702       13.401949       13.401949
              2       10.755922       5.2269962       2.2862625       4.6050702        4.6050702       12.301703       12.301703
              1       10.772294       5.2576435       2.2929552       4.6050702        4.6050702       12.334448       12.334448
              1       10.512126       3.4840158       1.8665519       4.6050702        4.6050702       11.814112       11.814112
              2       10.601205       4.8840624       2.2099915       4.6050702        4.6050702       11.992269       11.992269
              3       11.890624       6.5924602       2.5675787       4.6050702        4.6050702       14.571107       14.571107
              1       11.495464       1.8654382       1.3658105       4.6050702        4.6050702       13.780788       13.780788
              1       11.579036       6.3012136       2.5102218       4.6050702        4.6050702       13.947932       13.947932
              2       10.446159       4.1571007       2.0388969       4.6050702        4.6050702       11.682179       11.682179
              3       11.278074       5.9787755       2.4451535       4.6050702        4.6050702       13.346007       13.346007
              2       10.783298       5.2778155       2.2973497       4.6050702        4.6050702       12.356456       12.356456
              1        10.55336       3.3369401       1.8267293       4.6050702        4.6050702        11.89658        11.89658
              3       10.446357       3.9210416        1.980162       4.6050702        4.6050702       11.682575       11.682575
              2       10.447384       4.1787793       2.0442063       4.6050702        4.6050702       11.684627       11.684627
              2         10.4432       4.0543758       2.0135481       4.6050702        4.6050702        11.67626        11.67626
              1       10.536095       3.3944391       1.8424004       4.6050702        4.6050702       11.862049       11.862049
              1       12.081446        1.326474       1.1517266       4.6050702        4.6050702       14.952753       14.952753
              1       11.664954       1.6967758       1.3026035       4.6050702        4.6050702       14.119768       14.119768
              2       11.161078       5.8378813       2.4161708       4.6050702        4.6050702       13.112016       13.112016
              2       10.467966       4.3749763       2.0916444       4.6050702        4.6050702       11.725792       11.725792
              1        10.74854       5.2129154        2.283181       4.6050702        4.6050702       12.286939       12.286939
              1       10.625497       4.9465418       2.2240822       4.6050702        4.6050702       12.040853       12.040853
              1       10.511561       3.4863024       1.8671643       4.6050702        4.6050702       11.812982       11.812982
              2       10.944134       5.5420237       2.3541503       4.6050702        4.6050702       12.678128       12.678128
              5       11.067791       2.3648421       1.5378043       4.6050702        4.6050702       12.925441       12.925441
              1       11.271368       2.1109369       1.4529064       4.6050702        4.6050702       13.332596       13.332596
              5       10.453816       4.2598782       2.0639472       4.6050702        4.6050702       11.697492       11.697492
              1       10.506116       3.5088352       1.8731885       4.6050702        4.6050702       11.802092       11.802092
              3       10.504675       3.5149613        1.874823       4.6050702        4.6050702        11.79921        11.79921
              2       11.762527       6.4769448       2.5449842       4.6050702        4.6050702       14.314914       14.314914
              1        11.76687       6.4809504       2.5457711       4.6050702        4.6050702       14.323599       14.323599
              4       10.835992        2.711741       1.6467365       4.6050702        4.6050702       12.461844       12.461844
              1       10.530716       3.4134264        1.847546       4.6050702        4.6050702       11.851292       11.851292
              4       10.508129       4.5815179       2.1404481       4.6050702        4.6050702       11.806118       11.806118
              4       10.586131       4.8428485       2.2006473       4.6050702        4.6050702       11.962121       11.962121
              1        10.91525       5.4981088       2.3448046       4.6050702        4.6050702        12.62036        12.62036
              1         11.9362       1.4495962       1.2039918       4.6050702        4.6050702       14.662259       14.662259
              3       10.446908       3.9111219       1.9776557       4.6050702        4.6050702       11.683676       11.683676
              2       10.451063       3.8524314       1.9627612       4.6050702        4.6050702       11.691985       11.691985
              2       10.455679       3.8036668       1.9502992       4.6050702        4.6050702       11.701219       11.701219
              6       10.972143       2.4984997       1.5806643       4.6050702        4.6050702       12.734147       12.734147
              2       11.060607       2.3745082       1.5409439       4.6050702        4.6050702       12.911074       12.911074
              3       10.479115       4.4430886       2.1078635       4.6050702        4.6050702       11.748089       11.748089
              1       10.454346       3.8166569       1.9536266       4.6050702        4.6050702       11.698552       11.698552
              2       10.604928       3.1879787       1.7854912       4.6050702        4.6050702       11.999715       11.999715
              1        10.53196       3.4089853       1.8463438       4.6050702        4.6050702       11.853779       11.853779
              4       12.156296       1.2651572       1.1247921       4.6050702        4.6050702       15.102452       15.102452
              6       10.524855       4.6471216       2.1557184       4.6050702        4.6050702        11.83957        11.83957
              4       10.783158       5.2775609       2.2972943       4.6050702        4.6050702       12.356176       12.356176
              1       11.012186       5.6407302       2.3750221       4.6050702        4.6050702       12.814232       12.814232
              2       11.137488       2.2738024       1.5079133       4.6050702        4.6050702       13.064836       13.064836
              1        10.45272       4.2483163       2.0611444       4.6050702        4.6050702         11.6953         11.6953
              1       11.483737       6.2043197       2.4908472       4.6050702        4.6050702       13.757333       13.757333
              1       10.731627       5.1800009       2.2759615       4.6050702        4.6050702       12.253114       12.253114
              1       12.368112       6.9833606       2.6426049       4.6050702        4.6050702       15.526084       15.526084
              1       11.020238       5.6520094       2.3773955       4.6050702        4.6050702       12.830337       12.830337
              3       10.533975       4.6800599       2.1633446       4.6050702        4.6050702        11.85781        11.85781
              2       10.600697       4.8827078        2.209685       4.6050702        4.6050702       11.991254       11.991254
              3       10.463909       3.7354713       1.9327367       4.6050702        4.6050702       11.717678       11.717678
              6       10.523073       3.4414404        1.855112       4.6050702        4.6050702       11.836006       11.836006
              1       11.269784       2.1127834       1.4535417       4.6050702        4.6050702       13.329428       13.329428
              2       11.253449       2.1319299        1.460113       4.6050702        4.6050702       13.296757       13.296757
              2       10.443342       4.0695097       2.0173026       4.6050702        4.6050702       11.676543       11.676543
              1       10.716779       2.9316152        1.712196       4.6050702        4.6050702       12.223418       12.223418
              5       10.764703       2.8383846       1.6847506       4.6050702        4.6050702       12.319265       12.319265
              3       11.223874       2.1670928       1.4721049       4.6050702        4.6050702       13.237608       13.237608
              1       11.026956       2.4205559       1.5558136       4.6050702        4.6050702       12.843771       12.843771
              4       10.512977       4.6013224       2.1450693       4.6050702        4.6050702       11.815813       11.815813
              2       10.745854       2.8741647       1.6953362       4.6050702        4.6050702       12.281567       12.281567
              3       10.724505       5.1658517        2.272851       4.6050702        4.6050702        12.23887        12.23887
              3       11.353149       2.0178906       1.4205248       4.6050702        4.6050702       13.496157       13.496157
              3       12.121078       1.2938373       1.1374697       4.6050702        4.6050702       15.032016       15.032016
              3       11.998845       1.3957903       1.1814357       4.6050702        4.6050702        14.78755        14.78755
              1       10.762567       5.2395298       2.2890019       4.6050702        4.6050702       12.314994       12.314994
              1       10.629271       4.9558663       2.2261775       4.6050702        4.6050702       12.048402       12.048402
              1       10.444298       4.1124775       2.0279244       4.6050702        4.6050702       11.678455       11.678455
             10       10.479289       3.6378504        1.907315       4.6050702        4.6050702       11.748438       11.748438
              1       10.698635       5.1128872       2.2611694       4.6050702        4.6050702        12.18713        12.18713
              1       13.174686      0.53590168      0.73205306       4.6050702        4.6050702       17.139231       17.139231
              3       12.166677         1.25676       1.1210531       4.6050702        4.6050702       15.123213       15.123213
              3       12.345156       6.9657627       2.6392731       4.6050702        4.6050702       15.480171       15.480171
              4       11.300371       2.0774345       1.4413308       4.6050702        4.6050702       13.390601       13.390601
              8       12.801687       7.2979189       2.7014661       4.6050702        4.6050702       16.393233       16.393233
              1       10.453057        4.251936       2.0620223       4.6050702        4.6050702       11.695974       11.695974
              1       10.443377       4.0097348       2.0024322       4.6050702        4.6050702       11.676614       11.676614
              1       11.057971       5.7038446       2.3882723       4.6050702        4.6050702       12.905801       12.905801
              2       10.923193       5.5103149        2.347406       4.6050702        4.6050702       12.636245       12.636245
              1       10.558204       3.3216337        1.822535       4.6050702        4.6050702       11.906268       11.906268
              1       10.525896       3.4309429       1.8522805       4.6050702        4.6050702       11.841653       11.841653
              1       11.128121       2.2857627       1.5118739       4.6050702        4.6050702       13.046103       13.046103
              5        10.47166         4.39898       2.0973746       4.6050702        4.6050702       11.733179       11.733179
              2       10.443161       4.0423973       2.0105714       4.6050702        4.6050702       11.676181       11.676181
              2       11.025798       2.4221637       1.5563302       4.6050702        4.6050702       12.841455       12.841455
              2       10.541858       3.3746944       1.8370341       4.6050702        4.6050702       11.873575       11.873575
              1       10.824527       2.7312821       1.6526591       4.6050702        4.6050702       12.438913       12.438913
              2       10.807575       2.7607205       1.6615416       4.6050702        4.6050702        12.40501        12.40501
              2       11.266948       2.1160936       1.4546799       4.6050702        4.6050702       13.323756       13.323756
              2       10.671155       5.0535955       2.2480203       4.6050702        4.6050702       12.132169       12.132169
              4       10.453339       3.8269962        1.956271       4.6050702        4.6050702       11.696537       11.696537
              8        11.19559         2.20135       1.4836947       4.6050702        4.6050702       13.181039       13.181039
              2        10.54631       3.3598321       1.8329845       4.6050702        4.6050702        11.88248        11.88248
              5       10.828867       5.3580634       2.3147491       4.6050702        4.6050702       12.447593       12.447593
              1       11.997842       6.6852709       2.5855891       4.6050702        4.6050702       14.785543       14.785543
              1       11.882214       6.5850372       2.5661327       4.6050702        4.6050702       14.554287       14.554287
              4       10.636504       4.9734765       2.2301292       4.6050702        4.6050702       12.062868       12.062868
              1       10.576674       4.8158731       2.1945098       4.6050702        4.6050702       11.943207       11.943207
              1       10.748269       5.2123958       2.2830672       4.6050702        4.6050702       12.286397       12.286397
              5       11.426595       6.1440823       2.4787259       4.6050702        4.6050702        13.64305        13.64305
              2       11.073078       5.7241512       2.3925198       4.6050702        4.6050702       12.936015       12.936015
              4         10.4978       4.5366898       2.1299507       4.6050702        4.6050702        11.78546        11.78546
              1       11.796412       1.5738868       1.2545465       4.6050702        4.6050702       14.382683       14.382683
              1       12.134057       1.2832328       1.1327987       4.6050702        4.6050702       15.057975       15.057975
              2       10.728958       2.9071964       1.7050503       4.6050702        4.6050702       12.247775       12.247775
              1       10.806722        5.319694       2.3064462       4.6050702        4.6050702       12.403303       12.403303
              1       10.970884       5.5815775       2.3625362       4.6050702        4.6050702       12.731628       12.731628
              5       10.467389       3.7108483       1.9263562       4.6050702        4.6050702       11.724638       11.724638
              1       10.704455        2.956887       1.7195601       4.6050702        4.6050702       12.198769       12.198769
              1       10.450066       4.2171971       2.0535815       4.6050702        4.6050702       11.689992       11.689992
              1       10.680388       5.0738966       2.2525312       4.6050702        4.6050702       12.150635       12.150635
              1        10.50519       3.5127629       1.8742366       4.6050702        4.6050702        11.80024        11.80024
              6       11.547311       1.8124885       1.3462869       4.6050702        4.6050702       13.884483       13.884483
              1        10.47615       3.6557591        1.912004       4.6050702        4.6050702        11.74216        11.74216
              3       10.941451       2.5439158       1.5949658       4.6050702        4.6050702       12.672762       12.672762
              1       10.931642       2.5587248       1.5996014       4.6050702        4.6050702       12.653143       12.653143
              3       11.502721         1.85795       1.3630664       4.6050702        4.6050702       13.795301       13.795301
              3       10.465405       4.3572649       2.0874063       4.6050702        4.6050702        11.72067        11.72067
              7       10.718205       2.9287286       1.7113529       4.6050702        4.6050702        12.22627        12.22627
              3       11.162956       2.2416844       1.4972256       4.6050702        4.6050702       13.115773       13.115773
              2       10.604976       3.1878507       1.7854553       4.6050702        4.6050702       11.999813       11.999813
              1       10.601611        3.196769       1.7879511       4.6050702        4.6050702       11.993081       11.993081
              1       10.491229       3.5759896       1.8910287       4.6050702        4.6050702       11.772317       11.772317
              1       10.443468       4.0037653       2.0009411       4.6050702        4.6050702       11.676795       11.676795
              2       11.038368       5.6771195       2.3826707       4.6050702        4.6050702       12.866595       12.866595
              2        10.84405       5.3837367       2.3202881       4.6050702        4.6050702       12.477959       12.477959
              1       10.543457       4.7125947       2.1708511       4.6050702        4.6050702       11.876773       11.876773
              1       10.444499       4.1185586       2.0294232       4.6050702        4.6050702       11.678858       11.678858
              3       10.454626       4.2680458       2.0659249       4.6050702        4.6050702       11.699112       11.699112
              1       11.167474       2.2360468       1.4953417       4.6050702        4.6050702       13.124808       13.124808
              1       11.808113       1.5632439       1.2502975       4.6050702        4.6050702       14.406086       14.406086
              1       11.284819       2.0953274       1.4475246       4.6050702        4.6050702       13.359497       13.359497
              1       11.305721       6.0105986       2.4516522       4.6050702        4.6050702       13.401302       13.401302
              1       10.459164        4.309248       2.0758728       4.6050702        4.6050702       11.708188       11.708188
              3       10.508721       4.5839769       2.1410224       4.6050702        4.6050702       11.807302       11.807302
              4       12.331401       1.1267463       1.0614831       4.6050702        4.6050702       15.452662       15.452662
              6       10.496534       4.5309129       2.1285941       4.6050702        4.6050702       11.782928       11.782928
              2       10.515405       4.6109855       2.1473205       4.6050702        4.6050702        11.82067        11.82067
              1       13.013591      0.64082969      0.80051839       4.6050702        4.6050702       16.817041       16.817041
              3        11.37595       1.9927022        1.411631       4.6050702        4.6050702       13.541759       13.541759
              3       10.561651       4.7709777       2.1842568       4.6050702        4.6050702       11.913162       11.913162
              4       10.443294       4.0163973       2.0040951       4.6050702        4.6050702       11.676448       11.676448
              1       10.959113        5.564299       2.3588766       4.6050702        4.6050702       12.708086       12.708086
              1        10.58347       4.8353517       2.1989433       4.6050702        4.6050702         11.9568         11.9568
              1       11.070964       5.7213243        2.391929       4.6050702        4.6050702       12.931787       12.931787
              2       11.433998       6.1519827       2.4803191       4.6050702        4.6050702       13.657855       13.657855
              2       11.763577       6.4779133       2.5451745       4.6050702        4.6050702       14.317013       14.317013
              3       10.501471       4.5530691       2.1337922       4.6050702        4.6050702       11.792801       11.792801
              1       10.561813       4.7714767        2.184371       4.6050702        4.6050702       11.913486       11.913486
              2       11.114613       5.7787579       2.4039047       4.6050702        4.6050702       13.019085       13.019085
              1       10.534833       3.3988435       1.8435953       4.6050702        4.6050702       11.859525       11.859525
              2       10.571036       3.2825771       1.8117884       4.6050702        4.6050702       11.931932       11.931932
              1       10.587301       3.2357912       1.7988305       4.6050702        4.6050702       11.964461       11.964461
              2       10.602402       3.1946655       1.7873627       4.6050702        4.6050702       11.994663       11.994663
              1        10.95231       2.5276919       1.5898716       4.6050702        4.6050702        12.69448        12.69448
              4       10.652143       5.0104572       2.2384051       4.6050702        4.6050702       12.094146       12.094146
              5       10.774191       2.8207709       1.6795151       4.6050702        4.6050702       12.338241       12.338241
              1       10.443278         4.06401        2.015939       4.6050702        4.6050702       11.676416       11.676416
              3       10.773169       2.8226556       1.6800761       4.6050702        4.6050702       12.336197       12.336197
              3       11.610478       1.7496312       1.3227362       4.6050702        4.6050702       14.010817       14.010817
              2       10.961017       2.5148071       1.5858143       4.6050702        4.6050702       12.711895       12.711895
              1       10.975686       5.5885714       2.3640159       4.6050702        4.6050702       12.741232       12.741232
              2       10.554254       4.7478233       2.1789501       4.6050702        4.6050702       11.898368       11.898368
              3       10.483208       3.6165528       1.9017236       4.6050702        4.6050702       11.756275       11.756275
              1       10.465691       3.7226277       1.9294112       4.6050702        4.6050702       11.721241       11.721241
              3       10.735584        2.894129        1.701214       4.6050702        4.6050702       12.261027       12.261027
              2       11.373278       1.9956373       1.4126703       4.6050702        4.6050702       13.536416       13.536416
              2       12.442025       1.0425959       1.0210759       4.6050702        4.6050702        15.67391        15.67391
              1        11.56164       1.7980759       1.3409235       4.6050702        4.6050702       13.913139       13.913139
              1       10.536974        3.391387       1.8415719       4.6050702        4.6050702       11.863808       11.863808
              1       10.717474        2.930207       1.7117847       4.6050702        4.6050702       12.224809       12.224809
              1       12.682789      0.86715183      0.93120988       4.6050702        4.6050702       16.155438       16.155438
              1       10.561436       3.3116004       1.8197803       4.6050702        4.6050702       11.912732       11.912732
              1       10.918963       5.5038271       2.3460237       4.6050702        4.6050702       12.627785       12.627785
              1       11.219559       5.9096359       2.4309743       4.6050702        4.6050702       13.228977       13.228977
              2       10.727949       2.9091993       1.7056375       4.6050702        4.6050702       12.245757       12.245757
              1        11.19711       5.8824224       2.4253706       4.6050702        4.6050702        13.18408        13.18408
              3       10.815946       5.3358139       2.3099381       4.6050702        4.6050702       12.421751       12.421751
              1       10.473436        3.671945        1.916232       4.6050702        4.6050702       11.736732       11.736732
              1       10.445044       3.9489009       1.9871842       4.6050702        4.6050702       11.679949       11.679949
              2        10.51057       4.5915786       2.1427969       4.6050702        4.6050702       11.810999       11.810999
              1         10.5949       4.8670746       2.2061447       4.6050702        4.6050702       11.979659       11.979659
              3        10.61529       4.9208299       2.2182944       4.6050702        4.6050702       12.020439       12.020439
              5       10.459129       3.7729632       1.9424117       4.6050702        4.6050702       11.708117       11.708117
              4       10.622666       3.1424304       1.7726902       4.6050702        4.6050702       12.035191       12.035191
              2       11.410684       6.1269999       2.4752777       4.6050702        4.6050702       13.611228       13.611228
              3        10.59529        4.868135        2.206385       4.6050702        4.6050702       11.980439       11.980439
              1       10.569802       4.7956669       2.1899011       4.6050702        4.6050702       11.929463       11.929463
              5       10.477317       4.4329051       2.1054465       4.6050702        4.6050702       11.744493       11.744493
              3        10.64434       3.0897295       1.7577627       4.6050702        4.6050702        12.07854        12.07854
              1       10.833955       2.7151925       1.6477841       4.6050702        4.6050702       12.457769       12.457769
              5       10.443557       4.0831903       2.0206906       4.6050702        4.6050702       11.676973       11.676973
              5       11.677968       1.6843241       1.2978151       4.6050702        4.6050702       14.145796       14.145796
              4       11.068719       2.3635968       1.5373994       4.6050702        4.6050702       12.927298       12.927298
              3       10.443527       4.0003517       2.0000879       4.6050702        4.6050702       11.676913       11.676913
              4        11.15775       5.8337108       2.4153076       4.6050702        4.6050702       13.105359       13.105359
              1       10.930366       5.5212523       2.3497345       4.6050702        4.6050702       12.650591       12.650591
              1       12.266862       6.9049322       2.6277238       4.6050702        4.6050702       15.323584       15.323584
              1       10.585034       4.8397664       2.1999469       4.6050702        4.6050702       11.959927       11.959927
              1        10.59856       3.2049371       1.7902338       4.6050702        4.6050702       11.986979       11.986979
              3        11.06169       2.3730481       1.5404701       4.6050702        4.6050702       12.913239       12.913239
              3       10.513829       4.6047322        2.145864       4.6050702        4.6050702       11.817518       11.817518
              3       12.202464       6.8539113       2.6179976       4.6050702        4.6050702       15.194787       15.194787
              1       11.178859        5.859997       2.4207431       4.6050702        4.6050702       13.147577       13.147577
              1       11.253251       5.9497516       2.4392113       4.6050702        4.6050702       13.296362       13.296362
              1       11.315022       2.0607248       1.4355225       4.6050702        4.6050702       13.419904       13.419904
              1       11.824529       6.5335259       2.5560763       4.6050702        4.6050702       14.438918       14.438918
              1       11.283781       5.9853868        2.446505       4.6050702        4.6050702       13.357421       13.357421
              4       12.825211       7.3141211       2.7044632       4.6050702        4.6050702       16.440281       16.440281
              1       13.024811        7.448498       2.7291936       4.6050702        4.6050702       16.839483       16.839483
              4       10.862296       5.4139538       2.3267904       4.6050702        4.6050702       12.514451       12.514451
              2       10.978017       5.5919543       2.3647313       4.6050702        4.6050702       12.745893       12.745893
              1       11.604259        6.326171       2.5151881       4.6050702        4.6050702       13.998377       13.998377
              6       13.185309       7.5528221       2.7482398       4.6050702        4.6050702       17.160478       17.160478
              5       13.757385      0.18010438      0.42438706       4.6050702        4.6050702        18.30463        18.30463
              1       11.117186       2.2998295       1.5165189       4.6050702        4.6050702       13.024232       13.024232
              1       10.794004       2.7847858       1.6687678       4.6050702        4.6050702       12.377867       12.377867
              1       11.879533       6.5826667       2.5656708       4.6050702        4.6050702       14.548926       14.548926
              2       10.494296       3.5613831       1.8871627       4.6050702        4.6050702       11.778452       11.778452
              1       10.739683       5.1957955       2.2794288       4.6050702        4.6050702       12.269225       12.269225
              1       10.717157       5.1510638       2.2695955       4.6050702        4.6050702       12.224173       12.224173
              4       10.443197       4.0538687       2.0134221       4.6050702        4.6050702       11.676254       11.676254
              1       10.689701       2.9879378       1.7285652       4.6050702        4.6050702       12.169261       12.169261
              3       10.599058       3.2035981       1.7898598       4.6050702        4.6050702       11.987975       11.987975
              3       10.857167       2.6763876       1.6359669       4.6050702        4.6050702       12.504193       12.504193
              1       11.036821       5.6749928       2.3822243       4.6050702        4.6050702       12.863502       12.863502
              3       11.495984       6.2170138        2.493394       4.6050702        4.6050702       13.781828       13.781828
              2       10.461824       3.7512304       1.9368093       4.6050702        4.6050702       11.713507       11.713507
              3       10.628447       3.1280754       1.7686366       4.6050702        4.6050702       12.046754       12.046754
              1       10.563801       3.3043429       1.8177852       4.6050702        4.6050702       11.917463       11.917463
              2        10.64766       3.0819126       1.7555377       4.6050702        4.6050702        12.08518        12.08518
              1        11.04373       2.3974404        1.548367       4.6050702        4.6050702       12.877321       12.877321
              3        10.76252        2.842473       1.6859635       4.6050702        4.6050702         12.3149         12.3149
              3       11.123668       2.2914786        1.513763       4.6050702        4.6050702       13.037195       13.037195
              2       10.559508       3.3175707         1.82142       4.6050702        4.6050702       11.908875       11.908875
              1       12.466909       7.0579246       2.6566755       4.6050702        4.6050702       15.723679       15.723679
              1       11.719287       1.6452201       1.2826613       4.6050702        4.6050702       14.228434       14.228434
              1       11.282323       5.9836999       2.4461602       4.6050702        4.6050702       13.354505       13.354505
              2       10.604666       3.1886695       1.7856846       4.6050702        4.6050702       11.999192       11.999192
              1       10.915198       5.4980283       2.3447875       4.6050702        4.6050702       12.620256       12.620256
              2       10.487089       4.4854522       2.1178886       4.6050702        4.6050702       11.764038       11.764038
              2       10.923372       5.5105895       2.3474645       4.6050702        4.6050702       12.636604       12.636604
              1       10.874442       5.4337061       2.3310311       4.6050702        4.6050702       12.538744       12.538744
              1       10.445241       4.1377042       2.0341347       4.6050702        4.6050702       11.680342       11.680342
              1       10.443513       4.0011389       2.0002847       4.6050702        4.6050702       11.676885       11.676885
              1       10.446409       3.9200761       1.9799182       4.6050702        4.6050702       11.682678       11.682678
              1        10.55574       4.7525348       2.1800309       4.6050702        4.6050702       11.901339       11.901339
              1       10.605133       4.8944767       2.2123464       4.6050702        4.6050702       12.000126       12.000126
              3       10.613892       3.1646629       1.7789499       4.6050702        4.6050702       12.017645       12.017645
              1       10.461489       3.7538392       1.9374827       4.6050702        4.6050702       11.712838       11.712838
              2       10.984488       5.6013081       2.3667083       4.6050702        4.6050702       12.758835       12.758835
              4       10.483618       4.4675286       2.1136529       4.6050702        4.6050702       11.757095       11.757095
              1       11.786901       1.5825715        1.258003       4.6050702        4.6050702       14.363662       14.363662
              1       11.383411       1.9845267       1.4087323       4.6050702        4.6050702       13.556681       13.556681
              1       10.911076       5.4916518       2.3434274       4.6050702        4.6050702       12.612011       12.612011
              1       10.758794       5.2324288       2.2874503       4.6050702        4.6050702       12.307447       12.307447
              1       11.000015       2.4583864       1.5679242       4.6050702        4.6050702       12.789889       12.789889
              2        10.90268       2.6033361       1.6134857       4.6050702        4.6050702        12.59522        12.59522
              1       10.683694       3.0008458       1.7322949       4.6050702        4.6050702       12.157247       12.157247
              2       10.629597       4.9566672       2.2263574       4.6050702        4.6050702       12.049053       12.049053
              3       12.304126       1.1478702       1.0713871       4.6050702        4.6050702       15.398112       15.398112
              1       10.445032       4.1326995       2.0329042       4.6050702        4.6050702       11.679923       11.679923
              2       10.793142       2.7863294       1.6692302       4.6050702        4.6050702       12.376143       12.376143
              2       10.443317       4.0143972       2.0035961       4.6050702        4.6050702       11.676494       11.676494
              1       11.330571       2.0431457       1.4293865       4.6050702        4.6050702       13.451001       13.451001
              4       11.286664       2.0931959       1.4467881       4.6050702        4.6050702       13.363187       13.363187
              1       11.159975       2.2454148       1.4984708       4.6050702        4.6050702       13.109809       13.109809
              6       12.108621       6.7778604       2.6034324       4.6050702        4.6050702       15.007101       15.007101
              1       10.818357       2.7419194       1.6558742       4.6050702        4.6050702       12.426574       12.426574
              7       10.493859       3.5634385       1.8877072       4.6050702        4.6050702       11.777577       11.777577
              5       11.140756       5.8122651        2.410864       4.6050702        4.6050702       13.071371       13.071371
              7       10.446172       4.1573348       2.0389543       4.6050702        4.6050702       11.682203       11.682203
              3       10.497432       4.5350183       2.1295582       4.6050702        4.6050702       11.784724       11.784724
              5       10.654619       3.0657306       1.7509228       4.6050702        4.6050702       12.099099       12.099099
              3       10.533784       4.6793864       2.1631889       4.6050702        4.6050702       11.857427       11.857427
              1       10.848523       2.6907067       1.6403374       4.6050702        4.6050702       12.486906       12.486906
              7       10.642122       4.9869263       2.2331427       4.6050702        4.6050702       12.074103       12.074103
              5       10.535133       3.3977936       1.8433105       4.6050702        4.6050702       11.860125       11.860125
              1       10.479601       4.4457982       2.1085062       4.6050702        4.6050702       11.749061       11.749061
              2       10.655006        5.017075       2.2398828       4.6050702        4.6050702       12.099872       12.099872
              1       12.036002       1.3643876         1.16807       4.6050702        4.6050702       14.861863       14.861863
              1       11.715907       6.4335198       2.5364384       4.6050702        4.6050702       14.221674       14.221674
              4       11.723202       1.6415478        1.281229       4.6050702        4.6050702       14.236264       14.236264
              1       11.453558       6.1727178       2.4844955       4.6050702        4.6050702       13.696975       13.696975
              1       13.040394       7.4587663       2.7310742       4.6050702        4.6050702       16.870648       16.870648
              1       12.181759       6.8373097        2.614825       4.6050702        4.6050702       15.153377       15.153377
              3       10.779724       5.2712996       2.2959311       4.6050702        4.6050702       12.349308       12.349308
              1       10.542333       3.3730934       1.8365983       4.6050702        4.6050702       11.874525       11.874525
              9       10.497624       3.5460244       1.8830891       4.6050702        4.6050702       11.785108       11.785108
              4       12.879423      0.73075647      0.85484295       4.6050702        4.6050702       16.548706       16.548706
              1       10.561417       4.7702566       2.1840917       4.6050702        4.6050702       11.912694       11.912694
              2       10.784745       5.2804427       2.2979214       4.6050702        4.6050702       12.359349       12.359349
              1        10.46087       4.3231837       2.0792267       4.6050702        4.6050702         11.7116         11.7116
              3       10.485258       4.4760912       2.1156775       4.6050702        4.6050702       11.760376       11.760376
              4       10.497078       3.5485104        1.883749       4.6050702        4.6050702       11.784016       11.784016
              8       10.459361       3.7710208       1.9419116       4.6050702        4.6050702       11.708582       11.708582
              1       10.458773       3.7759649       1.9431842       4.6050702        4.6050702       11.707406       11.707406
              1       10.484109       3.6118029       1.9004744       4.6050702        4.6050702       11.758078       11.758078
              2       10.484264       3.6109919        1.900261       4.6050702        4.6050702       11.758388       11.758388
              1       12.185947       1.2412389        1.114109       4.6050702        4.6050702       15.161753       15.161753
              2       12.538442      0.97113297      0.98546079       4.6050702        4.6050702       15.866744       15.866744
              1       11.962747         1.42666       1.1944287       4.6050702        4.6050702       14.715353       14.715353
              1       12.583712       0.9381473      0.96858004       4.6050702        4.6050702       15.957284       15.957284
              2       10.458584       3.7775757       1.9435986       4.6050702        4.6050702       11.707027       11.707027
              1       11.666909       1.6949012       1.3018837       4.6050702        4.6050702       14.123677       14.123677
              2       10.955772       5.5593586       2.3578292       4.6050702        4.6050702       12.701404       12.701404
              1       10.452421        3.836867       1.9587922       4.6050702        4.6050702       11.694702       11.694702
              1       12.964934       7.4087501       2.7219019       4.6050702        4.6050702       16.719728       16.719728
              5       10.668608       5.0479244       2.2467586       4.6050702        4.6050702       12.127076       12.127076
              3       10.446191       4.1577031       2.0390446       4.6050702        4.6050702       11.682241       11.682241
             10       10.833704        2.715618       1.6479132       4.6050702        4.6050702       12.457267       12.457267
              3       10.466996       3.7135387       1.9270544       4.6050702        4.6050702       11.723851       11.723851
              2       10.919786       5.5050916       2.3462932       4.6050702        4.6050702       12.629431       12.629431
              3       10.950962       2.5296967        1.590502       4.6050702        4.6050702       12.691784       12.691784
              3       10.862919       2.6669396       1.6330767       4.6050702        4.6050702       12.515698       12.515698
              1       10.443206       4.0552657        2.013769       4.6050702        4.6050702       11.676271       11.676271
              2       11.056392        2.380206       1.5427916       4.6050702        4.6050702       12.902644       12.902644
              1       10.593507       3.2186406        1.794057       4.6050702        4.6050702       11.976873       11.976873
             11       11.585609       1.7741702       1.3319798       4.6050702        4.6050702       13.961079       13.961079
              2       12.034521       1.3656318       1.1686025       4.6050702        4.6050702       14.858902       14.858902
              3       11.947712       1.4396248       1.1998437       4.6050702        4.6050702       14.685284       14.685284
              3       11.373861       1.9949968       1.4124436       4.6050702        4.6050702       13.537581       13.537581
              1       10.452264       4.2433099       2.0599296       4.6050702        4.6050702       11.694388       11.694388
              2       11.643561       6.3645251        2.522801       4.6050702        4.6050702       14.076981       14.076981
              1       11.825541       6.5344386       2.5562548       4.6050702        4.6050702       14.440942       14.440942
              1       11.264445       5.9628941       2.4419038       4.6050702        4.6050702       13.318749       13.318749
              1       11.481251       6.2017344       2.4903282       4.6050702        4.6050702       13.752362       13.752362
              1       10.742104       5.2005013       2.2804608       4.6050702        4.6050702       12.274068       12.274068
              3       10.470949       4.3944903        2.096304       4.6050702        4.6050702       11.731758       11.731758
              1       10.643789       3.0910326       1.7581333       4.6050702        4.6050702       12.077438       12.077438
              1       10.444761        3.956099       1.9889945       4.6050702        4.6050702       11.679382       11.679382
              3       10.639726       4.9812131       2.2318631       4.6050702        4.6050702       12.069311       12.069311
              2       10.498806       4.5412322       2.1310167       4.6050702        4.6050702       11.787472       11.787472
              3        10.44886       4.2010685       2.0496508       4.6050702        4.6050702        11.68758        11.68758
              1       10.444137       4.1072223       2.0266283       4.6050702        4.6050702       11.678133       11.678133
              1       12.069917       1.3360424        1.155873       4.6050702        4.6050702       14.929694       14.929694
              2       11.146203       2.2627464       1.5042428       4.6050702        4.6050702       13.082266       13.082266
              1       10.607862       3.1802769       1.7833331       4.6050702        4.6050702       12.005584       12.005584
              4       10.520489       4.6306986       2.1519058       4.6050702        4.6050702       11.830837       11.830837
              1       10.451994       4.2402883        2.059196       4.6050702        4.6050702       11.693848       11.693848
              2       10.611634       4.9114355       2.2161759       4.6050702        4.6050702       12.013127       12.013127
              1       10.873435       2.6498346       1.6278313       4.6050702        4.6050702       12.536731       12.536731
              2       10.873752        5.432592       2.3307921       4.6050702        4.6050702       12.537364       12.537364
              2       10.718491       5.1537635       2.2701902       4.6050702        4.6050702       12.226841       12.226841
              2       10.512525       4.5995082       2.1446464       4.6050702        4.6050702        11.81491        11.81491
              2        10.60455       3.1889767       1.7857706       4.6050702        4.6050702       11.998959       11.998959
              5       11.120973       5.7869685       2.4056119       4.6050702        4.6050702       13.031805       13.031805
              4       10.670505       5.0521509        2.247699       4.6050702        4.6050702       12.130869       12.130869
              1       11.606171       6.3280522        2.515562       4.6050702        4.6050702       14.002202       14.002202
              2       11.565968       6.2881745       2.5076233       4.6050702        4.6050702       13.921797       13.921797
              2       12.688636      0.86301137      0.92898405       4.6050702        4.6050702       16.167133       16.167133
              4       12.165081       1.2580496       1.1216281       4.6050702        4.6050702       15.120021       15.120021
              1       11.247526       2.1389198       1.4625046       4.6050702        4.6050702       13.284912       13.284912
              3       10.597371       3.2081405       1.7911283       4.6050702        4.6050702       11.984601       11.984601
              1       10.550319       4.7351908       2.1760494       4.6050702        4.6050702       11.890497       11.890497
              4       11.211985        5.900499       2.4290943       4.6050702        4.6050702        13.21383        13.21383
              1       10.443488       4.0793454        2.019739       4.6050702        4.6050702       11.676835       11.676835
              6       11.576895       6.2990819       2.5097972       4.6050702        4.6050702       13.943649       13.943649
              6       10.462657       3.7448336       1.9351573       4.6050702        4.6050702       11.715174       11.715174
              1       10.712132       2.9410758       1.7149565       4.6050702        4.6050702       12.214124       12.214124
              1       10.538825       3.3850105       1.8398398       4.6050702        4.6050702        11.86751        11.86751
              6       10.443714       3.9910736       1.9977672       4.6050702        4.6050702       11.677287       11.677287
              2       10.443229       4.0585696       2.0145892       4.6050702        4.6050702       11.676318       11.676318
              1       10.501828       4.5546373       2.1341596       4.6050702        4.6050702       11.793516       11.793516
              4       10.613003       4.9149668       2.2169724       4.6050702        4.6050702       12.015866       12.015866
              3        10.44478       3.9556013       1.9888693       4.6050702        4.6050702        11.67942        11.67942
              4       12.013761       6.6987745       2.5881991       4.6050702        4.6050702       14.817381       14.817381
              2       10.577176       3.2645847       1.8068162       4.6050702        4.6050702       11.944212       11.944212
              2       10.454802       3.8121331       1.9524685       4.6050702        4.6050702       11.699464       11.699464
