#        weight    minuslogpost              A2               A   minuslogprior minuslogprior__0            chi2   chi2__loglike
              1       11.434313       1.9295964       1.3890991       4.6050702        4.6050702       13.658485       13.658485
              1       10.561598       3.3111022       1.8196434       4.6050702        4.6050702       11.913055       11.913055
              1       10.893519       2.6177389       1.6179428       4.6050702        4.6050702       12.576898       12.576898
              1       11.199777       2.1962386       1.4819712       4.6050702        4.6050702       13.189413       13.189413
              1       10.775617       2.8181449       1.6787331       4.6050702        4.6050702       12.341094       12.341094
              1       10.713047       2.9392076       1.7144117       4.6050702        4.6050702       12.215953       12.215953
              1       10.534301        3.400709       1.8441011       4.6050702        4.6050702       11.858462       11.858462
              1       10.484708       3.6086785       1.8996522       4.6050702        4.6050702       11.759275       11.759275
              1       10.443165       4.0457729       2.0114107       4.6050702        4.6050702        11.67619        11.67619
              1       10.527863       4.6581805       2.1582818       4.6050702        4.6050702       11.845587       11.845587
              1       10.866993        5.421626       2.3284385       4.6050702        4.6050702       12.523846       12.523846
              1        10.57235       4.8032234       2.1916257       4.6050702        4.6050702        11.93456        11.93456
              2       10.481693       3.6246578       1.9038534       4.6050702        4.6050702       11.753245       11.753245
              1       10.528895        3.419988        1.849321       4.6050702        4.6050702       11.847649       11.847649
              2       10.456171       3.7990505       1.9491153       4.6050702        4.6050702       11.702202       11.702202
              1       10.476802       3.6519717       1.9110133       4.6050702        4.6050702       11.743464       11.743464
              1       11.572632       1.7870812       1.3368176       4.6050702        4.6050702       13.935124       13.935124
              1       11.058336       2.3775752       1.5419388       4.6050702        4.6050702       12.906532       12.906532
              1       10.804072       2.7668886       1.6633967       4.6050702        4.6050702       12.398004       12.398004
              1       11.245047       2.1418527        1.463507       4.6050702        4.6050702       13.279954       13.279954
              1       11.076048       2.3537999       1.5342099       4.6050702        4.6050702       12.941955       12.941955
              1       11.139091       2.2717644       1.5072374       4.6050702        4.6050702       13.068041       13.068041
              1       10.613067       3.1667835       1.7795459       4.6050702        4.6050702       12.015994       12.015994
              1       10.578019       3.2621479       1.8061417       4.6050702        4.6050702       11.945897       11.945897
              2       10.534125       3.4013273       1.8442688       4.6050702        4.6050702        11.85811        11.85811
              1       10.742971       2.8797336       1.6969778       4.6050702        4.6050702       12.275802       12.275802
              1       10.596278        3.211098       1.7919537       4.6050702        4.6050702       11.982415       11.982415
              3       10.687159       2.9933795       1.7301386       4.6050702        4.6050702       12.164178       12.164178
              1       10.887386       2.6274627        1.620945       4.6050702        4.6050702       12.564632       12.564632
              1       11.531193       1.8288136       1.3523364       4.6050702        4.6050702       13.852246       13.852246
              3       11.562435       1.7972786       1.3406262       4.6050702        4.6050702        13.91473        13.91473
              2       11.004797       2.4516052       1.5657603       4.6050702        4.6050702       12.799454       12.799454
              1       10.848142       2.6913423       1.6405311       4.6050702        4.6050702       12.486143       12.486143
              2       11.203265        2.191991       1.4805374       4.6050702        4.6050702        13.19639        13.19639
              1       10.778312       2.8131988       1.6772593       4.6050702        4.6050702       12.346483       12.346483
              1       11.036367       2.4075473       1.5516273       4.6050702        4.6050702       12.862593       12.862593
              1       10.847777       2.6919498       1.6407162       4.6050702        4.6050702       12.485414       12.485414
              1       10.941985        2.543115       1.5947147       4.6050702        4.6050702       12.673829       12.673829
              2       11.097363       2.3256242       1.5249997       4.6050702        4.6050702       12.984586       12.984586
              1       11.336966       2.0359598       1.4268706       4.6050702        4.6050702       13.463792       13.463792
              1       11.644903       1.7160904       1.3099963       4.6050702        4.6050702       14.079666       14.079666
              2       12.126743       1.2892037        1.135431       4.6050702        4.6050702       15.043346       15.043346
              1        12.00908       1.3871031       1.1777534       4.6050702        4.6050702        14.80802        14.80802
              1        11.71093       1.6530773       1.2857205       4.6050702        4.6050702        14.21172        14.21172
              1       10.468541       3.7030908       1.9243416       4.6050702        4.6050702       11.726942       11.726942
              1       10.443972       3.9805478        1.995131       4.6050702        4.6050702       11.677803       11.677803
              2        10.44331       4.0669328       2.0166638       4.6050702        4.6050702        11.67648        11.67648
              2       10.911926       5.4929685       2.3437083       4.6050702        4.6050702       12.613711       12.613711
              1       11.292215       5.9951173       2.4484929       4.6050702        4.6050702        13.37429        13.37429
              1       10.657049       5.0217714       2.2409309       4.6050702        4.6050702       12.103959       12.103959
              3        12.46587       7.0571494       2.6565296       4.6050702        4.6050702       15.721599       15.721599
              1       11.526127       6.2479444       2.4995889       4.6050702        4.6050702       13.842113       13.842113
              1       10.927398       5.5167365       2.3487734       4.6050702        4.6050702       12.644655       12.644655
              1        11.50684       6.2282041        2.495637       4.6050702        4.6050702       13.803541       13.803541
              1       10.699456       5.1146075       2.2615498       4.6050702        4.6050702       12.188771       12.188771
              2       10.867276       2.6598282        1.630898       4.6050702        4.6050702       12.524411       12.524411
              3       10.516718       3.4657748       1.8616592       4.6050702        4.6050702       11.823295       11.823295
              2       11.043755       2.3974065       1.5483561       4.6050702        4.6050702        12.87737        12.87737
              1        11.04242       5.6826805       2.3838374       4.6050702        4.6050702         12.8747         12.8747
              1       11.446991       6.1657788       2.4830986       4.6050702        4.6050702       13.683841       13.683841
              1       11.428249       6.1458504       2.4790826       4.6050702        4.6050702       13.646359       13.646359
              3       11.820507       6.5298947       2.5553659       4.6050702        4.6050702       14.430874       14.430874
              1        11.28369       5.9852826       2.4464837       4.6050702        4.6050702       13.357241       13.357241
              1       11.542166       6.2642274       2.5028439       4.6050702        4.6050702       13.874191       13.874191
              1       10.787112       5.2847299        2.298854       4.6050702        4.6050702       12.364084       12.364084
              3       10.478121       3.6444208       1.9090366       4.6050702        4.6050702       11.746102       11.746102
              2       10.444528        3.962526       1.9906094       4.6050702        4.6050702       11.678916       11.678916
              1       10.643178       3.0924804        1.758545       4.6050702        4.6050702       12.076216       12.076216
              2       10.931568       2.5588361       1.5996362       4.6050702        4.6050702       12.652996       12.652996
              3       11.358561        2.011883       1.4184086       4.6050702        4.6050702       13.506982       13.506982
              1       11.633003       1.7276302       1.3143935       4.6050702        4.6050702       14.055865       14.055865
              1       11.568944       1.7907645       1.3381945       4.6050702        4.6050702       13.927747       13.927747
              1       10.462829       3.7435334       1.9348213       4.6050702        4.6050702       11.715517       11.715517
              1        10.50146       3.5288915       1.8785344       4.6050702        4.6050702        11.79278        11.79278
              1       10.498735       3.5410041       1.8817556       4.6050702        4.6050702       11.787329       11.787329
              1       11.092067       5.7493336       2.3977768       4.6050702        4.6050702       12.973994       12.973994
              4       10.448099       3.8919195       1.9727948       4.6050702        4.6050702       11.686057       11.686057
              1       10.681313       3.0060063       1.7337838       4.6050702        4.6050702       12.152485       12.152485
              1       10.609844       3.1751147       1.7818852       4.6050702        4.6050702       12.009548       12.009548
              6       13.561375       0.2960135      0.54407122       4.6050702        4.6050702        17.91261        17.91261
              1       10.539132       3.3839583       1.8395538       4.6050702        4.6050702       11.868124       11.868124
              1       10.528658       3.4208465        1.849553       4.6050702        4.6050702       11.847175       11.847175
              3       11.859246       6.5646531       2.5621579       4.6050702        4.6050702       14.508351       14.508351
              1       10.503814       3.5186564       1.8758082       4.6050702        4.6050702       11.797487       11.797487
              1       10.496049       3.5532317       1.8850018       4.6050702        4.6050702       11.781958       11.781958
              1       11.319334       6.0260801       2.4548076       4.6050702        4.6050702       13.428528       13.428528
              2       11.503262       6.2245214       2.4948991       4.6050702        4.6050702       13.796383       13.796383
              2       11.207883       2.1863824       1.4786421       4.6050702        4.6050702       13.205626       13.205626
              1       11.636884       6.3580541       2.5215182       4.6050702        4.6050702       14.063628       14.063628
              1       10.926652       5.5156003       2.3485315       4.6050702        4.6050702       12.643164       12.643164
              1       10.479705       3.6355377       1.9067086       4.6050702        4.6050702        11.74927        11.74927
              3       10.485742       4.4785861        2.116267       4.6050702        4.6050702       11.761344       11.761344
              1       11.358822       6.0703209       2.4638021       4.6050702        4.6050702       13.507504       13.507504
              1       10.869827       5.4262341       2.3294279       4.6050702        4.6050702       12.529513       12.529513
              1       10.507466       3.5031625       1.8716737       4.6050702        4.6050702       11.804791       11.804791
              5       10.472638       4.4050719       2.0988263       4.6050702        4.6050702       11.735135       11.735135
              1       11.730803       6.4474801       2.5391889       4.6050702        4.6050702       14.251466       14.251466
              1       12.096685       6.7680357       2.6015449       4.6050702        4.6050702        14.98323        14.98323
              1       12.537066       7.1097732       2.6664158       4.6050702        4.6050702       15.863992       15.863992
              1       10.639019         4.97952       2.2314838       4.6050702        4.6050702       12.067897       12.067897
              3       10.994781       2.4658412       1.5702997       4.6050702        4.6050702       12.779422       12.779422
              1       10.911069       5.4916408        2.343425       4.6050702        4.6050702       12.611997       12.611997
              7       11.063792       5.7116994       2.3899162       4.6050702        4.6050702       12.917445       12.917445
              6       10.443176       4.0324831       2.0081044       4.6050702        4.6050702       11.676212       11.676212
              1       10.443265       4.0192575       2.0048086       4.6050702        4.6050702        11.67639        11.67639
              7       11.165935       5.8439485        2.417426       4.6050702        4.6050702       13.121729       13.121729
              3       11.022965       5.6558108       2.3781949       4.6050702        4.6050702        12.83579        12.83579
              1       11.072798       5.7237771       2.3924417       4.6050702        4.6050702       12.935455       12.935455
              4       10.615533       4.9214519       2.2184346       4.6050702        4.6050702       12.020926       12.020926
              1       10.481285       3.6268638       1.9044327       4.6050702        4.6050702       11.752431       11.752431
              1        10.44892       4.2019144       2.0498572       4.6050702        4.6050702         11.6877         11.6877
              2       11.298526       2.0795483       1.4420639       4.6050702        4.6050702       13.386911       13.386911
              1       10.845994       2.6949261        1.641623       4.6050702        4.6050702       12.481847       12.481847
              6       10.546413       3.3594938       1.8328922       4.6050702        4.6050702       11.882685       11.882685
              7       10.600708       4.8827369       2.2096916       4.6050702        4.6050702       11.991276       11.991276
              1       10.916307       5.4997393       2.3451523       4.6050702        4.6050702       12.622475       12.622475
              1       10.455485       3.8055189       1.9507739       4.6050702        4.6050702       11.700829       11.700829
              4       10.658497       5.0250852       2.2416702       4.6050702        4.6050702       12.106854       12.106854
              5       10.622384       4.9387781       2.2223362       4.6050702        4.6050702       12.034627       12.034627
              5       11.096116       5.7546549       2.3988862       4.6050702        4.6050702       12.982092       12.982092
              2       10.473899       4.4127765        2.100661       4.6050702        4.6050702       11.737657       11.737657
              2       10.443907       3.9829979        1.995745       4.6050702        4.6050702       11.677674       11.677674
              2       10.452156       4.2421017       2.0596363       4.6050702        4.6050702       11.694171       11.694171
              1       11.008612        2.446217       1.5640387       4.6050702        4.6050702       12.807083       12.807083
              8       10.646923       3.0836416       1.7560301       4.6050702        4.6050702       12.083707       12.083707
              1       10.444235        3.971429       1.9928445       4.6050702        4.6050702        11.67833        11.67833
              2       10.547257        4.725201       2.1737528       4.6050702        4.6050702       11.884374       11.884374
              1       10.599192       3.2032378       1.7897592       4.6050702        4.6050702       11.988243       11.988243
              6       10.802715        2.769286       1.6641172       4.6050702        4.6050702        12.39529        12.39529
              1         11.9175       1.4658753       1.2107334       4.6050702        4.6050702        14.62486        14.62486
              1       10.655613       3.0634418       1.7502691       4.6050702        4.6050702       12.101086       12.101086
              5       11.148425       5.8219751       2.4128769       4.6050702        4.6050702       13.086709       13.086709
              2       12.643897       0.8948299      0.94595449       4.6050702        4.6050702       16.077653       16.077653
              5        10.59096        3.225635       1.7960053       4.6050702        4.6050702        11.97178        11.97178
              2       10.522881       3.4421644       1.8553071       4.6050702        4.6050702       11.835621       11.835621
              1       10.446877       4.1702535       2.0421198       4.6050702        4.6050702       11.683614       11.683614
              5       10.525014       4.6477087       2.1558545       4.6050702        4.6050702       11.839887       11.839887
              2        11.43951        6.157847        2.481501       4.6050702        4.6050702        13.66888        13.66888
              2       10.736454       5.1894914       2.2780455       4.6050702        4.6050702       12.262768       12.262768
              3        11.46966       1.8922772       1.3756007       4.6050702        4.6050702        13.72918        13.72918
              1       10.472162       4.4021186       2.0981226       4.6050702        4.6050702       11.734183       11.734183
              4       10.444939       3.9515048       1.9878392       4.6050702        4.6050702       11.679738       11.679738
              1       11.492226       6.2131266       2.4926144       4.6050702        4.6050702       13.774312       13.774312
              1       11.601432       6.3233877       2.5146347       4.6050702        4.6050702       13.992724       13.992724
              1       10.610446       3.1735513       1.7814464       4.6050702        4.6050702       12.010753       12.010753
              5       10.850536       2.6873585       1.6393165       4.6050702        4.6050702       12.490932       12.490932
              1       10.446155       3.9249024       1.9811366       4.6050702        4.6050702       11.682169       11.682169
              4       10.449646       3.8701624       1.9672728       4.6050702        4.6050702       11.689152       11.689152
              1       10.736223       2.8928765       1.7008458       4.6050702        4.6050702       12.262305       12.262305
              3       10.560018       3.3159858       1.8209848       4.6050702        4.6050702       11.909895       11.909895
              1       11.155962       5.8314668        2.414843       4.6050702        4.6050702       13.101784       13.101784
              7       11.057656       5.7034199       2.3881834       4.6050702        4.6050702       12.905173       12.905173
              2       10.626214       3.1335941       1.7701961       4.6050702        4.6050702       12.042287       12.042287
              8         10.4507       4.2251065       2.0555064       4.6050702        4.6050702        11.69126        11.69126
              1       10.900233       5.4747453       2.3398174       4.6050702        4.6050702       12.590326       12.590326
              1       10.464457       3.7314686        1.931701       4.6050702        4.6050702       11.718773       11.718773
              3       10.967821       2.5048146       1.5826606       4.6050702        4.6050702       12.725502       12.725502
              3       10.549466       3.3494923       1.8301618       4.6050702        4.6050702       11.888791       11.888791
              1       10.443308       4.0667571       2.0166202       4.6050702        4.6050702       11.676476       11.676476
              1        10.98397        5.600562       2.3665506       4.6050702        4.6050702         12.7578         12.7578
              1       11.900555       6.6011981       2.5692797       4.6050702        4.6050702       14.590969       14.590969
              1       11.222214       5.9128287       2.4316309       4.6050702        4.6050702       13.234288       13.234288
              2       10.502332       3.5250742       1.8775181       4.6050702        4.6050702       11.794525       11.794525
              5       10.449698       4.2124309       2.0524207       4.6050702        4.6050702       11.689255       11.689255
              1       10.845815       5.3866897       2.3209243       4.6050702        4.6050702        12.48149        12.48149
              8       10.566392       4.7854377       2.1875643       4.6050702        4.6050702       11.922643       11.922643
              1       10.929509       2.5619643       1.6006137       4.6050702        4.6050702       12.648877       12.648877
              3       10.547151       4.7248526       2.1736726       4.6050702        4.6050702       11.884162       11.884162
              3       10.839234       5.3756462        2.318544       4.6050702        4.6050702       12.468327       12.468327
              1       10.937443       5.5319648       2.3520129       4.6050702        4.6050702       12.664745       12.664745
              1       11.073947       5.7253126       2.3927625       4.6050702        4.6050702       12.937755       12.937755
              1       10.471402       4.3973568       2.0969876       4.6050702        4.6050702       11.732663       11.732663
              1       10.833699       5.3662878       2.3165249       4.6050702        4.6050702       12.457257       12.457257
              2       11.587619       6.3097374       2.5119191       4.6050702        4.6050702       13.965098       13.965098
              3       10.443801       4.0946365       2.0235208       4.6050702        4.6050702       11.677461       11.677461
              2       10.900705       5.4754847       2.3399754       4.6050702        4.6050702       12.591269       12.591269
              4       10.449986       4.2161769       2.0533331       4.6050702        4.6050702       11.689833       11.689833
              1       10.582824       4.8335205       2.1985269       4.6050702        4.6050702       11.955507       11.955507
              1       10.580852       3.2540084        1.803887       4.6050702        4.6050702       11.951564       11.951564
              4       10.499132       3.5392193       1.8812813       4.6050702        4.6050702       11.788124       11.788124
              1       10.883185       2.6341615         1.62301       4.6050702        4.6050702       12.556231       12.556231
              1       10.841959       2.7016843       1.6436801       4.6050702        4.6050702       12.473777       12.473777
              2       11.199712       2.1963173       1.4819977       4.6050702        4.6050702       13.189284       13.189284
              4       10.556172        4.753898       2.1803435       4.6050702        4.6050702       11.902203       11.902203
              1       10.978058       5.5920146       2.3647441       4.6050702        4.6050702       12.745977       12.745977
              3       11.078303       2.3507963       1.5332307       4.6050702        4.6050702       12.946466       12.946466
              2       10.831444       2.7194586       1.6490781       4.6050702        4.6050702       12.452747       12.452747
              2       11.049692       2.3893029        1.545737       4.6050702        4.6050702       12.889244       12.889244
              3       11.041494       2.4005035       1.5493558       4.6050702        4.6050702       12.872847       12.872847
              2        14.06881       8.0791327       2.8423815       4.6050702        4.6050702        18.92748        18.92748
              2       11.279623       5.9805721       2.4455208       4.6050702        4.6050702       13.349105       13.349105
              1       11.635276        6.356493       2.5212086       4.6050702        4.6050702       14.060412       14.060412
              2       12.304474       6.9343145       2.6333087       4.6050702        4.6050702       15.398808       15.398808
              2       10.512343       4.5987747       2.1444754       4.6050702        4.6050702       11.814546       11.814546
              3       11.104633       2.3161193       1.5218802       4.6050702        4.6050702       12.999126       12.999126
              2       11.314215       2.0616422        1.435842       4.6050702        4.6050702       13.418289       13.418289
              3        12.70751        7.232231       2.6892808       4.6050702        4.6050702        16.20488        16.20488
              1       12.322308       6.9481424       2.6359329       4.6050702        4.6050702       15.434475       15.434475
              2       10.717395        5.151547        2.269702       4.6050702        4.6050702        12.22465        12.22465
              2       15.136143       8.6352299       2.9385762       4.6050702        4.6050702       21.062147       21.062147
              1       14.538167       8.3325608       2.8866175       4.6050702        4.6050702       19.866194       19.866194
              2       13.141306       7.5245307       2.7430878       4.6050702        4.6050702       17.072472       17.072472
              1       10.443916       4.0992574       2.0246623       4.6050702        4.6050702       11.677692       11.677692
              1       10.666509       3.0386883       1.7431834       4.6050702        4.6050702       12.122878       12.122878
              1       10.959078       5.5642476       2.3588658       4.6050702        4.6050702       12.708017       12.708017
              2       10.444055        3.977536       1.9943761       4.6050702        4.6050702       11.677969       11.677969
              1       10.453265       3.8277771       1.9564706       4.6050702        4.6050702       11.696389       11.696389
              1       10.718315       2.9285066        1.711288       4.6050702        4.6050702        12.22649        12.22649
              1       10.495395       4.5256562        2.127359       4.6050702        4.6050702        11.78065        11.78065
              1       10.469079       3.6995262       1.9234153       4.6050702        4.6050702       11.728019       11.728019
              1       11.042847        2.398649       1.5487573       4.6050702        4.6050702       12.875555       12.875555
              7       10.446741       4.1678666       2.0415354       4.6050702        4.6050702       11.683342       11.683342
              2       10.933449       5.5259293       2.3507295       4.6050702        4.6050702       12.656758       12.656758
              1       10.454955       3.8106385       1.9520857       4.6050702        4.6050702       11.699769       11.699769
              1       11.096126       2.3272472       1.5255318       4.6050702        4.6050702       12.982111       12.982111
              4       10.678381       3.0123966       1.7356257       4.6050702        4.6050702       12.146621       12.146621
              1       10.752312       5.2201311       2.2847606       4.6050702        4.6050702       12.294483       12.294483
              1       10.565727       3.2984876       1.8161739       4.6050702        4.6050702       11.921314       11.921314
              1        10.47537       3.6603398       1.9132014       4.6050702        4.6050702         11.7406         11.7406
              1       10.642483       3.0941313       1.7590143       4.6050702        4.6050702       12.074825       12.074825
              3       10.933345       5.5257713       2.3506959       4.6050702        4.6050702       12.656549       12.656549
              6       10.599658       4.8799263       2.2090555       4.6050702        4.6050702       11.989175       11.989175
              1       10.456247       3.7983438        1.948934       4.6050702        4.6050702       11.702354       11.702354
              8       10.507617       4.5793835       2.1399494       4.6050702        4.6050702       11.805093       11.805093
              1       10.762713       5.2398036       2.2890617       4.6050702        4.6050702       12.315286       12.315286
              1       10.524664       3.4355032        1.853511       4.6050702        4.6050702       11.839188       11.839188
              2       10.714247       2.9367612       1.7136981       4.6050702        4.6050702       12.218353       12.218353
              4       10.747113       5.2101751       2.2825808       4.6050702        4.6050702       12.284086       12.284086
              3       10.575457       4.8123357       2.1937037       4.6050702        4.6050702       11.940774       11.940774
              2       10.501161       4.5517078       2.1334732       4.6050702        4.6050702       11.792182       11.792182
              1       10.753784        2.858979       1.6908516       4.6050702        4.6050702       12.297427       12.297427
              2       11.649544       1.7116061       1.3082836       4.6050702        4.6050702       14.088947       14.088947
              1       12.064348       1.3406763       1.1578758       4.6050702        4.6050702       14.918556       14.918556
              1       10.873245       2.6501423       1.6279258       4.6050702        4.6050702        12.53635        12.53635
              1       10.477806       3.6462098       1.9095051       4.6050702        4.6050702       11.745472       11.745472
              2       11.015489       2.4365491       1.5609449       4.6050702        4.6050702       12.820837       12.820837
              2       10.452321       4.2439429       2.0600832       4.6050702        4.6050702       11.694502       11.694502
              6       10.465281       3.7255328       1.9301639       4.6050702        4.6050702       11.720422       11.720422
              1       10.443478       4.0031709       2.0007926       4.6050702        4.6050702       11.676815       11.676815
              3       10.857153       2.6764095       1.6359736       4.6050702        4.6050702       12.504166       12.504166
              2       11.327946       2.0461022       1.4304203       4.6050702        4.6050702       13.445752       13.445752
              2       10.544939        3.364375       1.8342233       4.6050702        4.6050702       11.879737       11.879737
              1       10.990438       5.6098607       2.3685144       4.6050702        4.6050702       12.770736       12.770736
              1       11.457453       6.1768229       2.4853215       4.6050702        4.6050702       13.704766       13.704766
              1       11.026796       2.4207772       1.5558847       4.6050702        4.6050702       12.843452       12.843452
              1       10.623353       4.9412019       2.2228815       4.6050702        4.6050702       12.036565       12.036565
              1       11.219313       5.9093401       2.4309134       4.6050702        4.6050702       13.228486       13.228486
              4       10.625834       4.9473783       2.2242703       4.6050702        4.6050702       12.041527       12.041527
              2        10.49904       4.5422827       2.1312632       4.6050702        4.6050702        11.78794        11.78794
              3       10.502989       3.5222187       1.8767575       4.6050702        4.6050702       11.795838       11.795838
              1       10.508787       4.5842498       2.1410861       4.6050702        4.6050702       11.807434       11.807434
              3       10.513587       4.6037665       2.1456389       4.6050702        4.6050702       11.817034       11.817034
              3       11.968666       1.4215732       1.1922975       4.6050702        4.6050702       14.727191       14.727191
              1       11.107404       2.3125109       1.5206942       4.6050702        4.6050702       13.004667       13.004667
              1       10.715798       2.9336056       1.7127771       4.6050702        4.6050702       12.221456       12.221456
              7       10.444802        3.955036       1.9887272       4.6050702        4.6050702       11.679463       11.679463
              4       10.444794       3.9552357       1.9887774       4.6050702        4.6050702       11.679448       11.679448
              2       10.557459       4.7579457       2.1812716       4.6050702        4.6050702       11.904777       11.904777
              1       10.459271       4.3101396       2.0760876       4.6050702        4.6050702       11.708401       11.708401
              2       10.710973       2.9434489       1.7156482       4.6050702        4.6050702       12.211806       12.211806
             10       10.640352       3.0992042       1.7604557       4.6050702        4.6050702       12.070564       12.070564
              4       10.906925       5.4852038       2.3420512       4.6050702        4.6050702        12.60371        12.60371
              2       10.610354       4.9081227       2.2154283       4.6050702        4.6050702       12.010567       12.010567
              1       10.673915       3.0222065       1.7384495       4.6050702        4.6050702        12.13769        12.13769
              3       10.650908       5.0075869       2.2377638       4.6050702        4.6050702       12.091675       12.091675
              2        10.61546       3.1606487       1.7778213       4.6050702        4.6050702        12.02078        12.02078
              1       11.237729       5.9313756       2.4354416       4.6050702        4.6050702       13.265317       13.265317
              3       10.457522       4.2951068       2.0724639       4.6050702        4.6050702       11.704903       11.704903
              2       10.690952       2.9852692       1.7277932       4.6050702        4.6050702       12.171763       12.171763
              2       10.456197        4.283107       2.0695669       4.6050702        4.6050702       11.702254       11.702254
              1       12.364762       1.1011154       1.0493405       4.6050702        4.6050702       15.519384       15.519384
              1       12.461399       1.0280998       1.0139525       4.6050702        4.6050702       15.712659       15.712659
              2       10.736427       2.8924765       1.7007282       4.6050702        4.6050702       12.262714       12.262714
              1        11.06316       2.3710663       1.5398267       4.6050702        4.6050702        12.91618        12.91618
              1       11.162764        2.241925       1.4973059       4.6050702        4.6050702       13.115387       13.115387
              1       10.860809       2.6703978       1.6341352       4.6050702        4.6050702       12.511478       12.511478
              2       10.497308       3.5474618       1.8834707       4.6050702        4.6050702       11.784476       11.784476
              4       10.492356       4.5113436       2.1239924       4.6050702        4.6050702       11.774571       11.774571
              5       10.518424       4.6227712       2.1500631       4.6050702        4.6050702       11.826707       11.826707
              7       11.061329        2.373534       1.5406278       4.6050702        4.6050702       12.912518       12.912518
              2       10.590336       3.2273572       1.7964847       4.6050702        4.6050702       11.970532       11.970532
              2       10.532093        4.673404       2.1618057       4.6050702        4.6050702       11.854046       11.854046
              2       10.628771       4.9546379       2.2259016       4.6050702        4.6050702       12.047403       12.047403
              1       10.658262       5.0245477       2.2415503       4.6050702        4.6050702       12.106384       12.106384
              1       11.584294       1.7754753       1.3324696       4.6050702        4.6050702       13.958448       13.958448
              1       12.072361       6.7479032       2.5976727       4.6050702        4.6050702       14.934582       14.934582
              1       10.471271       4.3965302       2.0967905       4.6050702        4.6050702       11.732402       11.732402
              1       10.488757       3.5881008       1.8942283       4.6050702        4.6050702       11.767374       11.767374
              3       10.443218       4.0248537       2.0062038       4.6050702        4.6050702       11.676295       11.676295
              2       10.524354       3.4366547       1.8538216       4.6050702        4.6050702       11.838568       11.838568
              3       10.955015        2.523678       1.5886088       4.6050702        4.6050702       12.699889       12.699889
              1        11.00673       2.4488727       1.5648874       4.6050702        4.6050702        12.80332        12.80332
              2       10.636642       3.1081071       1.7629824       4.6050702        4.6050702       12.063143       12.063143
              1       13.090925      0.59006061      0.76815403       4.6050702        4.6050702       16.971709       16.971709
              1       11.913356       1.4694968        1.212228       4.6050702        4.6050702       14.616572       14.616572
              2       11.635347       1.7253531        1.313527       4.6050702        4.6050702       14.060553       14.060553
              4       10.456633       4.2871188       2.0705359       4.6050702        4.6050702       11.703126       11.703126
              2       10.458967       3.7743242        1.942762       4.6050702        4.6050702       11.707794       11.707794
              1        10.85403       5.4003473       2.3238647       4.6050702        4.6050702       12.497919       12.497919
              1       10.758995        2.849106       1.6879295       4.6050702        4.6050702       12.307849       12.307849
              4       10.487174       3.5960331       1.8963209       4.6050702        4.6050702       11.764207       11.764207
              3       10.627609        3.130142       1.7692207       4.6050702        4.6050702       12.045078       12.045078
              1       11.422774       1.9419224       1.3935288       4.6050702        4.6050702       13.635407       13.635407
              2       11.030514       5.6662895       2.3803969       4.6050702        4.6050702       12.850888       12.850888
              1       10.922209       5.5088085       2.3470851       4.6050702        4.6050702       12.634277       12.634277
              6       11.468926       6.1888686       2.4877437       4.6050702        4.6050702       13.727712       13.727712
              1       10.468632       4.3794251       2.0927076       4.6050702        4.6050702       11.727123       11.727123
              2       10.708152       2.9492447       1.7173365       4.6050702        4.6050702       12.206163       12.206163
              3       10.477613       4.4346001        2.105849       4.6050702        4.6050702       11.745085       11.745085
              3       10.463141       3.7411795       1.9342129       4.6050702        4.6050702       11.716142       11.716142
              5       12.040705        1.360439       1.1663786       4.6050702        4.6050702       14.871269       14.871269
              2       10.451322       4.2325527       2.0573169       4.6050702        4.6050702       11.692504       11.692504
              1       10.749726       5.2151896        2.283679       4.6050702        4.6050702       12.289312       12.289312
              1       10.443835       3.9858733       1.9964652       4.6050702        4.6050702       11.677529       11.677529
              2       10.444971       4.1312137       2.0325387       4.6050702        4.6050702       11.679803       11.679803
              6       10.748357         2.86935       1.6939156       4.6050702        4.6050702       12.286573       12.286573
              1       10.874595       5.4339523       2.3310839       4.6050702        4.6050702       12.539049       12.539049
              1       10.997743       5.6202968       2.3707165       4.6050702        4.6050702       12.785346       12.785346
              3        10.50983       4.5885506       2.1420902       4.6050702        4.6050702       11.809521       11.809521
              1       10.969213       2.5027774       1.5820169       4.6050702        4.6050702       12.728287       12.728287
              2       10.883121       2.6342643       1.6230417       4.6050702        4.6050702       12.556102       12.556102
              1       10.815081       5.3343118       2.3096129       4.6050702        4.6050702       12.420022       12.420022
              1       10.445405       3.9404673        1.985061       4.6050702        4.6050702       11.680671       11.680671
              1       10.517949        3.460982       1.8603715       4.6050702        4.6050702       11.825757       11.825757
              2        10.67836       5.0694716       2.2515487       4.6050702        4.6050702       12.146579       12.146579
              4         11.3622       2.0078545       1.4169878       4.6050702        4.6050702       13.514259       13.514259
              4       11.204172       5.8910262       2.4271436       4.6050702        4.6050702       13.198203       13.198203
              7       10.510138        4.589812       2.1423847       4.6050702        4.6050702       11.810136       11.810136
              1       10.859523       2.6725095       1.6347812       4.6050702        4.6050702       12.508906       12.508906
              1       10.508256       3.4998692       1.8707937       4.6050702        4.6050702       11.806371       11.806371
              2       10.457734       4.2969767        2.072915       4.6050702        4.6050702       11.705327       11.705327
              2       12.811248       7.3045141       2.7026865       4.6050702        4.6050702       16.412356       16.412356
              1       13.068862        7.477446       2.7344919       4.6050702        4.6050702       16.927583       16.927583
              1       13.728966       7.8852216       2.8080637       4.6050702        4.6050702       18.247793       18.247793
              4       10.518811       3.4576478       1.8594751       4.6050702        4.6050702       11.827482       11.827482
              1       10.657013       5.0216877       2.2409123       4.6050702        4.6050702       12.103886       12.103886
              1       11.459065       1.9033955        1.379636       4.6050702        4.6050702       13.707989       13.707989
              2       10.449144        3.876907       1.9689863       4.6050702        4.6050702       11.688148       11.688148
              3        10.46788       4.3743973        2.091506       4.6050702        4.6050702        11.72562        11.72562
              2       10.443559       4.0832942       2.0207163       4.6050702        4.6050702       11.676977       11.676977
              2       11.000322       2.4579502       1.5677851       4.6050702        4.6050702       12.790503       12.790503
              2       10.937072       5.5314058       2.3518941       4.6050702        4.6050702       12.664004       12.664004
              1       10.806673       5.3196085       2.3064276       4.6050702        4.6050702       12.403206       12.403206
              2       10.443559       3.9985954       1.9996488       4.6050702        4.6050702       11.676978       11.676978
              2       10.516892       4.6168212       2.1486789       4.6050702        4.6050702       11.823644       11.823644
              1        10.52396       3.4381233       1.8542177       4.6050702        4.6050702        11.83778        11.83778
              2       10.852683       5.3981183       2.3233851       4.6050702        4.6050702       12.495226       12.495226
              2       11.191473       2.2063886       1.4853917       4.6050702        4.6050702       13.172807       13.172807
              1       11.028669       5.6637351       2.3798603       4.6050702        4.6050702       12.847198       12.847198
              2       11.332643          6.0411       2.4578649       4.6050702        4.6050702       13.455145       13.455145
              1       10.834661       2.7139955       1.6474208       4.6050702        4.6050702       12.459181       12.459181
              2       10.968379       2.5039977       1.5824025       4.6050702        4.6050702       12.726618       12.726618
              2       11.226034       2.1645028       1.4712249       4.6050702        4.6050702       13.241927       13.241927
              2       11.000541        2.457639       1.5676859       4.6050702        4.6050702       12.790941       12.790941
              2       10.623993          4.9428       2.2232409       4.6050702        4.6050702       12.037846       12.037846
              2       11.061964       2.3726776       1.5403498       4.6050702        4.6050702       12.913788       12.913788
              1       11.938622       1.4474955       1.2031191       4.6050702        4.6050702       14.667103       14.667103
              1       10.589509        4.852267       2.2027862       4.6050702        4.6050702       11.968878       11.968878
              6       10.458515       4.3037483       2.0745477       4.6050702        4.6050702       11.706889       11.706889
              5       10.443833       3.9859597       1.9964868       4.6050702        4.6050702       11.677525       11.677525
