#        weight    minuslogpost              A2               A   minuslogprior minuslogprior__0            chi2   chi2__loglike
              1       12.646974       1.5421558       1.2418357       4.6050702        4.6050702       16.083807       16.083807
              1         12.4978       1.3236767       1.1505115       4.6050702        4.6050702        15.78546        15.78546
              1       10.813639       1.7426915       1.3201104       4.6050702        4.6050702       12.417138       12.417138
              1       11.535009       2.4907702       1.5782174       4.6050702        4.6050702       13.859878       13.859878
              1       11.880256       2.1167215       1.4548957       4.6050702        4.6050702       14.550372       14.550372
              2       12.060912       2.3788581       1.5423547       4.6050702        4.6050702       14.911684       14.911684
              1       12.090538       2.6774279       1.6362848       4.6050702        4.6050702       14.970935       14.970935
              2       10.643218       2.8395507       1.6850966       4.6050702        4.6050702       12.076297       12.076297
              1       11.262003       2.0653081        1.437118       4.6050702        4.6050702       13.313865       13.313865
              3       11.290963       2.2991779        1.516304       4.6050702        4.6050702       13.371785       13.371785
              1       10.249843        2.755083       1.6598443       4.6050702        4.6050702       11.289546       11.289546
              2       10.406502       3.3759232       1.8373686       4.6050702        4.6050702       11.602865       11.602865
              1       11.986556       4.3417878       2.0836957       4.6050702        4.6050702       14.762972       14.762972
              1        11.40832       3.4819378       1.8659951       4.6050702        4.6050702         13.6065         13.6065
              3       10.159567       3.1762057       1.7821913       4.6050702        4.6050702       11.108993       11.108993
              8       10.304394       3.4231889       1.8501862       4.6050702        4.6050702       11.398648       11.398648
              1       10.226259       2.9882591       1.7286582       4.6050702        4.6050702       11.242378       11.242378
              3       9.7644342       2.7951233       1.6718622       4.6050702        4.6050702       10.318728       10.318728
              1       10.794932       2.8004346       1.6734499       4.6050702        4.6050702       12.379725       12.379725
              1       10.951831       3.3140129        1.820443       4.6050702        4.6050702       12.693522       12.693522
              1        11.24152       2.9035662       1.7039854       4.6050702        4.6050702         13.2729         13.2729
              2       11.119614       2.7023368       1.6438786       4.6050702        4.6050702       13.029087       13.029087
              1        10.92138       3.3979534       1.8433538       4.6050702        4.6050702        12.63262        12.63262
              1       12.203643        2.401733       1.5497526       4.6050702        4.6050702       15.197146       15.197146
              1       11.684418       2.4906685       1.5781852       4.6050702        4.6050702       14.158696       14.158696
              2       11.816318       1.6740117       1.2938361       4.6050702        4.6050702       14.422497       14.422497
              1       11.952188       1.3569913       1.1648997       4.6050702        4.6050702       14.694236       14.694236
              5       11.213103        1.554643       1.2468532       4.6050702        4.6050702       13.216067       13.216067
              1       11.284217       2.3371365       1.5287696       4.6050702        4.6050702       13.358294       13.358294
              2       10.462025        2.429822       1.5587886       4.6050702        4.6050702        11.71391        11.71391
              2       11.801544       1.4558071       1.2065683       4.6050702        4.6050702       14.392948       14.392948
              2       12.686273        1.130691       1.0633395       4.6050702        4.6050702       16.162405       16.162405
              1       12.299185       1.2557562       1.1206053       4.6050702        4.6050702       15.388229       15.388229
              1       11.894426       1.2714052       1.1275661       4.6050702        4.6050702       14.578711       14.578711
              1       12.211157       1.3003845        1.140344       4.6050702        4.6050702       15.212175       15.212175
              2        10.57923       2.3911177       1.5463239       4.6050702        4.6050702       11.948319       11.948319
              1        10.91648       2.5625774       1.6008052       4.6050702        4.6050702       12.622819       12.622819
              5       9.7713915       3.1794446       1.7830997       4.6050702        4.6050702       10.332643       10.332643
              1       10.434149       2.7981069       1.6727543       4.6050702        4.6050702       11.658158       11.658158
              1       11.811243       2.7025791       1.6439523       4.6050702        4.6050702       14.412345       14.412345
              2       10.168731       3.5996261       1.8972681       4.6050702        4.6050702       11.127322       11.127322
              1       11.205028        3.838413       1.9591868       4.6050702        4.6050702       13.199916       13.199916
              3       11.027629       4.2824725       2.0694136       4.6050702        4.6050702       12.845117       12.845117
              6       11.615131        4.337561       2.0826812       4.6050702        4.6050702       14.020121       14.020121
              1       12.271436       5.0056091       2.2373219       4.6050702        4.6050702       15.332731       15.332731
              4       10.292409       4.8838848       2.2099513       4.6050702        4.6050702       11.374678       11.374678
              1       9.9390533       4.9735617       2.2301484       4.6050702        4.6050702       10.667966       10.667966
              2        11.63072       5.5959587       2.3655779       4.6050702        4.6050702       14.051299       14.051299
              1       12.194788       7.7128337       2.7771989       4.6050702        4.6050702       15.179435       15.179435
              1       10.562085       5.1542027       2.2702869       4.6050702        4.6050702       11.914029       11.914029
              2       11.014949        4.413251       2.1007739       4.6050702        4.6050702       12.819758       12.819758
              1        11.13158       4.0001588       2.0000397       4.6050702        4.6050702        13.05302        13.05302
              1       11.039305       3.4133631       1.8475289       4.6050702        4.6050702        12.86847        12.86847
              1       10.102527       4.2570508       2.0632622       4.6050702        4.6050702       10.994913       10.994913
              1       11.655013       4.2924375       2.0718199       4.6050702        4.6050702       14.099886       14.099886
              5       11.673965       5.1487753       2.2690913       4.6050702        4.6050702       14.137789       14.137789
              1       10.923057       4.8664727       2.2060083       4.6050702        4.6050702       12.635973       12.635973
              8       10.400015       5.1192818        2.262583       4.6050702        4.6050702        11.58989        11.58989
              3       11.305174       4.4246769       2.1034916       4.6050702        4.6050702       13.400209       13.400209
              2        10.82032        3.794462       1.9479379       4.6050702        4.6050702         12.4305         12.4305
              1        11.54511       1.7984832       1.3410754       4.6050702        4.6050702       13.880079       13.880079
              2       11.568678       4.6865294       2.1648393       4.6050702        4.6050702       13.927215       13.927215
              5       10.806594       5.2041855       2.2812684       4.6050702        4.6050702       12.403048       12.403048
              1       12.907877        5.183669       2.2767672       4.6050702        4.6050702       16.605613       16.605613
              1       12.710009       6.0730043       2.4643466       4.6050702        4.6050702       16.209877       16.209877
              2       11.932969       4.8707117       2.2069689       4.6050702        4.6050702       14.655798       14.655798
              1       11.340998       3.6203012       1.9027089       4.6050702        4.6050702       13.471856       13.471856
              1       11.283746       2.2411352       1.4970421       4.6050702        4.6050702       13.357352       13.357352
              3       10.135328       4.2831491        2.069577       4.6050702        4.6050702       11.060517       11.060517
              2       10.627808       2.1409779       1.4632081       4.6050702        4.6050702       12.045476       12.045476
              1        10.44334       3.3370883       1.8267699       4.6050702        4.6050702        11.67654        11.67654
              2       11.071532       2.2373258       1.4957693       4.6050702        4.6050702       12.932924       12.932924
              1        12.60848      0.73381846      0.85663205       4.6050702        4.6050702       16.006819       16.006819
              1       11.786679       5.5594958       2.3578583       4.6050702        4.6050702       14.363217       14.363217
              5        10.95699       5.5021281       2.3456616       4.6050702        4.6050702        12.70384        12.70384
              2        10.75512       4.8222248       2.1959565       4.6050702        4.6050702         12.3001         12.3001
              2       11.854684       1.4868131       1.2193495       4.6050702        4.6050702       14.499228       14.499228
              2       12.568476      0.95274099      0.97608452       4.6050702        4.6050702       15.926811       15.926811
              5       11.236735       1.7752092       1.3323698       4.6050702        4.6050702       13.263329       13.263329
              5       11.358341       2.8289111       1.6819367       4.6050702        4.6050702       13.506542       13.506542
              1         10.9665       3.5623327       1.8874143       4.6050702        4.6050702        12.72286        12.72286
              4       10.474501       6.5302467       2.5554347       4.6050702        4.6050702       11.738861       11.738861
              1       11.873348       4.9539588       2.2257491       4.6050702        4.6050702       14.536555       14.536555
              2       11.737544       2.1297803       1.4593767       4.6050702        4.6050702       14.264948       14.264948
              2        11.53972       2.1377878       1.4621176       4.6050702        4.6050702         13.8693         13.8693
              2       12.078061       6.3464581       2.5192178       4.6050702        4.6050702       14.945982       14.945982
              6       13.133929       8.6434322       2.9399715       4.6050702        4.6050702       17.057717       17.057717
             15       10.451584       4.8396503       2.1999205       4.6050702        4.6050702       11.693027       11.693027
              1       11.689474       6.8205726       2.6116226       4.6050702        4.6050702       14.168807       14.168807
              1       12.159847        4.731703       2.1752478       4.6050702        4.6050702       15.109554       15.109554
              3       11.307355       3.4581151       1.8596008       4.6050702        4.6050702       13.404569       13.404569
              1       11.946854       3.9861542       1.9965355       4.6050702        4.6050702       14.683568       14.683568
              1       12.167544       5.2641809       2.2943803       4.6050702        4.6050702       15.124948       15.124948
              5       12.142707       1.2361522       1.1118238       4.6050702        4.6050702       15.075273       15.075273
              1       10.666172       2.2084914       1.4860994       4.6050702        4.6050702       12.122204       12.122204
              7       10.771221       2.7197492       1.6491662       4.6050702        4.6050702       12.332302       12.332302
              1       12.104054       4.5122637        2.124209       4.6050702        4.6050702       14.997968       14.997968
              1       13.030958       6.4276316       2.5352774       4.6050702        4.6050702       16.851776       16.851776
              1       12.796459       5.6790057       2.3830664       4.6050702        4.6050702       16.382778       16.382778
              1       12.114722       1.8462145       1.3587548       4.6050702        4.6050702       15.019303       15.019303
              1       12.757624        4.384566       2.0939355       4.6050702        4.6050702       16.305108       16.305108
              7       12.166839       5.3278752       2.3082191       4.6050702        4.6050702       15.123538       15.123538
              1       12.203458       2.7117736       1.6467464       4.6050702        4.6050702       15.196776       15.196776
              3       11.980932       1.7213713       1.3120104       4.6050702        4.6050702       14.751725       14.751725
              1       10.515827       4.5720777       2.1382417       4.6050702        4.6050702       11.821514       11.821514
              3       12.327718       5.0893482       2.2559584       4.6050702        4.6050702       15.445295       15.445295
              2       13.933084       7.8127518         2.79513       4.6050702        4.6050702       18.656028       18.656028
              1       11.583521       1.6109379       1.2692273       4.6050702        4.6050702       13.956901       13.956901
              1       11.484391       3.6875621       1.9203026       4.6050702        4.6050702       13.758642       13.758642
              1       12.203397       4.1493738       2.0370012       4.6050702        4.6050702       15.196654       15.196654
              1       11.556594        4.018723       2.0046753       4.6050702        4.6050702       13.903047       13.903047
              4       11.223786       4.5832165       2.1408448       4.6050702        4.6050702       13.237432       13.237432
              1       11.169254       6.7253926       2.5933362       4.6050702        4.6050702       13.128368       13.128368
             14       11.179829       3.6817712       1.9187942       4.6050702        4.6050702       13.149518       13.149518
              7       10.316952       4.5889764       2.1421896       4.6050702        4.6050702       11.423763       11.423763
              1       12.768332       7.0178909       2.6491302       4.6050702        4.6050702       16.326524       16.326524
              8       11.365309       2.7737784       1.6654664       4.6050702        4.6050702       13.520477       13.520477
              2       12.841995        5.655278       2.3780828       4.6050702        4.6050702        16.47385        16.47385
              1       11.309114       4.8648361       2.2056373       4.6050702        4.6050702       13.408088       13.408088
              1       12.704825       2.0348049       1.4264659       4.6050702        4.6050702        16.19951        16.19951
              3       12.423648        1.324713       1.1509618       4.6050702        4.6050702       15.637155       15.637155
              5       11.499994       1.2429907       1.1148949       4.6050702        4.6050702       13.789848       13.789848
              1       12.021468       1.3296527       1.1531057       4.6050702        4.6050702       14.832796       14.832796
              3       11.285956       3.5259584       1.8777536       4.6050702        4.6050702       13.361772       13.361772
              7        10.85553       4.7786852       2.1860204       4.6050702        4.6050702        12.50092        12.50092
              1       11.479966       3.7099601       1.9261257       4.6050702        4.6050702       13.749791       13.749791
              1       11.836457       4.6904549       2.1657458       4.6050702        4.6050702       14.462774       14.462774
              8       9.4002325       3.5037957       1.8718429       4.6050702        4.6050702       9.5903246       9.5903246
              1       11.400993       2.2547766       1.5015914       4.6050702        4.6050702       13.591845       13.591845
              1       12.820354       4.7877814       2.1880999       4.6050702        4.6050702       16.430567       16.430567
             14       11.921902       1.8221081       1.3498548       4.6050702        4.6050702       14.633664       14.633664
              2       12.496588        1.653522       1.2858935       4.6050702        4.6050702       15.783035       15.783035
              8       11.229235       3.4055237       1.8454061       4.6050702        4.6050702        13.24833        13.24833
              3       10.741689       3.3843412       1.8396579       4.6050702        4.6050702       12.273237       12.273237
              2       10.394199       4.8233204       2.1962059       4.6050702        4.6050702       11.578258       11.578258
              2       11.307393       3.2085654       1.7912469       4.6050702        4.6050702       13.404645       13.404645
              1       11.892133       1.4317545       1.1965594       4.6050702        4.6050702       14.574126       14.574126
              1       12.051782       1.3004415        1.140369       4.6050702        4.6050702       14.893423       14.893423
              2       11.928539        1.373514       1.1719701       4.6050702        4.6050702       14.646937       14.646937
              2       12.738756      0.84702572         0.92034       4.6050702        4.6050702       16.267371       16.267371
              1       12.217929       2.4281069       1.5582384       4.6050702        4.6050702       15.225717       15.225717
              5       10.753586       5.3565093       2.3144134       4.6050702        4.6050702       12.297032       12.297032
              4       11.768195       6.2576794       2.5015354       4.6050702        4.6050702        14.32625        14.32625
              2       10.996781       2.7680019       1.6637313       4.6050702        4.6050702       12.783422       12.783422
              5       11.010024       3.8868515       1.9715099       4.6050702        4.6050702       12.809907       12.809907
              2       11.253073       2.9221712       1.7094359       4.6050702        4.6050702       13.296006       13.296006
              4       12.074807        1.591266       1.2614539       4.6050702        4.6050702       14.939473       14.939473
              1       12.201753       1.5003037       1.2248689       4.6050702        4.6050702       15.193365       15.193365
              1       11.025738       3.6964565       1.9226171       4.6050702        4.6050702       12.841335       12.841335
              4       11.073795        5.111218       2.2608003       4.6050702        4.6050702        12.93745        12.93745
              2       12.988687       1.2892111       1.1354343       4.6050702        4.6050702       16.767235       16.767235
              4        12.47175       1.4184504       1.1909872       4.6050702        4.6050702       15.733359       15.733359
              4       12.569545       1.4434234       1.2014256       4.6050702        4.6050702        15.92895        15.92895
              4       11.297753       1.7744394       1.3320809       4.6050702        4.6050702       13.385365       13.385365
              1       11.025779        3.556984       1.8859968       4.6050702        4.6050702       12.841418       12.841418
              3       11.478406       3.9826593       1.9956601       4.6050702        4.6050702       13.746671       13.746671
              1       12.355298        5.198167       2.2799489       4.6050702        4.6050702       15.500456       15.500456
              2       11.288429       1.8017427       1.3422901       4.6050702        4.6050702       13.366719       13.366719
              3       10.509088       3.5978022       1.8967873       4.6050702        4.6050702       11.808036       11.808036
              5       11.187953       3.8230991       1.9552747       4.6050702        4.6050702       13.165766       13.165766
              3       11.388179       2.6444957       1.6261905       4.6050702        4.6050702       13.566218       13.566218
              5       11.382611       3.2407421       1.8002061       4.6050702        4.6050702       13.555081       13.555081
              3       11.614653       1.9807069       1.4073759       4.6050702        4.6050702       14.019165       14.019165
              3       11.494105       5.7111478       2.3898008       4.6050702        4.6050702        13.77807        13.77807
              6       10.663154       3.4748363       1.8640913       4.6050702        4.6050702       12.116167       12.116167
              1       11.673061       2.6864449       1.6390378       4.6050702        4.6050702       14.135982       14.135982
              1       11.091384       2.1309813       1.4597881       4.6050702        4.6050702       12.972627       12.972627
              1       11.436555       2.3455982       1.5315346       4.6050702        4.6050702       13.662969       13.662969
              5       11.143883       4.9274259       2.2197806       4.6050702        4.6050702       13.077626       13.077626
              2       11.006416       3.9380541       1.9844531       4.6050702        4.6050702       12.802692       12.802692
              2       11.141975       2.2480915       1.4993637       4.6050702        4.6050702        13.07381        13.07381
              4       13.813057        7.199537       2.6831953       4.6050702        4.6050702       18.415974       18.415974
             18       10.927451       1.5169869       1.2316602       4.6050702        4.6050702       12.644761       12.644761
              3       10.791574       2.5272838       1.5897433       4.6050702        4.6050702       12.373007       12.373007
              7       10.347047       3.2149697       1.7930337       4.6050702        4.6050702       11.483953       11.483953
              1       11.745656       3.2499698       1.8027673       4.6050702        4.6050702       14.281171       14.281171
              1       11.442253       5.0765911       2.2531292       4.6050702        4.6050702       13.674366       13.674366
              1       11.110825       2.4806988       1.5750234       4.6050702        4.6050702        13.01151        13.01151
              5       10.678357       3.9998261       1.9999565       4.6050702        4.6050702       12.146575       12.146575
              2       11.344102       2.4464777        1.564122       4.6050702        4.6050702       13.478063       13.478063
              3       11.440566       3.1468159       1.7739267       4.6050702        4.6050702       13.670991       13.670991
              1       10.129392       3.6346627       1.9064791       4.6050702        4.6050702       11.048643       11.048643
              4       10.436445       6.2478814       2.4995762       4.6050702        4.6050702       11.662749       11.662749
              6       10.660506       4.4689386       2.1139864       4.6050702        4.6050702       12.110871       12.110871
              4       11.986918       6.5444638        2.558215       4.6050702        4.6050702       14.763695       14.763695
             10       10.638539       4.6544332       2.1574135       4.6050702        4.6050702       12.066937       12.066937
             10       10.319302       3.0020026       1.7326288       4.6050702        4.6050702       11.428464       11.428464
             18       9.8694324       5.1997024       2.2802856       4.6050702        4.6050702       10.528724       10.528724
              9       11.255895       2.5231988        1.588458       4.6050702        4.6050702       13.301649       13.301649
              2       11.149997       1.3639009       1.1678617       4.6050702        4.6050702       13.089853       13.089853
              1        11.84654       1.9585859       1.3994949       4.6050702        4.6050702        14.48294        14.48294
              2        11.91306       1.6761131       1.2946479       4.6050702        4.6050702        14.61598        14.61598
              9       10.512132       4.5288542       2.1281105       4.6050702        4.6050702       11.814124       11.814124
             14       10.148431       4.4916169       2.1193435       4.6050702        4.6050702       11.086721       11.086721
              1       11.835449       6.4563149        2.540928       4.6050702        4.6050702       14.460758       14.460758
              1       11.015091       4.7330104       2.1755483       4.6050702        4.6050702       12.820041       12.820041
              3       10.973651       2.0807886       1.4424939       4.6050702        4.6050702       12.737162       12.737162
              2       11.679377       4.8840404       2.2099865       4.6050702        4.6050702       14.148614       14.148614
              3       11.182706       4.6290813         2.15153       4.6050702        4.6050702       13.155271       13.155271
              1       10.979648       3.0915239        1.758273       4.6050702        4.6050702       12.749156       12.749156
              4       10.507562       5.5662293       2.3592858       4.6050702        4.6050702       11.804983       11.804983
              5       11.501921        4.257719       2.0634241       4.6050702        4.6050702       13.793702       13.793702
              2       12.108699       1.4796549       1.2164107       4.6050702        4.6050702       15.007257       15.007257
              1       12.127043       1.2366258       1.1120368       4.6050702        4.6050702       15.043946       15.043946
              2       12.938867       2.4370033       1.5610904       4.6050702        4.6050702       16.667593       16.667593
              5       11.215327       2.0776762       1.4414146       4.6050702        4.6050702       13.220513       13.220513
              3       11.178006       2.1967526       1.4821446       4.6050702        4.6050702       13.145872       13.145872
              2       11.798109       6.1017147       2.4701649       4.6050702        4.6050702       14.386078       14.386078
              1       11.072627       4.4717367       2.1146481       4.6050702        4.6050702       12.935113       12.935113
              2       12.120849       3.8310102       1.9572967       4.6050702        4.6050702       15.031558       15.031558
              1       10.564126       3.2899849       1.8138316       4.6050702        4.6050702       11.918113       11.918113
              2       11.307811       2.9124561       1.7065919       4.6050702        4.6050702       13.405481       13.405481
              5       11.224575       4.2139362       2.0527874       4.6050702        4.6050702       13.239009       13.239009
              3        13.18537       6.4629391       2.5422311       4.6050702        4.6050702       17.160599       17.160599
              5       9.6752369       3.5800507       1.8921022       4.6050702        4.6050702       10.140333       10.140333
              8       10.888712       1.7781409       1.3334695       4.6050702        4.6050702       12.567283       12.567283
              2       10.465427       2.8182087       1.6787521       4.6050702        4.6050702       11.720713       11.720713
              1       11.654029        2.335795       1.5283308       4.6050702        4.6050702       14.097917       14.097917
              3       10.168277       3.5686744       1.8890935       4.6050702        4.6050702       11.126413       11.126413
              3       11.767394       2.3440539       1.5310303       4.6050702        4.6050702       14.324647       14.324647
              1       10.586668        6.107323       2.4712999       4.6050702        4.6050702       11.963195       11.963195
              3       10.556263       3.6755946        1.917184       4.6050702        4.6050702       11.902385       11.902385
              5       10.586505       3.2189633        1.794147       4.6050702        4.6050702        11.96287        11.96287
              2       10.443695       3.5633506       1.8876839       4.6050702        4.6050702        11.67725        11.67725
              2       11.288733       3.4911496       1.8684618       4.6050702        4.6050702       13.367326       13.367326
              5        11.15111        3.358907       1.8327321       4.6050702        4.6050702        13.09208        13.09208
              1       11.323457       1.6276513       1.2757944       4.6050702        4.6050702       13.436774       13.436774
              3       11.229725       2.0760308       1.4408438       4.6050702        4.6050702       13.249309       13.249309
              1       11.337861       3.7189026       1.9284456       4.6050702        4.6050702       13.465582       13.465582
              1       12.517904       1.5887267        1.260447       4.6050702        4.6050702       15.825667       15.825667
              1       12.847443      0.97006051       0.9849165       4.6050702        4.6050702       16.484746       16.484746
              3       10.648071       3.7243989       1.9298702       4.6050702        4.6050702       12.086001       12.086001
              2       10.207864       3.9024056       1.9754507       4.6050702        4.6050702       11.205587       11.205587
              1       11.165823       1.5573356       1.2479325       4.6050702        4.6050702       13.121505       13.121505
              3       10.386468       3.5762528       1.8910983       4.6050702        4.6050702       11.562795       11.562795
              4       11.708709       6.2914519       2.5082767       4.6050702        4.6050702       14.207278       14.207278
              2       11.292118        2.955067       1.7190308       4.6050702        4.6050702       13.374096       13.374096
              1       10.378516       2.5671161       1.6022222       4.6050702        4.6050702       11.546891       11.546891
              1       12.917077       7.6329366        2.762777       4.6050702        4.6050702       16.624014       16.624014
              3       12.688016       0.9028916      0.95020608       4.6050702        4.6050702       16.165892       16.165892
              1       11.301187       1.4215032       1.1922681       4.6050702        4.6050702       13.392234       13.392234
              1       11.168937       3.1906783        1.786247       4.6050702        4.6050702       13.127733       13.127733
              8       9.8048989       4.0295786        2.007381       4.6050702        4.6050702       10.399657       10.399657
              9       10.068379       4.1037373       2.0257683       4.6050702        4.6050702       10.926618       10.926618
              1        11.41068       3.6568703       1.9122945       4.6050702        4.6050702       13.611219       13.611219
              1       12.051172       3.0842762       1.7562108       4.6050702        4.6050702       14.892203       14.892203
              1       11.519466       4.6806814       2.1634882       4.6050702        4.6050702       13.828792       13.828792
              3       11.546086       1.7323796       1.3161989       4.6050702        4.6050702       13.882031       13.882031
              2       11.250382       1.3704033       1.1706423       4.6050702        4.6050702       13.290624       13.290624
              2       11.429539       1.2091903       1.0996319       4.6050702        4.6050702       13.648937       13.648937
              1       11.284584       1.5352942       1.2390699       4.6050702        4.6050702       13.359028       13.359028
              3       10.464028       4.0367148       2.0091577       4.6050702        4.6050702       11.717915       11.717915
              2          10.901       1.9350199       1.3910499       4.6050702        4.6050702        12.59186        12.59186
              4       10.577614       3.4205325       1.8494682       4.6050702        4.6050702       11.945088       11.945088
              1       12.099148       4.8030642       2.1915894       4.6050702        4.6050702       14.988156       14.988156
              1       12.224101       2.9282288       1.7112068       4.6050702        4.6050702       15.238061       15.238061
              1       12.780932      0.75566711      0.86929115       4.6050702        4.6050702       16.351724       16.351724
              1       12.563466       2.9525378        1.718295       4.6050702        4.6050702       15.916791       15.916791
              1       12.447468       3.5139357       1.8745495       4.6050702        4.6050702       15.684797       15.684797
              2       12.363499       4.1973432       2.0487418       4.6050702        4.6050702       15.516858       15.516858
              5       11.518986       6.6497759       2.5787159       4.6050702        4.6050702       13.827831       13.827831
              3       10.207636       3.1317253       1.7696681       4.6050702        4.6050702       11.205131       11.205131
              2       9.8118436       2.7856629       1.6690305       4.6050702        4.6050702       10.413547       10.413547
             21       10.113652       6.1173139       2.4733204       4.6050702        4.6050702       11.017164       11.017164
              1       12.161438       1.4507397       1.2044665       4.6050702        4.6050702       15.112735       15.112735
              2       11.194062       1.9788512       1.4067164       4.6050702        4.6050702       13.177983       13.177983
              4       11.151995       3.9520968       1.9879881       4.6050702        4.6050702       13.093849       13.093849
              1        10.78047       3.2595935       1.8054344       4.6050702        4.6050702       12.350801       12.350801
              3       10.063738       3.3126043       1.8200561       4.6050702        4.6050702       10.917336       10.917336
              1       11.453108       2.1815887       1.4770202       4.6050702        4.6050702       13.696076       13.696076
              2       12.573749       6.4437467       2.5384536       4.6050702        4.6050702       15.937357       15.937357
              1        11.86371        5.290293       2.3000637       4.6050702        4.6050702       14.517279       14.517279
              2       13.477973      0.33944254      0.58261697       4.6050702        4.6050702       17.745806       17.745806
              9       10.618763       3.3408071       1.8277875       4.6050702        4.6050702       12.027386       12.027386
             12       9.9491979       3.4783504       1.8650336       4.6050702        4.6050702       10.688255       10.688255
              7       10.636193       3.9713142       1.9928156       4.6050702        4.6050702       12.062245       12.062245
              6       10.587633       3.5636905        1.887774       4.6050702        4.6050702       11.965125       11.965125
              3       10.687485       4.2844087       2.0698813       4.6050702        4.6050702       12.164829       12.164829
              1       12.176112        2.552663       1.5977056       4.6050702        4.6050702       15.142084       15.142084
              3       12.542875       7.0807875       2.6609749       4.6050702        4.6050702       15.875609       15.875609
              1       15.280086        7.896264       2.8100292       4.6050702        4.6050702       21.350031       21.350031
              1       13.254677       4.4604727       2.1119831       4.6050702        4.6050702       17.299213       17.299213
              2       10.224879       2.3553818       1.5347253       4.6050702        4.6050702       11.239617       11.239617
             44       9.1518391       4.7198531       2.1725223       4.6050702        4.6050702       9.0935379       9.0935379
             10       10.181611       2.5359737       1.5924741       4.6050702        4.6050702       11.153081       11.153081
              1       11.740886       7.0943854       2.6635288       4.6050702        4.6050702       14.271632       14.271632
             19       10.170056       4.0900041       2.0223758       4.6050702        4.6050702       11.129971       11.129971
              3       10.325174       3.3156217       1.8208849       4.6050702        4.6050702       11.440209       11.440209
              6         9.26191       4.2907172       2.0714046       4.6050702        4.6050702       9.3136797       9.3136797
             10       10.472642       4.3981502       2.0971767       4.6050702        4.6050702       11.735144       11.735144
             13       11.830326       3.9714245       1.9928433       4.6050702        4.6050702       14.450511       14.450511
              1       11.028361       5.5707131       2.3602358       4.6050702        4.6050702       12.846582       12.846582
              1        10.10509       4.1093829       2.0271613       4.6050702        4.6050702        11.00004        11.00004
              3       11.037002       2.3326257       1.5272936       4.6050702        4.6050702       12.863864       12.863864
              2       10.730784       3.1954925       1.7875941       4.6050702        4.6050702       12.251428       12.251428
              9       10.342151       2.6797399       1.6369911       4.6050702        4.6050702       11.474162       11.474162
