#        weight    minuslogpost              A2               A   minuslogprior minuslogprior__0            chi2   chi2__loglike
              2       12.596794      0.77674356      0.88133057       4.6050702        4.6050702       15.983447       15.983447
              1       11.395143       2.1950392       1.4815665       4.6050702        4.6050702       13.580145       13.580145
              1       11.753361       3.3411205       1.8278732       4.6050702        4.6050702       14.296581       14.296581
              1       9.8725114       3.1101538       1.7635628       4.6050702        4.6050702       10.534882       10.534882
              2       10.587608       3.3024238       1.8172572       4.6050702        4.6050702       11.965075       11.965075
              2        11.01267       2.8182222       1.6787561       4.6050702        4.6050702       12.815199       12.815199
              1       11.592036       1.4258565       1.1940923       4.6050702        4.6050702       13.973931       13.973931
              1        11.84519       1.1160067       1.0564122       4.6050702        4.6050702        14.48024        14.48024
              4       10.401376       2.9905862       1.7293311       4.6050702        4.6050702       11.592612       11.592612
              4       9.7076479       3.1428999       1.7728226       4.6050702        4.6050702       10.205156       10.205156
              2       10.917334       4.6360799       2.1531558       4.6050702        4.6050702       12.624528       12.624528
              1       9.8212164       4.2479765        2.061062       4.6050702        4.6050702       10.432292       10.432292
              2       11.921186       4.2969461       2.0729076       4.6050702        4.6050702       14.632232       14.632232
              4       9.8834132        4.366564       2.0896325       4.6050702        4.6050702       10.556686       10.556686
              1       10.631427        4.510441       2.1237799       4.6050702        4.6050702       12.052714       12.052714
              1       11.504571       4.1696794       2.0419793       4.6050702        4.6050702       13.799002       13.799002
              2       11.401201       3.6764305        1.917402       4.6050702        4.6050702       13.592262       13.592262
              1       11.144737       4.3200829       2.0784809       4.6050702        4.6050702       13.079334       13.079334
              1       12.054667       4.2158778       2.0532603       4.6050702        4.6050702       14.899194       14.899194
              1       11.911523       3.7301763       1.9313664       4.6050702        4.6050702       14.612905       14.612905
              1       11.954803       3.3555146       1.8318064       4.6050702        4.6050702       14.699466       14.699466
              3       10.351493       4.1714691       2.0424175       4.6050702        4.6050702       11.492845       11.492845
              2       9.8189445       4.5812143       2.1403771       4.6050702        4.6050702       10.427749       10.427749
              2         11.1716       4.2295995        2.056599       4.6050702        4.6050702       13.133059       13.133059
              1       12.642996       3.9187476       1.9795827       4.6050702        4.6050702       16.075852       16.075852
              1       11.286501       4.0229446       2.0057279       4.6050702        4.6050702       13.362862       13.362862
              1       10.466087        4.577311       2.1394651       4.6050702        4.6050702       11.722034       11.722034
              2       11.122541         3.70868       1.9257933       4.6050702        4.6050702       13.034941       13.034941
              1       10.995295        3.750013        1.936495       4.6050702        4.6050702        12.78045        12.78045
              1       10.163804       3.8890083       1.9720569       4.6050702        4.6050702       11.117468       11.117468
              1       11.451734       3.2708805       1.8085576       4.6050702        4.6050702       13.693328       13.693328
              1       10.766282       3.3380284       1.8270272       4.6050702        4.6050702       12.322424       12.322424
              3       10.375797        4.153005       2.0378923       4.6050702        4.6050702       11.541454       11.541454
              1        10.77415       5.5732227       2.3607674       4.6050702        4.6050702       12.338159       12.338159
              2        11.07027       3.6868682       1.9201219       4.6050702        4.6050702         12.9304         12.9304
              1       12.075419        3.218963       1.7941469       4.6050702        4.6050702       14.940697       14.940697
              1       11.600437       3.4169928        1.848511       4.6050702        4.6050702       13.990734       13.990734
              6       9.6984777       3.9915643         1.99789       4.6050702        4.6050702       10.186815       10.186815
              2          10.261       3.0364984       1.7425551       4.6050702        4.6050702       11.311859       11.311859
              2       10.142488       3.4964931       1.8698912       4.6050702        4.6050702       11.074836       11.074836
              2        11.05603       3.6130905       1.9008131       4.6050702        4.6050702        12.90192        12.90192
              1       11.824593       2.6172587       1.6177944       4.6050702        4.6050702       14.439045       14.439045
              1       12.862455      0.86008991      0.92741033       4.6050702        4.6050702       16.514771       16.514771
              1       12.857597       1.2115922       1.1007235       4.6050702        4.6050702       16.505053       16.505053
              3       11.438156       2.1302979        1.459554       4.6050702        4.6050702       13.666172       13.666172
              2       13.927215     0.084510745      0.29070732       4.6050702        4.6050702        18.64429        18.64429
              3       12.666547      0.89475786      0.94591641       4.6050702        4.6050702       16.122953       16.122953
              1       12.567937       1.2429374        1.114871       4.6050702        4.6050702       15.925734       15.925734
              3         11.1632       1.7335712       1.3166515       4.6050702        4.6050702        13.11626        13.11626
              2       11.040107       2.3659633       1.5381688       4.6050702        4.6050702       12.870074       12.870074
              1        11.53263       2.9646285       1.7218097       4.6050702        4.6050702       13.855119       13.855119
              1       11.312124       2.9362997       1.7135634       4.6050702        4.6050702       13.414108       13.414108
              1        11.44499        2.564652       1.6014531       4.6050702        4.6050702       13.679839       13.679839
              1       10.951474       4.9186362       2.2177999       4.6050702        4.6050702       12.692807       12.692807
              2       11.551204       4.0336976       2.0084067       4.6050702        4.6050702       13.892269       13.892269
              5       11.062217       2.3575993       1.5354476       4.6050702        4.6050702       12.914294       12.914294
              1       12.497147       1.0656219       1.0322896       4.6050702        4.6050702       15.784155       15.784155
              1       11.824185       1.0358715       1.0177777       4.6050702        4.6050702       14.438229       14.438229
              1       11.944443       1.3570644       1.1649311       4.6050702        4.6050702       14.678746       14.678746
              2       11.883779       1.6428021       1.2817184       4.6050702        4.6050702       14.557417       14.557417
              1       12.374866       1.6900834       1.3000321       4.6050702        4.6050702       15.539593       15.539593
              1       11.592857       2.5208643        1.587723       4.6050702        4.6050702       13.975574       13.975574
              2       11.473999       3.1960112       1.7877391       4.6050702        4.6050702       13.737858       13.737858
              2       10.970689       3.2878906       1.8132541       4.6050702        4.6050702       12.731238       12.731238
              5       10.688986        4.105424       2.0261846       4.6050702        4.6050702       12.167832       12.167832
              9       10.076377       4.2539607       2.0625132       4.6050702        4.6050702       10.942614       10.942614
              9       10.079726       5.3800796       2.3194999       4.6050702        4.6050702       10.949313       10.949313
              2       12.725769        3.902296        1.975423       4.6050702        4.6050702       16.241398       16.241398
              1       13.174251       4.6058143       2.1461161       4.6050702        4.6050702       17.138361       17.138361
              3        10.84158       3.8185849         1.95412       4.6050702        4.6050702        12.47302        12.47302
              1       10.749794       2.9229671       1.7096687       4.6050702        4.6050702       12.289448       12.289448
              1       11.831606       2.1050291       1.4508719       4.6050702        4.6050702       14.453073       14.453073
              1       11.618635       1.4151466       1.1895993       4.6050702        4.6050702        14.02713        14.02713
              4       11.397317       1.9735907       1.4048454       4.6050702        4.6050702       13.584494       13.584494
              2       11.066565       2.4822145       1.5755045       4.6050702        4.6050702       12.922989       12.922989
              2       11.474366       1.8987522       1.3779522       4.6050702        4.6050702       13.738591       13.738591
              1       11.746056       1.2672158       1.1257068       4.6050702        4.6050702       14.281972       14.281972
              1       12.759815       1.4470576       1.2029371       4.6050702        4.6050702        16.30949        16.30949
              1       12.496131       1.8321415       1.3535662       4.6050702        4.6050702       15.782122       15.782122
              5       11.016858       2.2348117       1.4949287       4.6050702        4.6050702       12.823575       12.823575
              4       10.572138        3.397148       1.8431354       4.6050702        4.6050702       11.934135       11.934135
              1       11.976993       3.6421331       1.9084373       4.6050702        4.6050702       14.743846       14.743846
              1       11.603133       2.3986111        1.548745       4.6050702        4.6050702       13.996125       13.996125
              1       12.355175       4.3271611        2.080183       4.6050702        4.6050702        15.50021        15.50021
              1       11.785726        5.266362       2.2948556       4.6050702        4.6050702       14.361312       14.361312
              3       11.162188       4.7956206       2.1898905       4.6050702        4.6050702       13.114237       13.114237
             17       10.215393       5.5461919       2.3550354       4.6050702        4.6050702       11.220645       11.220645
              5        10.42494       3.0731402       1.7530374       4.6050702        4.6050702        11.63974        11.63974
              3       9.7019127       4.0982864       2.0244225       4.6050702        4.6050702       10.193685       10.193685
              1       11.077927       1.6773991       1.2951444       4.6050702        4.6050702       12.945713       12.945713
              2       10.695076       3.9230819       1.9806771       4.6050702        4.6050702       12.180012       12.180012
              1       12.309525       4.4969057       2.1205909       4.6050702        4.6050702       15.408909       15.408909
              3       11.215521       4.8068976       2.1924638       4.6050702        4.6050702       13.220901       13.220901
              5       10.825579       3.1359711       1.7708673       4.6050702        4.6050702       12.441017       12.441017
              3       12.561411       2.2410326       1.4970079       4.6050702        4.6050702       15.912682       15.912682
              6       11.669971       1.4699277       1.2124058       4.6050702        4.6050702       14.129801       14.129801
              1       9.8304751       6.7126664       2.5908814       4.6050702        4.6050702        10.45081        10.45081
              6       9.4617163       3.6042326       1.8984817       4.6050702        4.6050702       9.7132923       9.7132923
              1          11.067       4.0171045       2.0042716       4.6050702        4.6050702       12.923859       12.923859
              1       11.135686       5.9080497        2.430648       4.6050702        4.6050702       13.061231       13.061231
              1       9.1806925       4.8446568       2.2010581       4.6050702        4.6050702       9.1512446       9.1512446
              2       10.271702       2.9543676       1.7188274       4.6050702        4.6050702       11.333263       11.333263
              1       10.541556       5.3169836       2.3058585       4.6050702        4.6050702       11.872971       11.872971
              1       10.350983       3.4538663        1.858458       4.6050702        4.6050702       11.491825       11.491825
             11       10.443733       5.5320235       2.3520254       4.6050702        4.6050702       11.677326       11.677326
              7       10.658751       2.7647499       1.6627537       4.6050702        4.6050702       12.107362       12.107362
             12       10.741713       3.1187161       1.7659887       4.6050702        4.6050702       12.273285       12.273285
              2         12.5328       4.7309528       2.1750753       4.6050702        4.6050702        15.85546        15.85546
              1       12.733151       1.5930573       1.2621637       4.6050702        4.6050702       16.256163       16.256163
              2       11.520015        1.805848       1.3438184       4.6050702        4.6050702       13.829889       13.829889
              4       10.314011       5.9097111       2.4309897       4.6050702        4.6050702       11.417882       11.417882
              3       11.096641       3.9423257       1.9855291       4.6050702        4.6050702       12.983141       12.983141
              1       12.071612       3.8600326       1.9646966       4.6050702        4.6050702       14.933084       14.933084
              2       11.419893       4.1944497       2.0480356       4.6050702        4.6050702       13.629646       13.629646
              2       10.813201       3.5519509        1.884662       4.6050702        4.6050702       12.416261       12.416261
              5       12.189859       5.5522459       2.3563204       4.6050702        4.6050702       15.169578       15.169578
              1       10.388659       3.6472728       1.9097834       4.6050702        4.6050702       11.567178       11.567178
              3       10.915244       2.3638595       1.5374848       4.6050702        4.6050702       12.620347       12.620347
             11       10.645274          5.4743       2.3397222       4.6050702        4.6050702       12.080407       12.080407
              6       10.899407       4.9372512       2.2219926       4.6050702        4.6050702       12.588674       12.588674
              7       9.6954303       5.1403807       2.2672408       4.6050702        4.6050702        10.18072        10.18072
              4       12.001199       1.8710477       1.3678625       4.6050702        4.6050702       14.792257       14.792257
              5       11.810622       1.2856944       1.1338846       4.6050702        4.6050702       14.411104       14.411104
              1       13.273602      0.55326732      0.74381941       4.6050702        4.6050702       17.337063       17.337063
              1       12.447501       1.0354651       1.0175781       4.6050702        4.6050702       15.684861       15.684861
              6       11.202087       5.3087417       2.3040707       4.6050702        4.6050702       13.194033       13.194033
              5       11.079568       6.3919293       2.5282265       4.6050702        4.6050702       12.948996       12.948996
              1       11.546222       5.2322494       2.2874111       4.6050702        4.6050702       13.882303       13.882303
              1       11.699729        7.133823       2.6709218       4.6050702        4.6050702       14.189317       14.189317
              1       11.717493       6.2793983       2.5058728       4.6050702        4.6050702       14.224846       14.224846
              4       10.950861       2.9589293       1.7201539       4.6050702        4.6050702       12.691581       12.691581
              2        12.53911       3.8231855       1.9552968       4.6050702        4.6050702        15.86808        15.86808
              3       11.277505       3.5648839         1.88809       4.6050702        4.6050702       13.344869       13.344869
              2       10.151025       2.1158099       1.4545824       4.6050702        4.6050702       11.091909       11.091909
              2       9.4592155       3.9754286       1.9938477       4.6050702        4.6050702       9.7082907       9.7082907
              3       9.9588413        2.665423       1.6326123       4.6050702        4.6050702       10.707542       10.707542
             16       10.308597       2.6050875       1.6140283       4.6050702        4.6050702       11.407053       11.407053
              4       11.438416       3.1032397       1.7616014       4.6050702        4.6050702       13.666691       13.666691
              1        11.17535       3.2599864       1.8055432       4.6050702        4.6050702        13.14056        13.14056
              4       11.393316        3.173837       1.7815266       4.6050702        4.6050702       13.576492       13.576492
              4       11.606945       6.3486028       2.5196434       4.6050702        4.6050702        14.00375        14.00375
              1       12.139005        6.970749       2.6402176       4.6050702        4.6050702        15.06787        15.06787
              7       9.8206877        3.954277       1.9885364       4.6050702        4.6050702       10.431235       10.431235
              6        11.01924        1.704806       1.3056822       4.6050702        4.6050702        12.82834        12.82834
              1       10.974239       3.6426101       1.9085623       4.6050702        4.6050702       12.738337       12.738337
              5       11.427372       6.4538202        2.540437       4.6050702        4.6050702       13.644603       13.644603
              1       11.554581       2.1974015       1.4823635       4.6050702        4.6050702       13.899022       13.899022
              3       11.314532       3.4665075       1.8618559       4.6050702        4.6050702       13.418923       13.418923
              4       11.198669       3.8855069       1.9711689       4.6050702        4.6050702       13.187197       13.187197
              2       11.211784       2.4811008        1.575151       4.6050702        4.6050702       13.213428       13.213428
              3        11.98985      0.92454241      0.96153128       4.6050702        4.6050702        14.76956        14.76956
              3       11.545637       3.3034628       1.8175431       4.6050702        4.6050702       13.881134       13.881134
              2       11.029823       3.3140098       1.8204422       4.6050702        4.6050702       12.849505       12.849505
              1       11.373379       2.8265416       1.6812322       4.6050702        4.6050702       13.536617       13.536617
              3       11.535876       1.8767732       1.3699537       4.6050702        4.6050702       13.861612       13.861612
              4       11.825902       5.8930752       2.4275657       4.6050702        4.6050702       14.441664       14.441664
             13       10.888187       1.9325257       1.3901531       4.6050702        4.6050702       12.566233       12.566233
              1       10.290655       2.1595459       1.4695394       4.6050702        4.6050702       11.371169       11.371169
              1       11.411559       4.7623856       2.1822891       4.6050702        4.6050702       13.612979       13.612979
             13       9.8952714       2.2110445       1.4869581       4.6050702        4.6050702       10.580402       10.580402
              5       11.956244       6.2282121       2.4956386       4.6050702        4.6050702       14.702348       14.702348
              8       11.719104       2.7883734       1.6698423       4.6050702        4.6050702       14.228068       14.228068
              1       10.832006        2.625378       1.6203018       4.6050702        4.6050702       12.453872       12.453872
              2       10.071622       4.0560119       2.0139543       4.6050702        4.6050702       10.933104       10.933104
              3        10.34962       3.3766082        1.837555       4.6050702        4.6050702         11.4891         11.4891
              6       11.366576       3.1006156       1.7608565       4.6050702        4.6050702       13.523012       13.523012
              7       10.024316       3.9320223       1.9829327       4.6050702        4.6050702       10.838492       10.838492
              2       12.172034       3.1740363       1.7815825       4.6050702        4.6050702       15.133928       15.133928
              2       11.100765       4.7789453       2.1860799       4.6050702        4.6050702        12.99139        12.99139
              4       10.466883       5.7374186       2.3952909       4.6050702        4.6050702       11.723625       11.723625
              2       12.192002         1.99362       1.4119561       4.6050702        4.6050702       15.173864       15.173864
              2       11.727489       1.6925753       1.3009901       4.6050702        4.6050702       14.244837       14.244837
             15       10.395948       5.1832834       2.2766825       4.6050702        4.6050702       11.581756       11.581756
              1       10.535759       5.5875338       2.3637965       4.6050702        4.6050702       11.861378       11.861378
              4       11.470711       5.0067679       2.2375808       4.6050702        4.6050702       13.731281       13.731281
             19       10.460765       5.1182896       2.2623637       4.6050702        4.6050702       11.711389       11.711389
              2       9.8100224       4.2974351       2.0730256       4.6050702        4.6050702       10.409905       10.409905
              2       11.258191       3.8023589       1.9499638       4.6050702        4.6050702       13.306241       13.306241
              1       10.764542       1.8247493       1.3508328       4.6050702        4.6050702       12.318944       12.318944
              5       11.342719       2.2539489       1.5013157       4.6050702        4.6050702       13.475297       13.475297
              1       11.244676       4.6170109       2.1487231       4.6050702        4.6050702       13.279211       13.279211
              6       11.101662       4.6408335       2.1542594       4.6050702        4.6050702       12.993184       12.993184
              4       10.929152       2.8241447       1.6805192       4.6050702        4.6050702       12.648163       12.648163
              3       13.682911       6.1960213       2.4891808       4.6050702        4.6050702       18.155682       18.155682
              2       13.031445       1.4829686        1.217772       4.6050702        4.6050702       16.852749       16.852749
              3       11.051709       4.5423218       2.1312723       4.6050702        4.6050702       12.893277       12.893277
              5       10.260483        4.552746       2.1337165       4.6050702        4.6050702       11.310825       11.310825
              2       12.511809       3.3409763       1.8278338       4.6050702        4.6050702       15.813477       15.813477
              7       12.380558       4.6172577       2.1487805       4.6050702        4.6050702       15.550975       15.550975
              2       12.553571       3.7292114       1.9311166       4.6050702        4.6050702       15.897002       15.897002
              8       9.9682478       3.2965549       1.8156417       4.6050702        4.6050702       10.726355       10.726355
              1       10.166496       3.3302531       1.8248981       4.6050702        4.6050702       11.122852       11.122852
              4       11.231974       2.5254466       1.5891654       4.6050702        4.6050702       13.253808       13.253808
              4       10.209732       3.2534104       1.8037213       4.6050702        4.6050702       11.209325       11.209325
              2       11.244614       1.8157006       1.3474793       4.6050702        4.6050702       13.279087       13.279087
              1       11.440872       3.8695024       1.9671051       4.6050702        4.6050702       13.671604       13.671604
              1       11.163277       4.4734684       2.1150575       4.6050702        4.6050702       13.116414       13.116414
              1       11.022749       3.9623588       1.9905674       4.6050702        4.6050702       12.835358       12.835358
              1       10.456282       3.6359257       1.9068104       4.6050702        4.6050702       11.702423       11.702423
              1       11.863601       1.5338687       1.2384945       4.6050702        4.6050702       14.517062       14.517062
              3       11.930519       3.6801854       1.9183809       4.6050702        4.6050702       14.650898       14.650898
              4       11.058505       5.6509742       2.3771778       4.6050702        4.6050702        12.90687        12.90687
              1       11.642531       2.7632541       1.6623038       4.6050702        4.6050702       14.074921       14.074921
              3       12.079283       1.1696692       1.0815125       4.6050702        4.6050702       14.948425       14.948425
              3       10.826978       2.6776234       1.6363445       4.6050702        4.6050702       12.443815       12.443815
              2       10.579566        2.434637       1.5603323       4.6050702        4.6050702       11.948992       11.948992
              6       10.648846       3.0808288        1.755229       4.6050702        4.6050702       12.087551       12.087551
              2       11.153004       3.1254762       1.7679016       4.6050702        4.6050702       13.095868       13.095868
              4       10.613329        2.174612       1.4746566       4.6050702        4.6050702       12.016517       12.016517
              2       11.303898       3.9144498       1.9784969       4.6050702        4.6050702       13.397655       13.397655
              4        10.85939       2.0596193       1.4351374       4.6050702        4.6050702       12.508639       12.508639
              1       12.448442       1.0896444       1.0438604       4.6050702        4.6050702       15.686744       15.686744
             12       10.732365        3.117346       1.7656007       4.6050702        4.6050702        12.25459        12.25459
              1       11.293527       3.8017776       1.9498148       4.6050702        4.6050702       13.376914       13.376914
              1       13.219973        5.483945       2.3417824       4.6050702        4.6050702       17.229806       17.229806
              1       13.233723       6.8729629       2.6216336       4.6050702        4.6050702       17.257305       17.257305
              1       11.313321        4.055858       2.0139161       4.6050702        4.6050702       13.416501       13.416501
              4       11.366523       4.1974384       2.0487651       4.6050702        4.6050702       13.522906       13.522906
              3       11.542108       2.1989574       1.4828882       4.6050702        4.6050702       13.874075       13.874075
              1       10.966827       2.2752285       1.5083861       4.6050702        4.6050702       12.723514       12.723514
             11       10.180032        3.436326        1.853733       4.6050702        4.6050702       11.149923       11.149923
              2       11.534794       6.3143073       2.5128286       4.6050702        4.6050702       13.859448       13.859448
             11       10.344332       7.1750726       2.6786326       4.6050702        4.6050702       11.478524       11.478524
              1       11.399901       4.4768649       2.1158603       4.6050702        4.6050702       13.589661       13.589661
             11       11.233593       2.5858419       1.6080553       4.6050702        4.6050702       13.257046       13.257046
              3       12.411966        1.095887       1.0468462       4.6050702        4.6050702       15.613792       15.613792
              1       13.662027      0.16666064      0.40824091       4.6050702        4.6050702       18.113914       18.113914
              1       13.202586      0.99723358      0.99861583       4.6050702        4.6050702       17.195031       17.195031
              1       9.9699715       3.7951339       1.9481103       4.6050702        4.6050702       10.729803       10.729803
              6       11.461065       5.7189496       2.3914325       4.6050702        4.6050702       13.711989       13.711989
              4       12.175879       6.1260747       2.4750909       4.6050702        4.6050702       15.141617       15.141617
              1       10.802717        3.301621       1.8170363       4.6050702        4.6050702       12.395294       12.395294
              3        12.17568      0.89458833       0.9458268       4.6050702        4.6050702       15.141219       15.141219
              1       10.909332       4.6724921       2.1615948       4.6050702        4.6050702       12.608524       12.608524
              3       12.366711       5.3770237        2.318841       4.6050702        4.6050702       15.523282       15.523282
              4       11.046282        4.024632       2.0061486       4.6050702        4.6050702       12.882423       12.882423
              2       10.482377        2.351439       1.5334403       4.6050702        4.6050702       11.754614       11.754614
              2       11.559063        6.770812       2.6020784       4.6050702        4.6050702       13.907986       13.907986
              5       11.568294       3.8749938       1.9685004       4.6050702        4.6050702       13.926448       13.926448
              1       11.267613       3.3430954       1.8284134       4.6050702        4.6050702       13.325085       13.325085
              6       11.731344       4.6813813         2.16365       4.6050702        4.6050702       14.252549       14.252549
              2       13.646315       5.4760377       2.3400935       4.6050702        4.6050702       18.082489       18.082489
              4       14.810551        8.564185       2.9264629       4.6050702        4.6050702       20.410961       20.410961
              2       11.353243       2.6557217       1.6296385       4.6050702        4.6050702       13.496347       13.496347
              2       11.956433       2.1458275       1.4648643       4.6050702        4.6050702       14.702726       14.702726
              4       11.038327       3.2011058       1.7891634       4.6050702        4.6050702       12.866513       12.866513
              2        12.34226       6.6962498       2.5877113       4.6050702        4.6050702       15.474379       15.474379
              1       10.549177       4.7654593       2.1829932       4.6050702        4.6050702       11.888213       11.888213
              1       11.712935       3.3685194       1.8353527       4.6050702        4.6050702        14.21573        14.21573
              5       12.177089       5.6457498       2.3760787       4.6050702        4.6050702       15.144037       15.144037
              4       11.845442       5.9517602        2.439623       4.6050702        4.6050702       14.480743       14.480743
              1       11.721787       5.5635818       2.3587246       4.6050702        4.6050702       14.233434       14.233434
              5         9.27272       4.8453428       2.2012139       4.6050702        4.6050702       9.3352996       9.3352996
              1       11.344394       1.7015732       1.3044436       4.6050702        4.6050702       13.478648       13.478648
              6       12.181078       7.6047318       2.7576678       4.6050702        4.6050702       15.152015       15.152015
              2         11.5873       5.3034879       2.3029303       4.6050702        4.6050702        13.96446        13.96446
              7        11.73968       1.1641424       1.0789543       4.6050702        4.6050702        14.26922        14.26922
              3        11.62053       3.9022154       1.9754026       4.6050702        4.6050702        14.03092        14.03092
              3       13.303763      0.37656045      0.61364521       4.6050702        4.6050702       17.397385       17.397385
              1       10.704868       2.3066463       1.5187647       4.6050702        4.6050702       12.199595       12.199595
              2       12.526534       2.5129417       1.5852261       4.6050702        4.6050702       15.842927       15.842927
              4        11.71401       2.5353261       1.5922707       4.6050702        4.6050702       14.217881       14.217881
              1       11.775178       1.0861565       1.0421883       4.6050702        4.6050702       14.340216       14.340216
              3       11.297746       2.2745713       1.5081682       4.6050702        4.6050702       13.385352       13.385352
              8       10.625873        5.194562       2.2791582       4.6050702        4.6050702       12.041606       12.041606
              2       12.322224       5.2480114       2.2908539       4.6050702        4.6050702       15.434307       15.434307
              4       10.716862       3.0107935       1.7351638       4.6050702        4.6050702       12.223584       12.223584
              1       11.827379       4.2626427       2.0646168       4.6050702        4.6050702       14.444618       14.444618
              1       9.8231439       3.0409173       1.7438226       4.6050702        4.6050702       10.436147       10.436147
             24       9.5962799       3.4031068       1.8447511       4.6050702        4.6050702       9.9824195       9.9824195
              6       10.376475       3.9718903       1.9929602       4.6050702        4.6050702       11.542809       11.542809
              5        9.887911       4.1134531        2.028165       4.6050702        4.6050702       10.565682       10.565682
              8       10.612792       3.7097626       1.9260744       4.6050702        4.6050702       12.015444       12.015444
              1       11.908589       3.3674799       1.8350695       4.6050702        4.6050702       14.607037       14.607037
              2       12.192175       1.9933644       1.4118656       4.6050702        4.6050702        15.17421        15.17421
              1       11.305586       3.2349965       1.7986096       4.6050702        4.6050702       13.401031       13.401031
              2       10.393634       3.0004695       1.7321863       4.6050702        4.6050702       11.577128       11.577128
              2       10.743393       2.9862886       1.7280881       4.6050702        4.6050702       12.276645       12.276645
              2       10.403744       4.2437095       2.0600266       4.6050702        4.6050702       11.597347       11.597347
             14       10.630131       4.2715912       2.0667828       4.6050702        4.6050702       12.050122       12.050122
