#        weight    minuslogpost              A2               A   minuslogprior minuslogprior__0            chi2   chi2__loglike
              1       11.449128       1.9138748       1.3834286       4.6050702        4.6050702       13.688116       13.688116
              1        11.41232       1.9531526       1.3975524       4.6050702        4.6050702       13.614499       13.614499
              1       11.351934       2.0192411       1.4210001       4.6050702        4.6050702       13.493728       13.493728
              1       11.586531       1.7732557       1.3316365       4.6050702        4.6050702       13.962923       13.962923
              2       11.338486       2.0342553       1.4262732       4.6050702        4.6050702       13.466832       13.466832
              1       10.706619       2.9524072        1.718257       4.6050702        4.6050702       12.203097       12.203097
              1       10.607963        3.180014       1.7832594       4.6050702        4.6050702       12.005786       12.005786
              1       10.665022       3.0420309       1.7441419       4.6050702        4.6050702       12.119904       12.119904
              1        10.49188       3.5728519       1.8901989       4.6050702        4.6050702       11.773619       11.773619
              1       10.582772       3.2485416       1.8023711       4.6050702        4.6050702       11.955403       11.955403
              1       10.705042       2.9556694        1.719206       4.6050702        4.6050702       12.199944       12.199944
              2       10.511782       3.4854059       1.8669242       4.6050702        4.6050702       11.813424       11.813424
              1       10.460425       4.3196166       2.0783687       4.6050702        4.6050702        11.71071        11.71071
              1        10.44335       4.0117533       2.0029362       4.6050702        4.6050702       11.676559       11.676559
              1       10.443388       4.0089584       2.0022384       4.6050702        4.6050702       11.676635       11.676635
              1       10.443348       4.0699808       2.0174193       4.6050702        4.6050702       11.676555       11.676555
              2        10.44351        4.080606        2.020051       4.6050702        4.6050702       11.676879       11.676879
              1       10.551673       4.7395625       2.1770536       4.6050702        4.6050702       11.893205       11.893205
              1       10.464636        4.351744       2.0860834       4.6050702        4.6050702       11.719131       11.719131
              2       10.726978       5.1707853       2.2739361       4.6050702        4.6050702       12.243816       12.243816
              1       11.828625       6.5372182       2.5567984       4.6050702        4.6050702       14.447109       14.447109
              2       11.884116       6.5867183       2.5664603       4.6050702        4.6050702       14.558092       14.558092
              1       11.455557       6.1748254       2.4849196       4.6050702        4.6050702       13.700973       13.700973
              2       10.784786        5.280517       2.2979376       4.6050702        4.6050702       12.359431       12.359431
              1       10.844101       5.3838221       2.3203065       4.6050702        4.6050702       12.478061       12.478061
              1       10.471693       4.3991913       2.0974249       4.6050702        4.6050702       11.733246       11.733246
              3       10.549704       4.7331953       2.1755908       4.6050702        4.6050702       11.889267       11.889267
              1       10.679317       5.0715634       2.2520132       4.6050702        4.6050702       12.148494       12.148494
              1       11.359767       6.0713671       2.4640144       4.6050702        4.6050702       13.509393       13.509393
              1       11.411375       6.1277437        2.475428       4.6050702        4.6050702       13.612609       13.612609
              1       11.007337        5.633899       2.3735836       4.6050702        4.6050702       12.804534       12.804534
              1       11.147997       5.8214351        2.412765       4.6050702        4.6050702       13.085854       13.085854
              2       11.595941       6.3179709       2.5135574       4.6050702        4.6050702       13.981742       13.981742
              2       11.181042       5.8626942       2.4213001       4.6050702        4.6050702       13.151944       13.151944
              1       11.037492       5.6759158       2.3824181       4.6050702        4.6050702       12.864844       12.864844
              1       11.032189       5.6686059       2.3808834       4.6050702        4.6050702       12.854238       12.854238
              2       11.033498       5.6704135        2.381263       4.6050702        4.6050702       12.856856       12.856856
              1       10.895287       5.4669663       2.3381545       4.6050702        4.6050702       12.580433       12.580433
              1       10.635481        4.971005       2.2295751       4.6050702        4.6050702       12.060821       12.060821
              1       10.445217       4.1371323       2.0339942       4.6050702        4.6050702       11.680293       11.680293
              2       10.554439        4.748411       2.1790849       4.6050702        4.6050702       11.898737       11.898737
              1       10.834067        5.366913       2.3166599       4.6050702        4.6050702       12.457994       12.457994
              1       11.419967       6.1369832       2.4772935       4.6050702        4.6050702       13.629794       13.629794
              1       10.815253       2.7473043       1.6574994       4.6050702        4.6050702       12.420365       12.420365
              2       12.085326       1.3232616       1.1503311       4.6050702        4.6050702       14.960512       14.960512
              1       11.220157       2.1715584       1.4736208       4.6050702        4.6050702       13.230174       13.230174
              1       11.804402       1.5666147       1.2516448       4.6050702        4.6050702       14.398663       14.398663
              2       10.472223       4.4024979        2.098213       4.6050702        4.6050702       11.734305       11.734305
              1       10.496286       4.5297712       2.1283259       4.6050702        4.6050702       11.782431       11.782431
              2       10.517863       4.6206006       2.1495582       4.6050702        4.6050702       11.825586       11.825586
              1       10.537838       3.3884049        1.840762       4.6050702        4.6050702       11.865535       11.865535
              1       10.557453       3.3239849       1.8231799       4.6050702        4.6050702       11.904766       11.904766
              1       10.507222       3.5041831       1.8719463       4.6050702        4.6050702       11.804304       11.804304
              1       10.449391       4.2083615       2.0514291       4.6050702        4.6050702       11.688642       11.688642
              1       10.636896        3.107493       1.7628083       4.6050702        4.6050702       12.063653       12.063653
              1       10.750123       2.8659655       1.6929163       4.6050702        4.6050702       12.290105       12.290105
              1       11.674537       1.6876008       1.2990769       4.6050702        4.6050702       14.138933       14.138933
              1       10.748655       2.8687778       1.6937467       4.6050702        4.6050702       12.287169       12.287169
              1       10.527034       3.4267638        1.851152       4.6050702        4.6050702       11.843928       11.843928
              2       11.037232       2.4063565       1.5512435       4.6050702        4.6050702       12.864324       12.864324
              1       10.740057       5.1965238       2.2795885       4.6050702        4.6050702       12.269974       12.269974
              1       11.079781        5.733083       2.3943857       4.6050702        4.6050702       12.949421       12.949421
              2       11.049888       5.6928776       2.3859752       4.6050702        4.6050702       12.889635       12.889635
              1       10.443384       4.0726748       2.0180869       4.6050702        4.6050702       11.676627       11.676627
              2       10.501893       3.5269934       1.8780291       4.6050702        4.6050702       11.793646       11.793646
              2       10.937351       2.5500882       1.5968996       4.6050702        4.6050702       12.664561       12.664561
              1       11.111455       2.3072479       1.5189628       4.6050702        4.6050702        13.01277        13.01277
              1       11.349536       2.0219099       1.4219388       4.6050702        4.6050702       13.488932       13.488932
              1       11.308858       2.0677379       1.4379631       4.6050702        4.6050702       13.407575       13.407575
              3       11.729368       1.6357762       1.2789747       4.6050702        4.6050702       14.248595       14.248595
              4       10.899311       2.6086158        1.615121       4.6050702        4.6050702       12.588482       12.588482
              3       11.060499       2.3746546       1.5409914       4.6050702        4.6050702       12.910857       12.910857
              1       10.759934       2.8473352       1.6874049       4.6050702        4.6050702       12.309728       12.309728
              1       11.669981       1.6919581       1.3007529       4.6050702        4.6050702       14.129822       14.129822
              1       11.082558       2.3451455       1.5313868       4.6050702        4.6050702       12.954975       12.954975
              1       11.300439       2.0773565       1.4413037       4.6050702        4.6050702       13.390737       13.390737
              1       10.602849       3.1934769       1.7870302       4.6050702        4.6050702       11.995558       11.995558
              1       10.781848       2.8067384       1.6753323       4.6050702        4.6050702       12.353556       12.353556
              3       11.704567       1.6590776       1.2880519       4.6050702        4.6050702       14.198993       14.198993
              1       11.505892       1.8546857       1.3618685       4.6050702        4.6050702       13.801644       13.801644
              2       11.955533       1.4328724       1.1970265       4.6050702        4.6050702       14.700926       14.700926
              4        10.76068       2.8459304       1.6869886       4.6050702        4.6050702        12.31122        12.31122
              3       10.463988       4.3470204       2.0849509       4.6050702        4.6050702       11.717835       11.717835
              2       10.797814       5.3039315       2.3030266       4.6050702        4.6050702       12.385487       12.385487
              2       10.698882       2.9685096       1.7229363       4.6050702        4.6050702       12.187624       12.187624
              3        10.82589       5.3529703       2.3136487       4.6050702        4.6050702       12.441639       12.441639
              1       10.529058       4.6625189       2.1592867       4.6050702        4.6050702       11.847976       11.847976
              1       10.443551       3.9990348       1.9997587       4.6050702        4.6050702       11.676962       11.676962
              1       13.605505       7.8123073       2.7950505       4.6050702        4.6050702       18.000869       18.000869
              6       14.787955       8.4615131        2.908868       4.6050702        4.6050702       20.365769       20.365769
              2       10.483421       4.4664922       2.1134077       4.6050702        4.6050702       11.756702       11.756702
              2       10.814056       5.3325273       2.3092266       4.6050702        4.6050702       12.417971       12.417971
              1       10.976122       2.4927095       1.5788317       4.6050702        4.6050702       12.742104       12.742104
              5       10.816871       2.7444946       1.6566516       4.6050702        4.6050702       12.423601       12.423601
              2       10.792183       5.2938646         2.30084       4.6050702        4.6050702       12.374225       12.374225
              1       10.605773       3.1857531       1.7848678       4.6050702        4.6050702       12.001406       12.001406
              4       10.774566       2.8200787        1.679309       4.6050702        4.6050702       12.338992       12.338992
              1       11.039746       2.4029018       1.5501296       4.6050702        4.6050702       12.869351       12.869351
              1       11.709936       6.4279011       2.5353306       4.6050702        4.6050702       14.209732       14.209732
              1       12.167411       6.8257473       2.6126131       4.6050702        4.6050702       15.124681       15.124681
              4       11.113496       5.7773116       2.4036039       4.6050702        4.6050702       13.016851       13.016851
              3       10.452489       4.2457906       2.0605316       4.6050702        4.6050702       11.694837       11.694837
              2       10.525157       4.6482404       2.1559778       4.6050702        4.6050702       11.840174       11.840174
              5       11.217919       2.1742536        1.474535       4.6050702        4.6050702       13.225697       13.225697
              2       10.715831       2.9335401        1.712758       4.6050702        4.6050702       12.221521       12.221521
              4       11.180963       2.2193176       1.4897374       4.6050702        4.6050702       13.151786       13.151786
              2        11.52342       1.8367297         1.35526       4.6050702        4.6050702         13.8367         13.8367
              1        11.45823       1.9042739       1.3799543       4.6050702        4.6050702       13.706319       13.706319
              1       13.729847      0.19617794      0.44291979       4.6050702        4.6050702       18.249553       18.249553
              1       11.887307       1.4923795       1.2216299       4.6050702        4.6050702       14.564473       14.564473
              1       11.792368       1.5775759       1.2560159       4.6050702        4.6050702       14.374595       14.374595
              1       10.446461       3.9191092        1.979674       4.6050702        4.6050702       11.682782       11.682782
              1        10.44317        4.034339       2.0085664       4.6050702        4.6050702         11.6762         11.6762
              2       10.453759       3.8226235       1.9551531       4.6050702        4.6050702       11.697378       11.697378
              5       10.445231       3.9444397       1.9860614       4.6050702        4.6050702       11.680323       11.680323
              1        10.50178       4.5544266       2.1341103       4.6050702        4.6050702        11.79342        11.79342
              2       10.450449       4.2220207       2.0547556       4.6050702        4.6050702       11.690758       11.690758
              2       10.473154       3.6736703       1.9166821       4.6050702        4.6050702       11.736167       11.736167
              1       11.608859       1.7512212       1.3233371       4.6050702        4.6050702       14.007578       14.007578
              2        12.90436       7.3680559       2.7144163       4.6050702        4.6050702       16.598579       16.598579
              4       10.810881       2.7549274       1.6597974       4.6050702        4.6050702       12.411621       12.411621
              1       11.077526       5.7300841       2.3937594       4.6050702        4.6050702       12.944912       12.944912
              1       11.337703       6.0467815       2.4590204       4.6050702        4.6050702       13.465266       13.465266
              1       10.988209       5.6066617        2.367839       4.6050702        4.6050702       12.766277       12.766277
              1       10.578061       3.2620243       1.8061075       4.6050702        4.6050702       11.945982       11.945982
              1        10.44361        4.085911       2.0213636       4.6050702        4.6050702       11.677079       11.677079
              1       11.855474       1.5206247       1.2331361       4.6050702        4.6050702       14.500807       14.500807
              4       12.040855       1.3603131       1.1663246       4.6050702        4.6050702        14.87157        14.87157
              3       10.532187        3.408177       1.8461249       4.6050702        4.6050702       11.854234       11.854234
              1       10.684257       5.0822854       2.2543925       4.6050702        4.6050702       12.158373       12.158373
              4       11.133847       5.8034728       2.4090398       4.6050702        4.6050702       13.057554       13.057554
              2        11.48678        1.874434       1.3690997       4.6050702        4.6050702       13.763419       13.763419
              1       10.589999       3.2282898       1.7967442       4.6050702        4.6050702       11.969858       11.969858
              1       10.809415       2.7574918       1.6605697       4.6050702        4.6050702       12.408691       12.408691
              7       10.800276       2.7736074       1.6654151       4.6050702        4.6050702       12.390411       12.390411
              1       10.525864       3.4310616       1.8523125       4.6050702        4.6050702       11.841588       11.841588
              3       11.849466       1.5259914       1.2353103       4.6050702        4.6050702       14.488791       14.488791
              2       12.594065      0.93065279      0.96470347       4.6050702        4.6050702       15.977991       15.977991
              6       11.314888       2.0608774       1.4355756       4.6050702        4.6050702       13.419636       13.419636
              1       10.683422       5.0804824       2.2539925       4.6050702        4.6050702       12.156705       12.156705
              2       12.829336      0.76496028      0.87462008       4.6050702        4.6050702       16.448532       16.448532
              1       13.297352      0.45806426      0.67680445       4.6050702        4.6050702       17.384564       17.384564
              1       13.037676      0.62493684      0.79052947       4.6050702        4.6050702       16.865212       16.865212
              1       12.872942      0.73516265      0.85741627       4.6050702        4.6050702       16.535743       16.535743
              1       12.452868       1.0344748       1.0170914       4.6050702        4.6050702       15.695595       15.695595
              1       13.381032      0.40592166      0.63711982       4.6050702        4.6050702       17.551923       17.551923
              3       10.465982       4.3613402       2.0883822       4.6050702        4.6050702       11.721824       11.721824
              1       10.474814       4.4182742       2.1019691       4.6050702        4.6050702       11.739488       11.739488
              2       10.517252       4.6182241       2.1490054       4.6050702        4.6050702       11.824363       11.824363
              1       11.993008        6.681157       2.5847934       4.6050702        4.6050702       14.775876       14.775876
              3       10.558723       4.7619001       2.1821778       4.6050702        4.6050702       11.907305       11.907305
              1       10.667717       5.0459321       2.2463152       4.6050702        4.6050702       12.125293       12.125293
              7       11.612326       6.3340956       2.5167629       4.6050702        4.6050702       14.014511       14.014511
              1       10.443724       4.0913007       2.0226964       4.6050702        4.6050702       11.677307       11.677307
              2       10.535969       3.3948772       1.8425193       4.6050702        4.6050702       11.861797       11.861797
              3       11.131833       5.8009001       2.4085058       4.6050702        4.6050702       13.053525       13.053525
              1       10.795704       5.3001695       2.3022097       4.6050702        4.6050702       12.381268       12.381268
              3       12.127802       1.2883388       1.1350501       4.6050702        4.6050702       15.045463       15.045463
              2       10.675869        3.017904       1.7372116       4.6050702        4.6050702       12.141597       12.141597
              1       10.888443       2.6257823       1.6204266       4.6050702        4.6050702       12.566745       12.566745
              1       10.520129       3.4525873       1.8581139       4.6050702        4.6050702       11.830118       11.830118
              7       10.462027       4.3322585       2.0814078       4.6050702        4.6050702       11.713914       11.713914
              5       10.444247       3.9710336       1.9927452       4.6050702        4.6050702       11.678354       11.678354
              2       10.789216       2.7933853       1.6713424       4.6050702        4.6050702       12.368293       12.368293
              9       10.599708         4.88006       2.2090858       4.6050702        4.6050702       11.989275       11.989275
              2       10.443601       3.9964539       1.9991133       4.6050702        4.6050702       11.677061       11.677061
              5       10.601578       3.1968559       1.7879754       4.6050702        4.6050702       11.993016       11.993016
              2       10.532695       3.4063734       1.8456363       4.6050702        4.6050702        11.85525        11.85525
              1       11.247934       2.1384381       1.4623399       4.6050702        4.6050702       13.285727       13.285727
              2       10.858674        2.673906       1.6352082       4.6050702        4.6050702       12.507207       12.507207
              5       11.123186       2.2920982       1.5139677       4.6050702        4.6050702       13.036231       13.036231
              1       10.470627       4.3924353       2.0958138       4.6050702        4.6050702       11.731114       11.731114
              3       11.386768       1.9808585       1.4074297       4.6050702        4.6050702       13.563396       13.563396
              3       10.456993       4.2903817       2.0713237       4.6050702        4.6050702       11.703845       11.703845
              2       10.895523        2.614576       1.6169651       4.6050702        4.6050702       12.580905       12.580905
              2       10.519223       3.4560615       1.8590485       4.6050702        4.6050702       11.828306       11.828306
              2       10.473683       3.6704467        1.915841       4.6050702        4.6050702       11.737225       11.737225
              3       11.787594       1.5819376        1.257751       4.6050702        4.6050702       14.365048       14.365048
              1       10.889341       2.6243564       1.6199865       4.6050702        4.6050702       12.568541       12.568541
              2       10.537738       4.6931656       2.1663715       4.6050702        4.6050702       11.865335       11.865335
              1       10.443241       4.0600212       2.0149494       4.6050702        4.6050702       11.676342       11.676342
              5       10.449231       4.2061997       2.0509022       4.6050702        4.6050702       11.688322       11.688322
              7       10.558557       3.3205313       1.8222325       4.6050702        4.6050702       11.906974       11.906974
              2       10.463756       4.3453093       2.0845405       4.6050702        4.6050702       11.717371       11.717371
              4       10.743126        2.879434       1.6968895       4.6050702        4.6050702       12.276111       12.276111
              9        10.73788       2.8896352       1.6998927       4.6050702        4.6050702       12.265619       12.265619
              3       10.771545       5.2562582       2.2926531       4.6050702        4.6050702        12.33295        12.33295
              2       12.590741       7.1488571       2.6737347       4.6050702        4.6050702       15.971342       15.971342
              2        12.03338       6.7153234       2.5913941       4.6050702        4.6050702        14.85662        14.85662
              1       10.745109       2.8756006       1.6957596       4.6050702        4.6050702       12.280078       12.280078
              1       11.216292          5.9057       2.4301646       4.6050702        4.6050702       13.222443       13.222443
              1       10.533139       4.6771114        2.162663       4.6050702        4.6050702       11.856138       11.856138
              1       10.558025       4.7597209       2.1816785       4.6050702        4.6050702        11.90591        11.90591
              2       10.487446       3.5946574       1.8959582       4.6050702        4.6050702       11.764753       11.764753
              1       10.490921       3.5774805       1.8914229       4.6050702        4.6050702       11.771702       11.771702
              5       10.794572       5.2981454       2.3017701       4.6050702        4.6050702       12.379003       12.379003
              1       10.952681       5.5547729       2.3568566       4.6050702        4.6050702       12.695221       12.695221
              2       10.731653       5.1800514       2.2759726       4.6050702        4.6050702       12.253165       12.253165
              3       11.422806       1.9418883       1.3935165       4.6050702        4.6050702       13.635471       13.635471
              4       10.615598       4.9216175       2.2184719       4.6050702        4.6050702       12.021056       12.021056
              6        11.90208       6.6025371       2.5695403       4.6050702        4.6050702       14.594019       14.594019
              1       10.465339       4.3567947       2.0872936       4.6050702        4.6050702       11.720538       11.720538
              1        10.48366       3.6141643       1.9010956       4.6050702        4.6050702       11.757179       11.757179
              1       10.451647       4.2363238       2.0582332       4.6050702        4.6050702       11.693153       11.693153
              1       11.740017       1.6258394       1.2750841       4.6050702        4.6050702       14.269894       14.269894
              1       10.455377       3.8065523       1.9510388       4.6050702        4.6050702       11.700613       11.700613
              1       10.444236       4.1105112       2.0274396       4.6050702        4.6050702       11.678331       11.678331
              2       11.579112       6.3012893       2.5102369       4.6050702        4.6050702       13.948084       13.948084
              1       10.897952       2.6107512       1.6157819       4.6050702        4.6050702       12.585764       12.585764
              1       10.736454       5.1894914       2.2780455       4.6050702        4.6050702       12.262768       12.262768
              4        10.48084       4.4526268       2.1101248       4.6050702        4.6050702        11.75154        11.75154
              1       10.584138       4.8372418        2.199373       4.6050702        4.6050702       11.958137       11.958137
              1       10.444811       3.9547921       1.9886659       4.6050702        4.6050702       11.679482       11.679482
              4       10.723413       5.1636671       2.2723704       4.6050702        4.6050702       12.236686       12.236686
              2       10.515806       4.6125652       2.1476883       4.6050702        4.6050702       11.821472       11.821472
              1       12.349536       1.1127854       1.0548864       4.6050702        4.6050702       15.488932       15.488932
              1       11.206025       2.1886377       1.4794045       4.6050702        4.6050702       13.201909       13.201909
              3       11.339563       2.0330492       1.4258503       4.6050702        4.6050702       13.468985       13.468985
              1       11.431603       1.9324845       1.3901383       4.6050702        4.6050702       13.653065       13.653065
              2       13.381545      0.40560411      0.63687056       4.6050702        4.6050702        17.55295        17.55295
              1       10.599195       3.2032297       1.7897569       4.6050702        4.6050702       11.988249       11.988249
              2       10.873728       2.6493612       1.6276858       4.6050702        4.6050702       12.537316       12.537316
              1       10.958479       5.5633624       2.3586781       4.6050702        4.6050702       12.706818       12.706818
              5       10.782154       2.8061823       1.6751664       4.6050702        4.6050702       12.354167       12.354167
              2       11.873692       1.5044216       1.2265487       4.6050702        4.6050702       14.537243       14.537243
             10       10.490269       4.5012586        2.121617       4.6050702        4.6050702       11.770397       11.770397
              2       10.569041       3.2885169       1.8134268       4.6050702        4.6050702       11.927942       11.927942
              1       10.856913       2.6768058       1.6360947       4.6050702        4.6050702       12.503685       12.503685
              2       11.942281       1.4443241       1.2018004       4.6050702        4.6050702       14.674422       14.674422
              1       11.153568       2.2534574        1.501152       4.6050702        4.6050702       13.096995       13.096995
              2       10.465739       3.7222845       1.9293223       4.6050702        4.6050702       11.721338       11.721338
              4       10.537998       3.3878517       1.8406118       4.6050702        4.6050702       11.865856       11.865856
              4       10.677942       5.0685582       2.2513459       4.6050702        4.6050702       12.145744       12.145744
              6       10.613749         3.16503       1.7790531       4.6050702        4.6050702       12.017359       12.017359
              4       10.474683       4.4174911       2.1017828       4.6050702        4.6050702       11.739226       11.739226
              1       10.539361       4.6987377       2.1676572       4.6050702        4.6050702       11.868581       11.868581
              1       10.520739       4.6316541       2.1521278       4.6050702        4.6050702       11.831338       11.831338
              3       10.449244       3.8755435         1.96864       4.6050702        4.6050702       11.688347       11.688347
              3        10.72573       5.1682972       2.2733889       4.6050702        4.6050702       12.241319       12.241319
              1       11.826221       1.5468628       1.2437294       4.6050702        4.6050702       14.442302       14.442302
              1       11.085307       5.7404116       2.3959156       4.6050702        4.6050702       12.960474       12.960474
              9       10.958445       5.5633128       2.3586676       4.6050702        4.6050702        12.70675        12.70675
              1       11.109724       5.7724199       2.4025861       4.6050702        4.6050702       13.009308       13.009308
              1        10.98597       5.6034425       2.3671592       4.6050702        4.6050702       12.761799       12.761799
              1        10.44316       4.0416403       2.0103831       4.6050702        4.6050702        11.67618        11.67618
              2       10.501869       3.5270998       1.8780575       4.6050702        4.6050702       11.793597       11.793597
              2       10.715878        5.148471       2.2690242       4.6050702        4.6050702       12.221616       12.221616
              1       10.451215       4.2312885       2.0570096       4.6050702        4.6050702       11.692289       11.692289
              2       10.773843       5.2605023       2.2935785       4.6050702        4.6050702       12.337545       12.337545
              1       11.790067        6.502237       2.5499484       4.6050702        4.6050702       14.369993       14.369993
              3       10.615589       3.1603195       1.7777288       4.6050702        4.6050702       12.021038       12.021038
              1       10.655055       3.0647263        1.750636       4.6050702        4.6050702        12.09997        12.09997
              1       10.849839       2.6885165       1.6396696       4.6050702        4.6050702       12.489539       12.489539
              1       10.543683        3.368563       1.8353645       4.6050702        4.6050702       11.877225       11.877225
              3       10.784836        2.801307       1.6737106       4.6050702        4.6050702       12.359531       12.359531
              1       11.050725       5.6940166       2.3862139       4.6050702        4.6050702       12.891309       12.891309
              1       10.477498       3.6479724       1.9099666       4.6050702        4.6050702       11.744855       11.744855
              2       10.931791       2.5584976       1.5995304       4.6050702        4.6050702       12.653443       12.653443
              2       11.445406       1.9178137       1.3848515       4.6050702        4.6050702       13.680672       13.680672
              3        10.75624       5.2275996       2.2863945       4.6050702        4.6050702        12.30234        12.30234
              2       10.977464       2.4907623       1.5782149       4.6050702        4.6050702       12.744787       12.744787
              1       10.937546       2.5497932       1.5968072       4.6050702        4.6050702       12.664953       12.664953
              1       10.971653       5.5826988       2.3627735       4.6050702        4.6050702       12.733165       12.733165
              6       10.538235       4.6948774       2.1667666       4.6050702        4.6050702        11.86633        11.86633
              2       11.937668       6.6335921       2.5755761       4.6050702        4.6050702       14.665196       14.665196
              1       11.449333        1.913658       1.3833503       4.6050702        4.6050702       13.688526       13.688526
              1        10.44837       4.1940303       2.0479332       4.6050702        4.6050702         11.6866         11.6866
              3       10.443691       3.9921011       1.9980243       4.6050702        4.6050702       11.677242       11.677242
              3       10.577468       3.2637395       1.8065823       4.6050702        4.6050702       11.944796       11.944796
              2       10.734644       2.8959735        1.701756       4.6050702        4.6050702       12.259147       12.259147
              1       11.110473       5.7733925       2.4027885       4.6050702        4.6050702       13.010806       13.010806
              2        10.57079       4.7986077       2.1905725       4.6050702        4.6050702        11.93144        11.93144
              1       11.521151       1.8390456       1.3561142       4.6050702        4.6050702       13.832163       13.832163
              1       12.272311       1.1727073       1.0829161       4.6050702        4.6050702       15.334481       15.334481
              1       10.689938       2.9874323        1.728419       4.6050702        4.6050702       12.169735       12.169735
              3       10.690679       2.9858503       1.7279613       4.6050702        4.6050702       12.171218       12.171218
              2       10.920717       2.5753934       1.6048032       4.6050702        4.6050702       12.631294       12.631294
              3       10.476689       3.6526261       1.9111845       4.6050702        4.6050702       11.743238       11.743238
              1       10.444192       3.9728441       1.9931995       4.6050702        4.6050702       11.678243       11.678243
              1       10.604514       3.1890717       1.7857972       4.6050702        4.6050702       11.998887       11.998887
              1       11.358212       6.0696443       2.4636648       4.6050702        4.6050702       13.506283       13.506283
              2       12.734329       7.2510742       2.6927819       4.6050702        4.6050702       16.258519       16.258519
              1       12.493965       7.0780246       2.6604557       4.6050702        4.6050702       15.777789       15.777789
              2       10.665443       3.0410834       1.7438702       4.6050702        4.6050702       12.120746       12.120746
              7        10.71349       5.1436115       2.2679532       4.6050702        4.6050702        12.21684        12.21684
              6       10.704087       5.1242645       2.2636838       4.6050702        4.6050702       12.198034       12.198034
              2       10.496683       4.5315971       2.1287548       4.6050702        4.6050702       11.783226       11.783226
              1       10.643915       4.9911796       2.2340948       4.6050702        4.6050702        12.07769        12.07769
              2       11.271298       2.1110186       1.4529345       4.6050702        4.6050702       13.332455       13.332455
              1       11.207108       2.1873223       1.4789599       4.6050702        4.6050702       13.204076       13.204076
              1       10.455378       3.8065375        1.951035       4.6050702        4.6050702       11.700616       11.700616
              1       10.553164       3.3375678       1.8269011       4.6050702        4.6050702       11.896187       11.896187
              1       10.541434       4.7057877       2.1692828       4.6050702        4.6050702       11.872728       11.872728
              3       10.456276       3.7980796       1.9488662       4.6050702        4.6050702       11.702411       11.702411
              1         10.6053       3.1869982       1.7852166       4.6050702        4.6050702        12.00046        12.00046
              2       10.447796       4.1853574       2.0458146       4.6050702        4.6050702       11.685452       11.685452
              1        11.87013       1.5075814       1.2278361       4.6050702        4.6050702       14.530119       14.530119
              1       11.531451       1.8285518       1.3522396       4.6050702        4.6050702       13.852761       13.852761
              1       11.377346       1.9911694        1.411088       4.6050702        4.6050702       13.544552       13.544552
              3       11.173321       2.2287771       1.4929089       4.6050702        4.6050702       13.136501       13.136501
              1        12.92663      0.69884002      0.83596652       4.6050702        4.6050702       16.643119       16.643119
              3       13.727379      0.19762157      0.44454648       4.6050702        4.6050702       18.244618       18.244618
              1       10.738444       2.8885337       1.6995687       4.6050702        4.6050702       12.266748       12.266748
              1         10.7125       2.9403253       1.7147377       4.6050702        4.6050702       12.214859       12.214859
              3       11.325901       6.0335052       2.4563194       4.6050702        4.6050702       13.441661       13.441661
              2       12.114003       6.7822794        2.604281       4.6050702        4.6050702       15.017866       15.017866
              4       11.241565       5.9359342       2.4363773       4.6050702        4.6050702        13.27299        13.27299
              1       11.344242       6.0540988       2.4605078       4.6050702        4.6050702       13.478343       13.478343
              1       10.448562       3.8850925       1.9710638       4.6050702        4.6050702       11.686983       11.686983
              1       11.012646       2.4405378       1.5622221       4.6050702        4.6050702       12.815152       12.815152
              2       11.007265       2.4481176       1.5646462       4.6050702        4.6050702       12.804389       12.804389
              1       11.592506        6.314576        2.512882       4.6050702        4.6050702       13.974872       13.974872
              2       11.345523       2.0263852       1.4235116       4.6050702        4.6050702       13.480905       13.480905
              2       11.587097       1.7726948       1.3314259       4.6050702        4.6050702       13.964054       13.964054
              1       11.718495       1.6459635       1.2829511       4.6050702        4.6050702        14.22685        14.22685
              2       11.647463       1.7136155       1.3090514       4.6050702        4.6050702       14.084786       14.084786
              4       10.519211       3.4561088       1.8590613       4.6050702        4.6050702       11.828281       11.828281
              2       10.485815       3.6029548       1.8981451       4.6050702        4.6050702        11.76149        11.76149
              2        10.52131       4.6338218       2.1526314       4.6050702        4.6050702       11.832479       11.832479
              6       10.707982       2.9495952       1.7174386       4.6050702        4.6050702       12.205823       12.205823
              1       10.498232       4.5386469         2.13041       4.6050702        4.6050702       11.786325       11.786325
              1       10.991586       5.6115058       2.3688617       4.6050702        4.6050702       12.773033       12.773033
              3       10.602807       4.8883255       2.2109558       4.6050702        4.6050702       11.995473       11.995473
              2       10.448927       3.8799138       1.9697497       4.6050702        4.6050702       11.687713       11.687713
              1       10.540812       4.7036816       2.1687973       4.6050702        4.6050702       11.871484       11.871484
              2       10.465911       4.3608387       2.0882621       4.6050702        4.6050702       11.721681       11.721681
              1       10.693706        2.979418       1.7260991       4.6050702        4.6050702       12.177272       12.177272
              2       11.058922       5.7051308       2.3885416       4.6050702        4.6050702       12.907704       12.907704
              1       11.922901       1.4611628       1.2087857       4.6050702        4.6050702       14.635662       14.635662
              2       10.848612       5.3913551       2.3219292       4.6050702        4.6050702       12.487083       12.487083
              2       11.291912       5.9947683       2.4484216       4.6050702        4.6050702       13.373683       13.373683
              1       10.937943       2.5491959       1.5966201       4.6050702        4.6050702       12.665745       12.665745
              1       10.599542       3.2022972       1.7894964       4.6050702        4.6050702       11.988945       11.988945
              3         11.4628       6.1824457       2.4864524       4.6050702        4.6050702       13.715461       13.715461
              2       11.607583       1.7524744       1.3238106       4.6050702        4.6050702       14.005026       14.005026
              4       11.077582       2.3517558       1.5335435       4.6050702        4.6050702       12.945025       12.945025
              1       11.514018       1.8463429        1.358802       4.6050702        4.6050702       13.817896       13.817896
              1       11.072559       2.3584563       1.5357266       4.6050702        4.6050702       12.934978       12.934978
              1       10.806857       5.3199313       2.3064976       4.6050702        4.6050702       12.403573       12.403573
              1        10.47614       3.6558171       1.9120191       4.6050702        4.6050702       11.742141       11.742141
              1       11.249114       5.9448707       2.4382105       4.6050702        4.6050702       13.288087       13.288087
              1       11.394681       1.9722387       1.4043641       4.6050702        4.6050702       13.579222       13.579222
              1        10.88073       2.6380915       1.6242203       4.6050702        4.6050702        12.55132        12.55132
              1        10.46368       4.3447533       2.0844072       4.6050702        4.6050702        11.71722        11.71722
              2       11.133595       5.8031509        2.408973       4.6050702        4.6050702        13.05705        13.05705
              1       11.297156       2.0811193       1.4426085       4.6050702        4.6050702       13.384172       13.384172
              2       11.306409       6.0113837       2.4518123       4.6050702        4.6050702       13.402678       13.402678
              6       10.444538       4.1196721       2.0296975       4.6050702        4.6050702       11.678935       11.678935
              2       10.525257       3.4333051        1.852918       4.6050702        4.6050702       11.840374       11.840374
              3       10.485539       4.4775378       2.1160193       4.6050702        4.6050702       11.760937       11.760937
              1       11.005409       2.4507395       1.5654838       4.6050702        4.6050702       12.800678       12.800678
              1       11.519259       1.8409794        1.356827       4.6050702        4.6050702       13.828377       13.828377
              2       10.477005       4.4311112       2.1050205       4.6050702        4.6050702       11.743869       11.743869
              2        11.09257       2.3319189       1.5270622       4.6050702        4.6050702          12.975          12.975
              2       10.478982       3.6395682       1.9077652       4.6050702        4.6050702       11.747824       11.747824
              1       11.320515       2.0544969       1.4333516       4.6050702        4.6050702        13.43089        13.43089
              1       10.706045       2.9535927        1.718602       4.6050702        4.6050702        12.20195        12.20195
              8        10.58575       4.8417788       2.2004042       4.6050702        4.6050702       11.961359       11.961359
              1        10.89406         5.46503       2.3377404       4.6050702        4.6050702       12.577979       12.577979
              2       11.039423       5.6785698        2.382975       4.6050702        4.6050702       12.868706       12.868706
              4       10.941101       5.5374723       2.3531834       4.6050702        4.6050702       12.672062       12.672062
              1       11.812059       1.5596653       1.2488656       4.6050702        4.6050702       14.413977       14.413977
              1       12.529844       7.1044767       2.6654224       4.6050702        4.6050702       15.849549       15.849549
              5       10.448563       4.1968393       2.0486189       4.6050702        4.6050702       11.686985       11.686985
              1       12.206248       1.2249793       1.1067878       4.6050702        4.6050702       15.202356       15.202356
              3       12.037476       1.3631492       1.1675398       4.6050702        4.6050702       14.864812       14.864812
              7       10.446783       3.9133055       1.9782076       4.6050702        4.6050702       11.683426       11.683426
              8       10.573902       3.2741276       1.8094551       4.6050702        4.6050702       11.937663       11.937663
              1       10.901002       5.4759515       2.3400751       4.6050702        4.6050702       12.591864       12.591864
              1       10.745994       2.8738949       1.6952566       4.6050702        4.6050702       12.281847       12.281847
              6       10.722945       2.9191858       1.7085625       4.6050702        4.6050702        12.23575        12.23575
              4       11.277597       2.1036926       1.4504112       4.6050702        4.6050702       13.345053       13.345053
              1       10.699409       2.9674057       1.7226159       4.6050702        4.6050702       12.188677       12.188677
              3       10.532588       3.4067544       1.8457395       4.6050702        4.6050702       11.855035       11.855035
              5       10.470128        3.692691       1.9216376       4.6050702        4.6050702       11.730115       11.730115
              1       10.508886       3.4972549       1.8700949       4.6050702        4.6050702       11.807632       11.807632
              9       10.454936       4.2710934       2.0666624       4.6050702        4.6050702       11.699731       11.699731
              2       10.499008       4.5421401       2.1312297       4.6050702        4.6050702       11.787876       11.787876
              4       12.263344       6.9021681       2.6271978       4.6050702        4.6050702       15.316547       15.316547
              1       12.496055       7.0795721       2.6607465       4.6050702        4.6050702        15.78197        15.78197
              4       10.444126       3.9750507       1.9937529       4.6050702        4.6050702       11.678112       11.678112
              2       10.749998       5.2157108       2.2837931       4.6050702        4.6050702       12.289856       12.289856
              2       10.513251       4.6024229       2.1453258       4.6050702        4.6050702       11.816362       11.816362
              1       10.445294        3.942988       1.9856958       4.6050702        4.6050702       11.680448       11.680448
              1       12.963911       0.6738479      0.82088239       4.6050702        4.6050702       16.717682       16.717682
              4       10.490278       3.5806122       1.8922506       4.6050702        4.6050702       11.770415       11.770415
