#        weight    minuslogpost              A2               A   minuslogprior minuslogprior__0            chi2   chi2__loglike
              1       8.9737409       1.8377827       1.3556484       4.6050702        4.6050702       8.7373415       8.7373415
              1       8.9744878        1.675737       1.2945026       4.6050702        4.6050702       8.7388352       8.7388352
              2       8.9648376       1.7272406       1.3142452       4.6050702        4.6050702       8.7195349       8.7195349
              1         9.23741       1.3509432       1.1623008       4.6050702        4.6050702       9.2646796       9.2646796
              1       9.0452931       1.9809069       1.4074469       4.6050702        4.6050702       8.8804459       8.8804459
              4       9.1784992       1.3973375       1.1820903       4.6050702        4.6050702        9.146858        9.146858
              1       9.3986018       1.2450095          1.1158       4.6050702        4.6050702       9.5870633       9.5870633
              1       8.9678145       1.7056543        1.306007       4.6050702        4.6050702       8.7254886       8.7254886
              1       9.6410884       1.1178534       1.0572859       4.6050702        4.6050702       10.072037       10.072037
              1       9.0039656       1.6012394       1.2654009       4.6050702        4.6050702       8.7977908       8.7977908
              1       9.0409036       1.9748655       1.4052991       4.6050702        4.6050702       8.8716669       8.8716669
              1       9.7687739       2.4561614       1.5672145       4.6050702        4.6050702       10.327407       10.327407
              4       10.055396       2.5709128       1.6034066       4.6050702        4.6050702       10.900651       10.900651
              2       8.9634053       1.7487048        1.322386       4.6050702        4.6050702       8.7166702       8.7166702
              1       8.9950209       1.6195467       1.2726141       4.6050702        4.6050702       8.7799014       8.7799014
              1       8.9866683        1.877149       1.3700909       4.6050702        4.6050702       8.7631963       8.7631963
              1       9.1281282       1.4423665       1.2009856       4.6050702        4.6050702       9.0461161       9.0461161
              3       9.8451168       1.0278178       1.0138135       4.6050702        4.6050702       10.480093       10.480093
              1       8.9806014       1.6557314       1.2867523       4.6050702        4.6050702       8.7510625       8.7510625
              2       8.9777554       1.8517962       1.3608072       4.6050702        4.6050702       8.7453704       8.7453704
              2       9.6318104       1.1222507       1.0593633       4.6050702        4.6050702        10.05348        10.05348
              1        8.963569       1.7444304       1.3207689       4.6050702        4.6050702       8.7169977       8.7169977
              1       9.0356309        1.967378       1.4026325       4.6050702        4.6050702       8.8611215       8.8611215
              1       8.9873689       1.8789163       1.3707357       4.6050702        4.6050702       8.7645974       8.7645974
              1       8.9692435       1.8183243       1.3484526       4.6050702        4.6050702       8.7283466       8.7283466
              2        8.986276       1.6401598       1.2806872       4.6050702        4.6050702       8.7624116       8.7624116
              3       10.276928      0.86676672      0.93100307       4.6050702        4.6050702       11.343716       11.343716
              1       9.3444201       1.2780024       1.1304877       4.6050702        4.6050702       9.4786999       9.4786999
              1       8.9851446        1.643096       1.2818331       4.6050702        4.6050702       8.7601489       8.7601489
              4       8.9755976       1.6717607       1.2929659       4.6050702        4.6050702       8.7410548       8.7410548
              1       9.1327063       1.4380121       1.1991714       4.6050702        4.6050702       9.0552722       9.0552722
              1       8.9762546       1.6694905       1.2920877       4.6050702        4.6050702       8.7423688       8.7423688
              1       9.0948861       2.0403153       1.4283961       4.6050702        4.6050702       8.9796318       8.9796318
              3       9.1963832       2.1336607       1.4607055       4.6050702        4.6050702        9.182626        9.182626
              1        9.353336       1.2724192       1.1280156       4.6050702        4.6050702       9.4965317       9.4965317
              1        9.540767       2.3491743       1.5327016       4.6050702        4.6050702       9.8713937       9.8713937
              1       9.0113803       1.9287611       1.3887984       4.6050702        4.6050702       8.8126203       8.8126203
              2       9.6184229       2.3876577       1.5452047       4.6050702        4.6050702       10.026705       10.026705
              1       9.3826382       2.2618018       1.5039288       4.6050702        4.6050702       9.5551361       9.5551361
              1       9.0940755       1.4768623       1.2152622       4.6050702        4.6050702       8.9780105       8.9780105
              1       8.9817872       1.8640194        1.365291       4.6050702        4.6050702        8.753434        8.753434
              1       9.0958605       2.0413577       1.4287609       4.6050702        4.6050702       8.9815806       8.9815806
              3       8.9687617       1.8158521       1.3475356       4.6050702        4.6050702       8.7273831       8.7273831
              5       9.0889472       2.0338765       1.4261404       4.6050702        4.6050702       8.9677541       8.9677541
              5        8.964075       1.7359196        1.317543       4.6050702        4.6050702       8.7180096       8.7180096
              2       8.9967768       1.9005405       1.3786009       4.6050702        4.6050702       8.7834133       8.7834133
              7       9.0276123       1.9554473       1.3983731       4.6050702        4.6050702       8.8450842       8.8450842
              4       10.072484       2.5772466       1.6053805       4.6050702        4.6050702       10.934828       10.934828
              2       9.1686409       1.4056972        1.185621       4.6050702        4.6050702       9.1271415       9.1271415
              5       9.0166451        1.578456       1.2563662       4.6050702        4.6050702       8.8231498       8.8231498
             19       8.9750871        1.842741        1.357476       4.6050702        4.6050702       8.7400339       8.7400339
              2        10.71381      0.72916511      0.85391165       4.6050702        4.6050702       12.217479       12.217479
              3       10.188603      0.89725458      0.94723523       4.6050702        4.6050702       11.167065       11.167065
              1       10.645014       2.7667203       1.6633461       4.6050702        4.6050702       12.079887       12.079887
              1       9.2313048       2.1608046       1.4699676       4.6050702        4.6050702       9.2524693       9.2524693
              6       8.9657231       1.7195376       1.3113114       4.6050702        4.6050702       8.7213058       8.7213058
              1       9.4272457       2.2879104        1.512584       4.6050702        4.6050702        9.644351        9.644351
              6       9.1920369       2.1301438       1.4595012       4.6050702        4.6050702       9.1739334       9.1739334
              3       9.8951872        2.508937       1.5839624       4.6050702        4.6050702       10.580234       10.580234
              1       8.9634293       1.7479661       1.3221067       4.6050702        4.6050702       8.7167182       8.7167182
              1       8.9632654       1.7603142       1.3267683       4.6050702        4.6050702       8.7163904       8.7163904
              8       9.3180671       2.2214093       1.4904393       4.6050702        4.6050702       9.4259939       9.4259939
              1        9.187789       1.3896333       1.1788271       4.6050702        4.6050702       9.1654376       9.1654376
              1       9.2580309       2.1804012       1.4766182       4.6050702        4.6050702       9.3059213       9.3059213
              1       9.4353955       2.2925427       1.5141145       4.6050702        4.6050702       9.6606507       9.6606507
              2       9.4564435       2.3043244       1.5180001       4.6050702        4.6050702       9.7027467       9.7027467
              1       9.5766307       2.3672492       1.5385868       4.6050702        4.6050702        9.943121        9.943121
              1       8.9665429       1.8027301       1.3426579       4.6050702        4.6050702       8.7229454       8.7229454
             11       8.9822316       1.8652813        1.365753       4.6050702        4.6050702       8.7543228       8.7543228
              1        8.963782       1.7403462       1.3192218       4.6050702        4.6050702       8.7174235       8.7174235
              4       9.3582438       2.2469344       1.4989778       4.6050702        4.6050702       9.5063473       9.5063473
              1       12.188184       3.1547889       1.7761725       4.6050702        4.6050702       15.166228       15.166228
              1        12.03771       3.1218163       1.7668662       4.6050702        4.6050702       14.865279       14.865279
              5       9.1092154       2.0552769       1.4336237       4.6050702        4.6050702       9.0082903       9.0082903
              4       9.0542989       1.9928153       1.4116711       4.6050702        4.6050702       8.8984574       8.8984574
              3       9.4136191       2.2800734       1.5099912       4.6050702        4.6050702       9.6170979       9.6170979
              2       9.3786738       1.2568917       1.1211118       4.6050702        4.6050702       9.5472073       9.5472073
              1       10.847239      0.69066977      0.83106544       4.6050702        4.6050702       12.484338       12.484338
              2       9.7505188       1.0681007       1.0334896       4.6050702        4.6050702       10.290897       10.290897
              2       9.0412287       1.9753187       1.4054603       4.6050702        4.6050702       8.8723171       8.8723171
              1       9.6209218       2.3888571       1.5455928       4.6050702        4.6050702       10.031703       10.031703
              3       9.6926878       2.4223782       1.5563991       4.6050702        4.6050702       10.175235       10.175235
              1       8.9674397       1.7078597       1.3068511       4.6050702        4.6050702        8.724739        8.724739
              4       8.9652233       1.7926339       1.3388928       4.6050702        4.6050702       8.7203062       8.7203062
              1       8.9997677       1.6095501       1.2686805       4.6050702        4.6050702       8.7893951       8.7893951
              1       9.1210753       1.4491948       1.2038251       4.6050702        4.6050702       9.0320102       9.0320102
              4       8.9733133       1.6801658       1.2962121       4.6050702        4.6050702       8.7364862       8.7364862
              3       8.9726916       1.8336925        1.354139       4.6050702        4.6050702       8.7352429       8.7352429
              3       10.074679       2.5780567       1.6056328       4.6050702        4.6050702       10.939218       10.939218
              1        10.31886       2.6636553       1.6320709       4.6050702        4.6050702        11.42758        11.42758
              1       11.313659       2.9504771       1.7176953       4.6050702        4.6050702       13.417177       13.417177
              1        10.07763       2.5791442       1.6059714       4.6050702        4.6050702       10.945119       10.945119
              6       10.708639       2.7856214       1.6690181       4.6050702        4.6050702       12.207137       12.207137
              2       9.0063844       1.9196626       1.3855189       4.6050702        4.6050702       8.8026284       8.8026284
              2       9.0144682       1.5821578       1.2578386       4.6050702        4.6050702        8.818796        8.818796
              1       9.2860655       2.2000243       1.4832479       4.6050702        4.6050702       9.3619906       9.3619906
              1       9.4187343        2.283029       1.5109695       4.6050702        4.6050702       9.6273282       9.6273282
              1       9.2707623       1.3268841       1.1519046       4.6050702        4.6050702       9.3313842       9.3313842
              1       8.9800665        1.858984       1.3634457       4.6050702        4.6050702       8.7499925       8.7499925
              2        10.48145       2.7164205       1.6481567       4.6050702        4.6050702        11.75276        11.75276
              1        8.968087       1.7041071       1.3054145       4.6050702        4.6050702       8.7260337       8.7260337
              1       8.9634539       1.7690478       1.3300556       4.6050702        4.6050702       8.7167674       8.7167674
              1       8.9932903       1.8929319       1.3758386       4.6050702        4.6050702       8.7764402       8.7764402
              1         8.98122       1.6539209       1.2860486       4.6050702        4.6050702       8.7522997       8.7522997
              1        9.137434       1.4335768       1.1973207       4.6050702        4.6050702       9.0647276       9.0647276
              3       9.3941659       1.2476305       1.1169738       4.6050702        4.6050702       9.5781915       9.5781915
              1       9.2134361       1.3691552        1.170109       4.6050702        4.6050702       9.2167319       9.2167319
              1       9.5210795       2.3390129       1.5293832       4.6050702        4.6050702       9.8320187       9.8320187
              3       9.0409921       1.5413186       1.2414985       4.6050702        4.6050702       8.8718438       8.8718438
              3       9.4489881        1.216127       1.1027815       4.6050702        4.6050702       9.6878358       9.6878358
              1       9.1037501       1.4666463       1.2110518       4.6050702        4.6050702       8.9973599       8.9973599
              2       9.4949476       1.1910634       1.0913585       4.6050702        4.6050702       9.7797548       9.7797548
              7       9.5305866       1.1723656       1.0827583       4.6050702        4.6050702       9.8510329       9.8510329
              1       10.117291       2.5936265        1.610474       4.6050702        4.6050702       11.024442       11.024442
              1       9.6205533       2.3886804       1.5455356       4.6050702        4.6050702       10.030966       10.030966
              6       9.5282931       1.1735509       1.0833056       4.6050702        4.6050702       9.8464458       9.8464458
              1       9.4826178       2.3186302       1.5227049       4.6050702        4.6050702       9.7550953       9.7550953
              2       9.5351693       1.1700045       1.0816675       4.6050702        4.6050702       9.8601983       9.8601983
              2       9.7526924       1.0671488       1.0330289       4.6050702        4.6050702       10.295244       10.295244
              1       9.3112322       1.2993818       1.1399043       4.6050702        4.6050702       9.4123241       9.4123241
              3       9.2479966       1.3431553       1.1589458       4.6050702        4.6050702       9.2858528       9.2858528
              4       9.9668358      0.97904395       0.9894665       4.6050702        4.6050702       10.723531       10.723531
              1       11.068338        2.886539       1.6989818       4.6050702        4.6050702       12.926536       12.926536
              1       10.670796      0.74188566      0.86132785       4.6050702        4.6050702       12.131451       12.131451
              1       10.106684       0.9265294      0.96256397       4.6050702        4.6050702       11.003228       11.003228
              1       9.0300719       1.5571253       1.2478483       4.6050702        4.6050702       8.8500033       8.8500033
              4       9.1886848       1.3888989       1.1785156       4.6050702        4.6050702       9.1672292       9.1672292
              1       9.8236082       1.0367793       1.0182236       4.6050702        4.6050702       10.437076       10.437076
              3       9.2341534        1.353369       1.1633439       4.6050702        4.6050702       9.2581664       9.2581664
              1       9.3405698       1.2804337       1.1315625       4.6050702        4.6050702       9.4709993       9.4709993
              1       9.0216681       1.9461149       1.3950322       4.6050702        4.6050702       8.8331958       8.8331958
              3       9.0200428       1.9434814        1.394088       4.6050702        4.6050702       8.8299452       8.8299452
              4       8.9672938       1.8075625       1.3444562       4.6050702        4.6050702       8.7244472       8.7244472
              6        9.052167       1.5262559       1.2354173       4.6050702        4.6050702       8.8941936       8.8941936
              3       9.0509694       1.9884844       1.4101363       4.6050702        4.6050702       8.8917984       8.8917984
              2       9.9984664      0.96686126      0.98329104       4.6050702        4.6050702       10.786793       10.786793
              3        9.508942       1.1836487       1.0879562       4.6050702        4.6050702       9.8077436       9.8077436
              1       9.4099923       1.2383398       1.1128072       4.6050702        4.6050702       9.6098442       9.6098442
              4       11.994854      0.40402867       0.6356325       4.6050702        4.6050702       14.779568       14.779568
              1       10.059378      0.94391435      0.97155255       4.6050702        4.6050702       10.908615       10.908615
              1       10.067965      0.94073122        0.969913       4.6050702        4.6050702       10.925789       10.925789
              1        9.235106       1.3526579       1.1630382       4.6050702        4.6050702       9.2600715       9.2600715
              4       9.0201512       1.5726492       1.2540531       4.6050702        4.6050702        8.830162        8.830162
              2       11.529998      0.51216529      0.71565724       4.6050702        4.6050702       13.849855       13.849855
              1       10.656817      0.74605417      0.86374427       4.6050702        4.6050702       12.103493       12.103493
              4       9.2535717       1.3391122       1.1572002       4.6050702        4.6050702       9.2970029       9.2970029
              1       9.0349413       1.9663787       1.4022763       4.6050702        4.6050702       8.8597422       8.8597422
              4       9.0874807       2.0322633       1.4255747       4.6050702        4.6050702       8.9648211       8.9648211
              1       9.3304617       2.2294313        1.493128       4.6050702        4.6050702        9.450783        9.450783
              1       9.8510068       1.0253829       1.0126119       4.6050702        4.6050702       10.491873       10.491873
              3       10.052303       2.5697611       1.6030475       4.6050702        4.6050702       10.894465       10.894465
              2       9.4662122       1.2066005       1.0984537       4.6050702        4.6050702        9.722284        9.722284
              2       9.2006804       2.1371057       1.4618843       4.6050702        4.6050702       9.1912204       9.1912204
              1       12.750537      0.24463883      0.49460977       4.6050702        4.6050702       16.290933       16.290933
              3       9.2503181       1.3414669       1.1582171       4.6050702        4.6050702       9.2904959       9.2904959
              2       9.4235751       1.2304966       1.1092775       4.6050702        4.6050702       9.6370098       9.6370098
              2       8.9642316       1.7338828       1.3167698       4.6050702        4.6050702       8.7183228       8.7183228
              1         8.96344       1.7686542       1.3299076       4.6050702        4.6050702       8.7167396       8.7167396
              6       9.0195183       1.5736839       1.2544656       4.6050702        4.6050702       8.8288962       8.8288962
              2       9.1227141       2.0687127        1.438302       4.6050702        4.6050702       9.0352878       9.0352878
              5       9.0538484       1.9922341       1.4114652       4.6050702        4.6050702       8.8975565       8.8975565
              1       10.314943       2.6623463       1.6316698       4.6050702        4.6050702       11.419746       11.419746
              1       9.9689235       2.5380734       1.5931332       4.6050702        4.6050702       10.727707       10.727707
              1       10.374884      0.83413044      0.91330742       4.6050702        4.6050702       11.539627       11.539627
              2       9.5034437       1.1865504        1.089289       4.6050702        4.6050702        9.796747        9.796747
              3       9.0228994       1.5682216       1.2522866       4.6050702        4.6050702       8.8356585       8.8356585
              2       9.1895567       1.3881855       1.1782128       4.6050702        4.6050702       9.1689731       9.1689731
              4       9.9194138       2.5186331       1.5870202       4.6050702        4.6050702       10.628687       10.628687
              3       9.8788122       2.5023117       1.5818697       4.6050702        4.6050702       10.547484       10.547484
              2       8.9632749       1.7549264       1.3247364       4.6050702        4.6050702       8.7164094       8.7164094
              2        9.495807       1.1906052       1.0911486       4.6050702        4.6050702       9.7814736       9.7814736
              3       9.4831693       1.1973798       1.0942485       4.6050702        4.6050702       9.7561983       9.7561983
              1       9.2127478       1.3696907       1.1703378       4.6050702        4.6050702       9.2153552       9.2153552
              2       9.0269901       1.5618161       1.2497264       4.6050702        4.6050702       8.8438399       8.8438399
              2       11.831547       3.0753017       1.7536538       4.6050702        4.6050702       14.452954       14.452954
              2        9.048376       1.5312537       1.2374384       4.6050702        4.6050702       8.8866116       8.8866116
              1       9.0938886       2.0392442       1.4280211       4.6050702        4.6050702       8.9776368       8.9776368
              5       8.9995766       1.9063679       1.3807128       4.6050702        4.6050702       8.7890129       8.7890129
              3       8.9940982       1.8947327       1.3764929       4.6050702        4.6050702        8.778056        8.778056
              3       8.9912065       1.8881722       1.3741078       4.6050702        4.6050702       8.7722727       8.7722727
              2        8.967824       1.7055998       1.3059861       4.6050702        4.6050702       8.7255076       8.7255076
              3        9.115183       1.4550173        1.206241       4.6050702        4.6050702       9.0202256       9.0202256
              2       9.8187227       2.4774771       1.5740004       4.6050702        4.6050702       10.427305       10.427305
              1       13.593484       3.4316477       1.8524707       4.6050702        4.6050702       17.976827       17.976827
              1       9.6189712       1.1283864       1.0622553       4.6050702        4.6050702       10.027802       10.027802
              4       8.9634291       1.7683371       1.3297884       4.6050702        4.6050702       8.7167179       8.7167179
              8       11.133136      0.61253331      0.78264507       4.6050702        4.6050702       13.056131       13.056131
              1       8.9907152       1.6292832       1.2764338       4.6050702        4.6050702         8.77129         8.77129
              1       9.1458874       1.4257937        1.194066       4.6050702        4.6050702       9.0816344       9.0816344
              1       9.1918851       2.1300204       1.4594589       4.6050702        4.6050702       9.1736299       9.1736299
              2       9.9083821        1.002074       1.0010365       4.6050702        4.6050702       10.606624       10.606624
              3       9.1005709       1.4699635       1.2124205       4.6050702        4.6050702       8.9910014       8.9910014
              2       9.5021596       1.1872302       1.0896009       4.6050702        4.6050702       9.7941789       9.7941789
              1       9.0517298       1.5268267       1.2356483       4.6050702        4.6050702       8.8933193       8.8933193
              3       9.7768216       2.4596396       1.5683238       4.6050702        4.6050702       10.343503       10.343503
              2       9.7496001       1.0685034       1.0336844       4.6050702        4.6050702        10.28906        10.28906
              1       9.0442438       1.5368298       1.2396894       4.6050702        4.6050702       8.8783473       8.8783473
              1       10.796742       2.8112345       1.6766736       4.6050702        4.6050702       12.383344       12.383344
              2       9.3980935       2.2709982       1.5069832       4.6050702        4.6050702       9.5860467       9.5860467
              1       12.605898      0.27382115      0.52327923       4.6050702        4.6050702       16.001656       16.001656
              1        10.12308       2.5957191       1.6111236       4.6050702        4.6050702       11.036019       11.036019
              1       11.407682       2.9740916       1.7245555       4.6050702        4.6050702       13.605224       13.605224
              1       9.1736874       1.4013933       1.1838046       4.6050702        4.6050702       9.1372345       9.1372345
              1       10.840582       2.8237499       1.6804017       4.6050702        4.6050702       12.471023       12.471023
              1       12.589441       3.2391294       1.7997581       4.6050702        4.6050702       15.968741       15.968741
              2       9.0557402       1.5216419       1.2335485       4.6050702        4.6050702         8.90134         8.90134
              2       10.100819       2.5876422        1.608615       4.6050702        4.6050702       10.991497       10.991497
              1       8.9773993       1.6656684       1.2906077       4.6050702        4.6050702       8.7446583       8.7446583
              2       10.108477      0.92587759      0.96222533       4.6050702        4.6050702       11.006814       11.006814
              2       11.329112      0.56191713      0.74961132       4.6050702        4.6050702       13.448084       13.448084
              1       10.217381      0.88720392      0.94191503       4.6050702        4.6050702       11.224621       11.224621
              1       9.1515495       1.4206809       1.1919232       4.6050702        4.6050702       9.0929587       9.0929587
              1       10.262126       2.6445045       1.6261933       4.6050702        4.6050702       11.314112       11.314112
              2        9.086123       2.0307612       1.4250478       4.6050702        4.6050702       8.9621056       8.9621056
              3       9.0895662       2.0345546       1.4263781       4.6050702        4.6050702       8.9689921       8.9689921
              1       9.3826597       2.2618147       1.5039331       4.6050702        4.6050702        9.555179        9.555179
              2       9.3297215        2.228956       1.4929689       4.6050702        4.6050702       9.4493026       9.4493026
              1       9.0429579       1.9777135        1.406312       4.6050702        4.6050702       8.8757754       8.8757754
              2       9.0292748       1.9579794       1.3992782       4.6050702        4.6050702       8.8484092       8.8484092
              1       9.2298417       2.1597041       1.4695932       4.6050702        4.6050702       9.2495429       9.2495429
              4        9.038367       1.9712962       1.4040286       4.6050702        4.6050702       8.8665937       8.8665937
              3       9.4906666       2.3229565       1.5241248       4.6050702        4.6050702       9.7711929       9.7711929
              2       9.2723302        1.325786       1.1514278       4.6050702        4.6050702         9.33452         9.33452
              2       9.0080961       1.9228365       1.3866638       4.6050702        4.6050702       8.8060518       8.8060518
              1       8.9895421       1.8842414       1.3726767       4.6050702        4.6050702       8.7689439       8.7689439
              2       9.2769217       2.1937211       1.4811216       4.6050702        4.6050702        9.343703        9.343703
              3       10.127502       2.5973142       1.6116185       4.6050702        4.6050702       11.044863       11.044863
              2       9.0372313       1.5466289       1.2436353       4.6050702        4.6050702       8.8643222       8.8643222
              1       8.9728771       1.8344315       1.3544119       4.6050702        4.6050702       8.7356139       8.7356139
              5       8.9639746       1.7373303       1.3180783       4.6050702        4.6050702       8.7178088       8.7178088
              1       9.1867907        2.125854       1.4580308       4.6050702        4.6050702        9.163441        9.163441
              1       9.0121178       1.9300634       1.3892672       4.6050702        4.6050702       8.8140952       8.8140952
              1       9.0537581       1.9921174       1.4114239       4.6050702        4.6050702       8.8973759       8.8973759
              6       9.0211047       1.5711011       1.2534357       4.6050702        4.6050702       8.8320691       8.8320691
              1       9.4810654       2.3177919       1.5224296       4.6050702        4.6050702       9.7519904       9.7519904
              1       9.6063508       2.3818311       1.5433182       4.6050702        4.6050702       10.002561       10.002561
              1       9.0196614       1.5734495       1.2543722       4.6050702        4.6050702       8.8291824       8.8291824
              1       10.682224      0.73849046      0.85935468       4.6050702        4.6050702       12.154308       12.154308
              1       9.9950113       0.9681829      0.98396285       4.6050702        4.6050702       10.779882       10.779882
              1       9.0024199       1.9120601       1.3827726       4.6050702        4.6050702       8.7946994       8.7946994
              1       9.5147299       2.3356974       1.5282989       4.6050702        4.6050702       9.8193193       9.8193193
              1       9.3577296       1.2696913       1.1268058       4.6050702        4.6050702       9.5053189       9.5053189
              1       9.4102709       1.2381778       1.1127344       4.6050702        4.6050702       9.6104014       9.6104014
              3        9.230724       2.1603681       1.4698191       4.6050702        4.6050702       9.2513077       9.2513077
              1       9.4538588       2.3028913        1.517528       4.6050702        4.6050702       9.6975772       9.6975772
              4       8.9991302       1.6108533       1.2691939       4.6050702        4.6050702         8.78812         8.78812
              2       9.7886135       1.0516025       1.0254767       4.6050702        4.6050702       10.367087       10.367087
              1       8.9716605       1.8294448       1.3525697       4.6050702        4.6050702       8.7331806       8.7331806
              2       9.2661167       2.1861533       1.4785646       4.6050702        4.6050702        9.322093        9.322093
              3       9.4822151       1.1978946       1.0944837       4.6050702        4.6050702       9.7542898       9.7542898
              3       10.145371       0.9125777      0.95528933       4.6050702        4.6050702       11.080602       11.080602
              1       9.2177938        1.365782       1.1686667       4.6050702        4.6050702       9.2254472       9.2254472
              3       9.2945198       2.2057732       1.4851846       4.6050702        4.6050702       9.3788993       9.3788993
              1       9.2038492       2.1396262       1.4627461       4.6050702        4.6050702       9.1975581       9.1975581
              2       9.0260725       1.5632347       1.2502938       4.6050702        4.6050702       8.8420047       8.8420047
              1       13.662115     0.072302805      0.26889181       4.6050702        4.6050702       18.114089       18.114089
              2       13.045729      0.18676142      0.43215902       4.6050702        4.6050702       16.881317       16.881317
              2        11.08909      0.62422034      0.79007616       4.6050702        4.6050702       12.968039       12.968039
              2       11.013708       2.8718012        1.694639       4.6050702        4.6050702       12.817276       12.817276
              4       12.205997       3.1586406       1.7772565       4.6050702        4.6050702       15.201853       15.201853
              2       9.0235735       1.9491561       1.3961218       4.6050702        4.6050702       8.8370066       8.8370066
              1       9.0841575       1.4877356       1.2197277       4.6050702        4.6050702       8.9581746       8.9581746
              1        9.218603       1.3651587       1.1684001       4.6050702        4.6050702       9.2270657       9.2270657
              4       9.0366948       1.9689102       1.4031786       4.6050702        4.6050702       8.8632492       8.8632492
              2        8.992138       1.8903211       1.3748895       4.6050702        4.6050702       8.7741357       8.7741357
              1       9.1158464       1.4543562       1.2059669       4.6050702        4.6050702       9.0215524       9.0215524
              2       10.006489       2.5525065       1.5976566       4.6050702        4.6050702       10.802838       10.802838
              2        9.684077       2.4184461       1.5551354       4.6050702        4.6050702       10.158014       10.158014
              1       10.562453       2.7416526       1.6557936       4.6050702        4.6050702       11.914766       11.914766
              3       9.1172852       1.4529272       1.2053743       4.6050702        4.6050702       9.0244301       9.0244301
              1       9.8086085       1.0430952       1.0213203       4.6050702        4.6050702       10.407077       10.407077
              2       10.517467      0.78858678      0.88802409       4.6050702        4.6050702       11.824793       11.824793
              4       9.0709783       1.5028997       1.2259281       4.6050702        4.6050702       8.9318163       8.9318163
              7       9.2145348       2.1480055       1.4656076       4.6050702        4.6050702       9.2189292       9.2189292
              2       9.1332378       1.4375105       1.1989622       4.6050702        4.6050702       9.0563352       9.0563352
              1       9.3314905        2.230091       1.4933489       4.6050702        4.6050702       9.4528406       9.4528406
              4       10.004418       2.5517176       1.5974096       4.6050702        4.6050702       10.798696       10.798696
              1       12.600594       3.2414053       1.8003903       4.6050702        4.6050702       15.991048       15.991048
              1       10.235573       2.6353979       1.6233909       4.6050702        4.6050702       11.261006       11.261006
              2       9.3598413       2.2479218       1.4993071       4.6050702        4.6050702       9.5095422       9.5095422
              1       9.4786596       2.3164903       1.5220021       4.6050702        4.6050702       9.7471788       9.7471788
              1       9.9356205       2.5250511       1.5890409       4.6050702        4.6050702       10.661101       10.661101
              2       10.481403       2.7164057       1.6481522       4.6050702        4.6050702       11.752666       11.752666
              1       9.4254594       1.2294177       1.1087911       4.6050702        4.6050702       9.6407785       9.6407785
              4       9.4064636       2.2759105       1.5086121       4.6050702        4.6050702       9.6027867       9.6027867
              2       9.5494263       2.3535887        1.534141       4.6050702        4.6050702       9.8887122       9.8887122
              8       8.9848104       1.8723296        1.368331       4.6050702        4.6050702       8.7594805       8.7594805
              1       8.9648608       1.7270145       1.3141592       4.6050702        4.6050702       8.7195812       8.7195812
              1       10.914161       2.8444317       1.6865443       4.6050702        4.6050702       12.618183       12.618183
              1       8.9921274       1.8902967       1.3748806       4.6050702        4.6050702       8.7741144       8.7741144
              8       9.2440093       1.3460712       1.1602031       4.6050702        4.6050702       9.2778783       9.2778783
              4       9.7479453       2.4470779       1.5643139       4.6050702        4.6050702        10.28575        10.28575
              3       9.5196958       2.3382919       1.5291475       4.6050702        4.6050702       9.8292512       9.8292512
              4       9.3739679       2.2565684       1.5021879       4.6050702        4.6050702       9.5377955       9.5377955
              4       8.9717179       1.8296881       1.3526596       4.6050702        4.6050702       8.7332955       8.7332955
              1       9.4441297       2.2974629       1.5157384       4.6050702        4.6050702        9.678119        9.678119
              6        9.124637       2.0705796       1.4389509       4.6050702        4.6050702       9.0391336       9.0391336
              2       8.9642101       1.7821546       1.3349736       4.6050702        4.6050702       8.7182797       8.7182797
              2       9.0035367       1.9142392       1.3835603       4.6050702        4.6050702        8.796933        8.796933
              2       9.0547112       1.5229613       1.2340832       4.6050702        4.6050702        8.899282        8.899282
              1       9.0227046       1.5685321       1.2524105       4.6050702        4.6050702       8.8352688       8.8352688
              1       9.0799545       2.0238299       1.4226137       4.6050702        4.6050702       8.9497686       8.9497686
              3       9.0071196       1.5952741       1.2630416       4.6050702        4.6050702       8.8040988       8.8040988
              1       9.2125173       2.1464373       1.4650724       4.6050702        4.6050702       9.2148942       9.2148942
              1       10.309858      0.85566365      0.92502089       4.6050702        4.6050702       11.409576       11.409576
              5       8.9635265       1.7709058       1.3307538       4.6050702        4.6050702       8.7169127       8.7169127
              1       9.0171635       1.5775857       1.2560198       4.6050702        4.6050702       8.8241866       8.8241866
              1       8.9787949       1.8550952       1.3620188       4.6050702        4.6050702       8.7474494       8.7474494
              1       9.8158959       2.4762877       1.5736225       4.6050702        4.6050702       10.421651       10.421651
              1       8.9981792       1.9034885       1.3796697       4.6050702        4.6050702        8.786218        8.786218
              2       8.9638646       1.7773139       1.3331594       4.6050702        4.6050702       8.7175889       8.7175889
              4       9.9043145       2.5126046       1.5851197       4.6050702        4.6050702       10.598489       10.598489
              1       10.359476      0.83918706      0.91607154       4.6050702        4.6050702       11.508812       11.508812
              3       8.9637283       1.7750262       1.3323011       4.6050702        4.6050702       8.7173163       8.7173163
              2       9.6022193        1.136483       1.0660595       4.6050702        4.6050702       9.9942982       9.9942982
              1       9.1967331       1.3823651       1.1757402       4.6050702        4.6050702       9.1833258       9.1833258
              8       8.9714511        1.828551       1.3522392       4.6050702        4.6050702       8.7327618       8.7327618
              2       9.5407713       2.3491764       1.5327023       4.6050702        4.6050702       9.8714022       9.8714022
              6       10.204775       2.6247152       1.6200973       4.6050702        4.6050702       11.199409       11.199409
              1       9.0248942       1.9512359       1.3968664       4.6050702        4.6050702        8.839648        8.839648
              1       9.0944845       2.0398845       1.4282453       4.6050702        4.6050702       8.9788286       8.9788286
              1       9.0442934       1.9795454       1.4069632       4.6050702        4.6050702       8.8784464       8.8784464
              1       9.1557363       1.4169496       1.1903569       4.6050702        4.6050702       9.1013322       9.1013322
              3        9.472723        1.203042       1.0968327       4.6050702        4.6050702       9.7353056       9.7353056
              2       8.9855733       1.6419748       1.2813957       4.6050702        4.6050702       8.7610062       8.7610062
              6       10.755463       0.7169949      0.84675551       4.6050702        4.6050702       12.300786       12.300786
              2       8.9890995       1.6331323       1.2779406       4.6050702        4.6050702       8.7680586       8.7680586
              3        9.283882       2.1985273       1.4827432       4.6050702        4.6050702       9.3576236       9.3576236
              1       9.1917979       2.1299495       1.4594346       4.6050702        4.6050702       9.1734555       9.1734555
              1       9.1138534       2.0599608       1.4352564       4.6050702        4.6050702       9.0175665       9.0175665
              3       9.7417092       1.0719725        1.035361       4.6050702        4.6050702       10.273278       10.273278
              1       9.7076964       2.4291769       1.5585817       4.6050702        4.6050702       10.205252       10.205252
              2       10.620931       2.7594729       1.6611661       4.6050702        4.6050702       12.031722       12.031722
              2       9.1430653       1.4283716        1.195145       4.6050702        4.6050702       9.0759903       9.0759903
              2       9.4939235       2.3246977       1.5246959       4.6050702        4.6050702       9.7777067       9.7777067
              2       8.9635002       1.7702658       1.3305134       4.6050702        4.6050702       8.7168601       8.7168601
              1       9.6776775       2.4155085       1.5541906       4.6050702        4.6050702       10.145215       10.145215
              2       9.0583261       1.5183581       1.2322167       4.6050702        4.6050702       8.9065119       8.9065119
              1       9.5813356       2.3695808       1.5393443       4.6050702        4.6050702       9.9525308       9.9525308
              1       10.388857       2.6867389       1.6391275       4.6050702        4.6050702       11.567573       11.567573
              3        8.968989       1.6992762       1.3035629       4.6050702        4.6050702       8.7278376       8.7278376
              4       9.0052561       1.5987716       1.2644254       4.6050702        4.6050702       8.8003718       8.8003718
              1       8.9674313       1.8083972       1.3447666       4.6050702        4.6050702       8.7247222       8.7247222
              3       8.9670388       1.8059764       1.3438662       4.6050702        4.6050702       8.7239372       8.7239372
              1       9.2025857       2.1386232       1.4624032       4.6050702        4.6050702       9.1950311       9.1950311
              4       9.4930938       2.3242546       1.5245506       4.6050702        4.6050702       9.7760472       9.7760472
              2        9.443524       2.2971231       1.5156263       4.6050702        4.6050702       9.6769076       9.6769076
              5       9.9468309      0.98684827      0.99340237       4.6050702        4.6050702       10.683521       10.683521
              4       10.108112      0.92601049      0.96229439       4.6050702        4.6050702       11.006083       11.006083
              1       9.4961031       1.1904475       1.0910763       4.6050702        4.6050702       9.7820658       9.7820658
              2       10.665965       2.7729832       1.6652277       4.6050702        4.6050702        12.12179        12.12179
              3       9.0811743       1.4910926        1.221103       4.6050702        4.6050702       8.9522083       8.9522083
              1         8.96466       1.7872772       1.3368909       4.6050702        4.6050702       8.7191796       8.7191796
              3       8.9916227       1.6271707        1.275606       4.6050702        4.6050702       8.7731051       8.7731051
              3       10.092394      0.93174257      0.96526813       4.6050702        4.6050702       10.974647       10.974647
              1       9.2064648       2.1416942       1.4634528       4.6050702        4.6050702       9.2027892       9.2027892
              4       9.3019835       1.3055197       1.1425934       4.6050702        4.6050702       9.3938266       9.3938266
              2       9.2733589       2.1912404       1.4802839       4.6050702        4.6050702       9.3365774       9.3365774
              1       9.3557774       2.2454059       1.4984679       4.6050702        4.6050702       9.5014145       9.5014145
              1       9.2595822       1.3347966        1.155334       4.6050702        4.6050702        9.309024        9.309024
              1       9.1171117       2.0632082       1.4363872       4.6050702        4.6050702        9.024083        9.024083
              3       10.069372        2.576097       1.6050224       4.6050702        4.6050702       10.928605       10.928605
              5       9.2824306        1.318778       1.1483806       4.6050702        4.6050702       9.3547209       9.3547209
              2       8.9633659       1.7500617        1.322899       4.6050702        4.6050702       8.7165915       8.7165915
              1       9.0322212       1.5539174       1.2465622       4.6050702        4.6050702       8.8543021       8.8543021
              6       8.9678802        1.705277       1.3058626       4.6050702        4.6050702       8.7256201       8.7256201
              2       8.9634743       1.7467077       1.3216307       4.6050702        4.6050702       8.7168082       8.7168082
              6       9.0827094       1.4893599       1.2203934       4.6050702        4.6050702       8.9552784       8.9552784
             14       9.1453836       1.4262524       1.1942581       4.6050702        4.6050702       9.0806269       9.0806269
              5       8.9696047        1.696194       1.3023801       4.6050702        4.6050702       8.7290691       8.7290691
              1       9.5624623       1.1561341       1.0752368       4.6050702        4.6050702       9.9147843       9.9147843
              3        11.73705       3.0534229       1.7474046       4.6050702        4.6050702       14.263959       14.263959
              1       13.320017       3.3814764       1.8388791       4.6050702        4.6050702       17.429895       17.429895
              2       11.404778       2.9733691        1.724346       4.6050702        4.6050702       13.599417       13.599417
              1       9.6615253        2.408035       1.5517844       4.6050702        4.6050702        10.11291        10.11291
              5       9.0985603       1.4720812       1.2132935       4.6050702        4.6050702       8.9869803       8.9869803
              4       10.437129      0.81397799      0.90220729       4.6050702        4.6050702       11.664117       11.664117
              1       9.4796693       1.1992705       1.0951121       4.6050702        4.6050702       9.7491982       9.7491982
              2       9.0688761       2.0109048       1.4180637       4.6050702        4.6050702       8.9276119       8.9276119
              2       9.0417822        1.976088        1.405734       4.6050702        4.6050702       8.8734239       8.8734239
              2       9.0220544        1.569572       1.2528256       4.6050702        4.6050702       8.8339684       8.8339684
              3       9.3785131       2.2593187        1.503103       4.6050702        4.6050702       9.5468858       9.5468858
              1       9.1085306       2.0545791       1.4333803       4.6050702        4.6050702       9.0069208       9.0069208
              1       9.1337158       2.0792475       1.4419596       4.6050702        4.6050702       9.0572912       9.0572912
              3       9.0520764       1.9899334         1.41065       4.6050702        4.6050702       8.8940124       8.8940124
              1       9.0928514       1.4781815       1.2158049       4.6050702        4.6050702       8.9755624       8.9755624
              3       11.360111      0.55410573      0.74438279       4.6050702        4.6050702       13.510082       13.510082
              1       9.8603966       1.0215178       1.0107016       4.6050702        4.6050702       10.510653       10.510653
              2       9.2022348       1.3779632       1.1738668       4.6050702        4.6050702       9.1943293       9.1943293
              1       8.9633045        1.752834       1.3239464       4.6050702        4.6050702       8.7164686       8.7164686
              3       9.0782979         1.49437       1.2224443       4.6050702        4.6050702       8.9464555       8.9464555
              1       9.4682146       1.2055037       1.0979543       4.6050702        4.6050702       9.7262888       9.7262888
              3       9.0835856       1.4883759       1.2199901       4.6050702        4.6050702       8.9570308       8.9570308
              3       10.246699      0.87708226       0.9365267       4.6050702        4.6050702       11.283258       11.283258
              1       10.832961       2.8215849       1.6797574       4.6050702        4.6050702       12.455782       12.455782
              1       12.011367       3.1159616       1.7652087       4.6050702        4.6050702       14.812593       14.812593
              2       8.9937615       1.8939852       1.3762214       4.6050702        4.6050702       8.7773827       8.7773827
              2       9.2644684        2.184987       1.4781701       4.6050702        4.6050702       9.3187964       9.3187964
              3       9.3741015       2.2566494       1.5022148       4.6050702        4.6050702       9.5380626       9.5380626
              1       9.1774612       1.3982085       1.1824587       4.6050702        4.6050702       9.1447821       9.1447821
              1       8.9632766       1.7615399       1.3272302       4.6050702        4.6050702       8.7164129       8.7164129
              2       8.9633693       1.7663687       1.3290481       4.6050702        4.6050702       8.7165981       8.7165981
              3       9.3652754       1.2650416       1.1247407       4.6050702        4.6050702       9.5204104       9.5204104
              4       9.0692375       1.5049707       1.2267725       4.6050702        4.6050702       8.9283345       8.9283345
              1       9.6325514       2.3944091       1.5473878       4.6050702        4.6050702       10.054963       10.054963
              2       9.1683392       1.4059562       1.1857302       4.6050702        4.6050702        9.126538        9.126538
              3        9.130253       1.4403381       1.2001409       4.6050702        4.6050702       9.0503657       9.0503657
              1       10.703083       2.7839847       1.6685277       4.6050702        4.6050702       12.196025       12.196025
              2        9.646159        1.115463       1.0561548       4.6050702        4.6050702       10.082178       10.082178
              4       9.2117158       1.3704949       1.1706814       4.6050702        4.6050702       9.2132913       9.2132913
              3       9.0317308       1.9616626       1.4005936       4.6050702        4.6050702       8.8533213       8.8533213
              1       9.8811847       2.5032753       1.5821742       4.6050702        4.6050702       10.552229       10.552229
              1       9.3276131       1.2887077       1.1352126       4.6050702        4.6050702       9.4450858       9.4450858
              1       9.8931734       1.0081821       1.0040827       4.6050702        4.6050702       10.576206       10.576206
              1       9.4598342       1.2101088       1.1000495       4.6050702        4.6050702       9.7095281       9.7095281
              2       10.626343      0.75520132       0.8690232       4.6050702        4.6050702       12.042546       12.042546
              1       9.6777723       2.4155521       1.5542047       4.6050702        4.6050702       10.145404       10.145404
              5       9.0243691       1.9504116       1.3965714       4.6050702        4.6050702       8.8385978       8.8385978
              1       9.5759713       1.1493857       1.0720941       4.6050702        4.6050702       9.9418022       9.9418022
              1       9.4278713         1.22804       1.1081697       4.6050702        4.6050702       9.6456022       9.6456022
              1       9.9827465       2.5434152       1.5948088       4.6050702        4.6050702       10.755353       10.755353
              2       9.9760562       2.5408343       1.5939995       4.6050702        4.6050702       10.741972       10.741972
              3       9.0308433       1.9603393       1.4001212       4.6050702        4.6050702       8.8515462       8.8515462
              2       10.136062       2.6003938       1.6125737       4.6050702        4.6050702       11.061985       11.061985
              9       9.4277181       1.2281275       1.1082091       4.6050702        4.6050702       9.6452958       9.6452958
              3       9.8272261       1.0352641       1.0174793       4.6050702        4.6050702       10.444312       10.444312
              1       11.059661      0.63209635      0.79504487       4.6050702        4.6050702       12.909182       12.909182
              1        9.145285       1.4263423       1.1942957       4.6050702        4.6050702       9.0804295       9.0804295
              3       8.9633554       1.7658413       1.3288496       4.6050702        4.6050702       8.7165704       8.7165704
              1       8.9637542        1.775483       1.3324725       4.6050702        4.6050702        8.717368        8.717368
              2       8.9827507        1.866737       1.3662858       4.6050702        4.6050702       8.7553611       8.7553611
              1       9.1812023       1.3950789       1.1811346       4.6050702        4.6050702       9.1522643       9.1522643
              2       9.2052114       1.3756028       1.1728609       4.6050702        4.6050702       9.2002825       9.2002825
              1       9.9834038      0.97263915       0.9862247       4.6050702        4.6050702       10.756667       10.756667
              1       9.7844871       1.0533709       1.0263386       4.6050702        4.6050702       10.358834       10.358834
              1       9.4845663       2.3196805       1.5230497       4.6050702        4.6050702       9.7589922       9.7589922
              3       9.3260363       2.2265829       1.4921739       4.6050702        4.6050702       9.4419323       9.4419323
              2        9.366794       1.2641112        1.124327       4.6050702        4.6050702       9.5234476       9.5234476
              5       9.4296417        1.227031       1.1077143       4.6050702        4.6050702       9.6491431       9.6491431
              1       9.1711324       2.1127416       1.4535273       4.6050702        4.6050702       9.1321244       9.1321244
              3       9.1581569       2.1014966        1.449654       4.6050702        4.6050702       9.1061734       9.1061734
              5       9.7038878       2.4274582       1.5580302       4.6050702        4.6050702       10.197635       10.197635
              1       11.301694       2.9474385       1.7168105       4.6050702        4.6050702       13.393248       13.393248
              5       8.9762215        1.846704       1.3589349       4.6050702        4.6050702       8.7423027       8.7423027
              1       8.9697089       1.6956878       1.3021858       4.6050702        4.6050702       8.7292774       8.7292774
              1       9.3459522       1.2770384       1.1300612       4.6050702        4.6050702        9.481764        9.481764
              3       9.7380904       2.4427382       1.5629262       4.6050702        4.6050702       10.266041       10.266041
              1       9.0000516       1.6089735       1.2684532       4.6050702        4.6050702       8.7899629       8.7899629
              3         12.0265        3.119328       1.7661619       4.6050702        4.6050702       14.842859       14.842859
              1        11.94273        3.100587       1.7608484       4.6050702        4.6050702       14.675319       14.675319
              3       9.1718154       1.4029838       1.1844762       4.6050702        4.6050702       9.1334904       9.1334904
              3       9.4367603       2.2933145       1.5143693       4.6050702        4.6050702       9.6633803       9.6633803
              1       9.2304124       2.1601338       1.4697394       4.6050702        4.6050702       9.2506844       9.2506844
              1       9.0049017       1.9168619       1.3845078       4.6050702        4.6050702        8.799663        8.799663
              2       9.1711605       2.1127656       1.4535356       4.6050702        4.6050702       9.1321807       9.1321807
              1       8.9719195        1.685772       1.2983728       4.6050702        4.6050702       8.7336987       8.7336987
              1       8.9886389        1.882056       1.3718805       4.6050702        4.6050702       8.7671374       8.7671374
              1       8.9634691       1.7694613        1.330211       4.6050702        4.6050702       8.7167978       8.7167978
              1       9.1619525       1.4114837       1.1880588       4.6050702        4.6050702       9.1137647       9.1137647
              5        9.418449       2.2828646       1.5109151       4.6050702        4.6050702       9.6267576       9.6267576
              4       8.9643735       1.7841327       1.3357143       4.6050702        4.6050702       8.7186067       8.7186067
              8       9.2317249         2.16112       1.4700748       4.6050702        4.6050702       9.2533094       9.2533094
              4        8.971093       1.6893122       1.2997354       4.6050702        4.6050702       8.7320456       8.7320456
              1       8.9913136       1.6278865       1.2758865       4.6050702        4.6050702       8.7724868       8.7724868
              3       8.9640758       1.7803991        1.334316       4.6050702        4.6050702       8.7180113       8.7180113
              3       9.0025768       1.9123682        1.382884       4.6050702        4.6050702       8.7950133       8.7950133
              1       9.3394344       2.2351544       1.4950433       4.6050702        4.6050702       9.4687284       9.4687284
              1       9.0011689        1.909582       1.3818763       4.6050702        4.6050702       8.7921974       8.7921974
              1       8.9929257       1.6241961       1.2744395       4.6050702        4.6050702       8.7757111       8.7757111
              1       9.1490055        2.093339       1.4468376       4.6050702        4.6050702       9.0878707       9.0878707
              1       9.6453398       2.4004588       1.5493414       4.6050702        4.6050702       10.080539       10.080539
             10       9.0003332       1.6084038       1.2682286       4.6050702        4.6050702        8.790526        8.790526
              3       8.9690003       1.6992182       1.3035406       4.6050702        4.6050702       8.7278602       8.7278602
              1       9.8782101        2.502067       1.5817923       4.6050702        4.6050702        10.54628        10.54628
              1        9.390746        2.266647       1.5055388       4.6050702        4.6050702       9.5713516       9.5713516
              1       10.000088      0.96624185      0.98297602       4.6050702        4.6050702       10.790035       10.790035
              1       8.9681471       1.7037723       1.3052863       4.6050702        4.6050702       8.7261538       8.7261538
              1       9.1529783       1.4194029        1.191387       4.6050702        4.6050702       9.0958163       9.0958163
              2       8.9646436       1.7871065        1.336827       4.6050702        4.6050702       8.7191468       8.7191468
              3       9.1427785       1.4286347       1.1952551       4.6050702        4.6050702       9.0754167       9.0754167
              3       8.9662905       1.7153241       1.3097038       4.6050702        4.6050702       8.7224406       8.7224406
              1       9.2529657       1.3395498       1.1573892       4.6050702        4.6050702        9.295791        9.295791
              1       9.0281193       1.5600845       1.2490334       4.6050702        4.6050702       8.8460982       8.8460982
              2       8.9780643       1.8527884       1.3611717       4.6050702        4.6050702       8.7459881       8.7459881
              3        9.055761       1.9946922       1.4123357       4.6050702        4.6050702       8.9013817       8.9013817
              2       9.2887834       2.2018806       1.4838735       4.6050702        4.6050702       9.3674265       9.3674265
              1       9.2096538       1.3721069       1.1713697       4.6050702        4.6050702       9.2091672       9.2091672
              1       9.1622989       1.4111816       1.1879316       4.6050702        4.6050702       9.1144575       9.1144575
              1       9.0201105       1.5727156       1.2540796       4.6050702        4.6050702       8.8300806       8.8300806
              3       9.1020628       1.4684022       1.2117765       4.6050702        4.6050702       8.9939852       8.9939852
              1       9.4240197       2.2860656       1.5119741       4.6050702        4.6050702       9.6378991       9.6378991
              2       9.5671233       1.1537972       1.0741495       4.6050702        4.6050702       9.9241063       9.9241063
              2       8.9935697         1.62275       1.2738721       4.6050702        4.6050702        8.776999        8.776999
              1       9.0573072       1.9966609       1.4130325       4.6050702        4.6050702        8.904474        8.904474
              2       9.1181862       2.0642717       1.4367573       4.6050702        4.6050702       9.0262321       9.0262321
              2       10.141436      0.91398623      0.95602627       4.6050702        4.6050702       11.072732       11.072732
              2       9.3075001       2.2144587       1.4881058       4.6050702        4.6050702       9.4048598       9.4048598
              1       9.4172027       2.2821458       1.5106773       4.6050702        4.6050702        9.624265        9.624265
              1       9.1972493       1.3819499       1.1755636       4.6050702        4.6050702       9.1843583       9.1843583
              4       9.1586839       1.4143469       1.1892632       4.6050702        4.6050702       9.1072274       9.1072274
              1       10.182836       2.6170246        1.617722       4.6050702        4.6050702       11.155531       11.155531
              2       9.7402548       1.0726138       1.0356707       4.6050702        4.6050702       10.270369       10.270369
              3       8.9694881       1.8195413       1.3489037       4.6050702        4.6050702       8.7288357       8.7288357
              1        8.966993       1.7106217       1.3079074       4.6050702        4.6050702       8.7238456       8.7238456
              2       10.298862      0.85935597      0.92701455       4.6050702        4.6050702       11.387584       11.387584
              1       9.0833232       1.4886702       1.2201107       4.6050702        4.6050702       8.9565061       8.9565061
              2       8.9867237       1.8772898       1.3701422       4.6050702        4.6050702       8.7633071       8.7633071
              2       9.2965595       1.3091583       1.1441846       4.6050702        4.6050702       9.3829787       9.3829787
              1       9.5025957       2.3293082       1.5262071       4.6050702        4.6050702        9.795051        9.795051
              1       9.5956823       2.3766363       1.5416343       4.6050702        4.6050702       9.9812242       9.9812242
              1       9.2937683       1.3110423       1.1450076       4.6050702        4.6050702       9.3773962       9.3773962
              6       9.0449765       1.5358309       1.2392865       4.6050702        4.6050702       8.8798126       8.8798126
              1        9.179444       1.3965465       1.1817557       4.6050702        4.6050702       9.1487475       9.1487475
              1       9.1717533       1.4030367       1.1844985       4.6050702        4.6050702       9.1333662       9.1333662
              6       9.1879368       2.1267954       1.4583536       4.6050702        4.6050702       9.1657331       9.1657331
              3       8.9879668       1.6359029       1.2790242       4.6050702        4.6050702       8.7657933       8.7657933
              3       8.9654271       1.7219298       1.3122232       4.6050702        4.6050702       8.7207138       8.7207138
             13       8.9659978       1.7174434       1.3105126       4.6050702        4.6050702       8.7218552       8.7218552
              3       9.8981966       1.0061592       1.0030749       4.6050702        4.6050702       10.586253       10.586253
              1       9.2457029       2.1714773       1.4735933       4.6050702        4.6050702       9.2812654       9.2812654
