#        weight    minuslogpost              A2               A   minuslogprior minuslogprior__0            chi2   chi2__loglike
              1       9.6412856       1.1177603       1.0572418       4.6050702        4.6050702       10.072431       10.072431
              1       10.700477      0.73309126      0.85620749       4.6050702        4.6050702       12.190813       12.190813
              1       10.811137      0.70094699      0.83722577       4.6050702        4.6050702       12.412135       12.412135
              2       10.315082       0.8539148      0.92407511       4.6050702        4.6050702       11.420024       11.420024
              1        10.20638      0.89103232      0.94394508       4.6050702        4.6050702       11.202619       11.202619
              1       9.3485504        1.275408       1.1293396       4.6050702        4.6050702       9.4869604       9.4869604
              1       9.7052083       2.4280546       1.5582216       4.6050702        4.6050702       10.200276       10.200276
              1       9.2167371       2.1497102        1.466189       4.6050702        4.6050702       9.2233338       9.2233338
              1       9.0747647       2.0178551       1.4205123       4.6050702        4.6050702       8.9393891       8.9393891
              1       9.1748094        2.115864        1.454601       4.6050702        4.6050702       9.1394785       9.1394785
              1       9.0789119       1.4936671       1.2221567       4.6050702        4.6050702       8.9476834       8.9476834
              2       8.9653934       1.7222119       1.3123307       4.6050702        4.6050702       8.7206465       8.7206465
              2       9.6964006       1.0922409       1.0451033       4.6050702        4.6050702       10.182661       10.182661
              1       9.8379332       1.0307985       1.0152825       4.6050702        4.6050702       10.465726       10.465726
              2       8.9810616       1.6543815       1.2862276       4.6050702        4.6050702       8.7519829       8.7519829
              1       10.691946       2.7806964        1.667542       4.6050702        4.6050702       12.173752       12.173752
              1        9.491968       1.1926546       1.0920873       4.6050702        4.6050702       9.7737956       9.7737956
              1       9.5035838       1.1864763       1.0892549       4.6050702        4.6050702       9.7970273       9.7970273
              1       8.9691989       1.6982077        1.303153       4.6050702        4.6050702       8.7282574       8.7282574
              2       8.9645394       1.7859971        1.336412       4.6050702        4.6050702       8.7189385       8.7189385
              1       9.1209611       2.0670008       1.4377068       4.6050702        4.6050702       9.0317817       9.0317817
              1       8.9721087       1.8313216       1.3532633       4.6050702        4.6050702       8.7340771       8.7340771
              2        9.111393       2.0574851       1.4343937       4.6050702        4.6050702       9.0126456       9.0126456
              1       9.3086044       1.3011174       1.1406653       4.6050702        4.6050702       9.4070685       9.4070685
              1        9.585164       1.1448359       1.0699701       4.6050702        4.6050702       9.9601877       9.9601877
              1       10.597393      0.76396889      0.87405314       4.6050702        4.6050702       11.984647       11.984647
              1       9.2967759       1.3090126       1.1441209       4.6050702        4.6050702       9.3834114       9.3834114
              3       9.3449732       1.2776542       1.1303337       4.6050702        4.6050702       9.4798059       9.4798059
              4       11.348611       2.9593098       1.7202644       4.6050702        4.6050702       13.487082       13.487082
              3       10.463829       2.7108434       1.6464639       4.6050702        4.6050702       11.717518       11.717518
              1       11.257244       2.9360809       1.7134996       4.6050702        4.6050702       13.304347       13.304347
              3       10.200574        2.623248       1.6196444       4.6050702        4.6050702       11.191008       11.191008
              1       9.2174375       2.1502508       1.4663733       4.6050702        4.6050702       9.2247346       9.2247346
              2       9.0720157       2.0146338        1.419378       4.6050702        4.6050702        8.933891        8.933891
              3       8.9871922       1.8784731        1.370574       4.6050702        4.6050702       8.7642441       8.7642441
              1       9.2583292       1.3356926       1.1557217       4.6050702        4.6050702       9.3065181       9.3065181
              2       9.7567532       1.0653738       1.0321695       4.6050702        4.6050702       10.303366       10.303366
              1        9.372417        1.260681       1.1228005       4.6050702        4.6050702       9.5346937       9.5346937
              1       9.8774743       1.0145396       1.0072436       4.6050702        4.6050702       10.544808       10.544808
              1       9.8316896       1.0333992       1.0165624       4.6050702        4.6050702       10.453239       10.453239
              1       10.381585      0.83193999      0.91210744       4.6050702        4.6050702       11.553029       11.553029
              2       10.794634       2.8106288        1.676493       4.6050702        4.6050702       12.379127       12.379127
              4         9.18779       2.1266749       1.4583124       4.6050702        4.6050702       9.1654396       9.1654396
              3       9.1231279       1.4471921        1.202993       4.6050702        4.6050702       9.0361153       9.0361153
              3       8.9662099       1.7158969       1.3099225       4.6050702        4.6050702       8.7222794       8.7222794
              1         8.96664       1.8033842       1.3429014       4.6050702        4.6050702       8.7231397       8.7231397
              1       8.9970269       1.9010707       1.3787932       4.6050702        4.6050702       8.7839135       8.7839135
              1       9.4250573       2.2866596       1.5121705       4.6050702        4.6050702       9.6399742       9.6399742
              6       8.9634898       1.7700021       1.3304142       4.6050702        4.6050702       8.7168392       8.7168392
              3       8.9868045       1.8774947        1.370217       4.6050702        4.6050702       8.7634687       8.7634687
              1       9.3135334       1.2978674       1.1392398       4.6050702        4.6050702       9.4169265       9.4169265
              1       8.9841309       1.8705153       1.3676678       4.6050702        4.6050702       8.7581215       8.7581215
              2       8.9642654       1.7334651       1.3166112       4.6050702        4.6050702       8.7183905       8.7183905
              2       9.0975711       1.4731288       1.2137252       4.6050702        4.6050702       8.9850019       8.9850019
              1       9.6689534       1.1048249       1.0511065       4.6050702        4.6050702       10.127766       10.127766
              3       9.5286636       1.1733593       1.0832171       4.6050702        4.6050702       9.8471868       9.8471868
              4       9.3414427       1.2798814       1.1313185       4.6050702        4.6050702        9.472745        9.472745
              1        12.16744       3.1502898       1.7749056       4.6050702        4.6050702        15.12474        15.12474
              2       9.1506043       2.0947785        1.447335       4.6050702        4.6050702       9.0910683       9.0910683
              2       11.231607       2.9294804       1.7115725       4.6050702        4.6050702       13.253074       13.253074
              1       11.333279       2.9554433       1.7191403       4.6050702        4.6050702       13.456418       13.456418
              2       10.037771       2.5643281        1.601352       4.6050702        4.6050702       10.865402       10.865402
              1       9.7070021       1.0874435       1.0428056       4.6050702        4.6050702       10.203864       10.203864
              1       9.0113159       1.9286468       1.3887573       4.6050702        4.6050702       8.8124914       8.8124914
              4       9.6060845       1.1346055       1.0651786       4.6050702        4.6050702       10.002029       10.002029
              2       9.2294435       2.1594042       1.4694911       4.6050702        4.6050702       9.2487466       9.2487466
              1       9.7846907       1.0532835        1.026296       4.6050702        4.6050702       10.359241       10.359241
              3       14.725493       3.6250429       1.9039545       4.6050702        4.6050702       20.240845       20.240845
              8       9.0808188       1.4914955        1.221268       4.6050702        4.6050702       8.9514972       8.9514972
              1       8.9650557       1.7251764       1.3134597       4.6050702        4.6050702       8.7199709       8.7199709
              4       9.3351851       1.2838548       1.1330731       4.6050702        4.6050702       9.4602299       9.4602299
              4        9.575862       2.3668674       1.5384627       4.6050702        4.6050702       9.9415836       9.9415836
              7       9.4626447       2.3077474       1.5191272       4.6050702        4.6050702       9.7151491       9.7151491
              1       9.7196093       1.0817828       1.0400879       4.6050702        4.6050702       10.229078       10.229078
              1       9.0212649       1.5708424       1.2533325       4.6050702        4.6050702       8.8323895       8.8323895
              3       11.038232       2.8784409       1.6965969       4.6050702        4.6050702       12.866323       12.866323
              1       9.6565166          2.4057       1.5510319       4.6050702        4.6050702       10.102893       10.102893
              6       9.2756544       2.1928404       1.4808242       4.6050702        4.6050702       9.3411685       9.3411685
              1       9.0170124       1.9384685       1.3922889       4.6050702        4.6050702       8.8238844       8.8238844
              2       9.2924127       1.3119602       1.1454083       4.6050702        4.6050702        9.374685        9.374685
              1       8.9737611       1.8378592       1.3556766       4.6050702        4.6050702       8.7373818       8.7373818
              5       8.9778549       1.6641904        1.290035       4.6050702        4.6050702       8.7455695       8.7455695
              1       9.1804657        1.395693       1.1813945       4.6050702        4.6050702        9.150791        9.150791
              1       10.422356       0.8187218      0.90483247       4.6050702        4.6050702       11.634571       11.634571
              2       9.1251287       1.4452523       1.2021865       4.6050702        4.6050702        9.040117        9.040117
              3       8.9875877        1.879463       1.3709351       4.6050702        4.6050702       8.7650349       8.7650349
              5       9.4747253       2.3143552       1.5213005       4.6050702        4.6050702       9.7393103       9.7393103
              3        9.356146       2.2456346       1.4985442       4.6050702        4.6050702       9.5021517       9.5021517
              3       8.9832841        1.648095       1.2837815       4.6050702        4.6050702       8.7564277       8.7564277
              1       9.4017648       1.2431488       1.1149658       4.6050702        4.6050702       9.5933892       9.5933892
              5       9.1929972       2.1309237       1.4597684       4.6050702        4.6050702       9.1758541       9.1758541
              1       9.2544457       1.3384819       1.1569278       4.6050702        4.6050702        9.298751        9.298751
              4       9.8566559       1.0230551       1.0114619       4.6050702        4.6050702       10.503171       10.503171
              2       11.003479       2.8690198       1.6938181       4.6050702        4.6050702       12.796818       12.796818
              9       9.0133667       1.5840609       1.2585948       4.6050702        4.6050702        8.816593        8.816593
              2       9.0408261       1.5415502       1.2415918       4.6050702        4.6050702       8.8715118       8.8715118
              1       10.419932       2.6968051       1.6421952       4.6050702        4.6050702       11.629724       11.629724
              1       9.0249555       1.9513318       1.3969008       4.6050702        4.6050702       8.8397706       8.8397706
              1       8.9649875       1.7904997       1.3380955       4.6050702        4.6050702       8.7198346       8.7198346
              4       10.304411      0.85749081        0.926008       4.6050702        4.6050702       11.398682       11.398682
              2        9.376086       1.2584555        1.121809       4.6050702        4.6050702       9.5420317       9.5420317
              1       8.9932223       1.6235281       1.2741774       4.6050702        4.6050702       8.7763043       8.7763043
              2        9.251619       1.3405239       1.1578099       4.6050702        4.6050702       9.2930976       9.2930976
              5       9.3703347       1.2619485       1.1233648       4.6050702        4.6050702        9.530529        9.530529
              2       9.6092432       2.3832321        1.543772       4.6050702        4.6050702       10.008346       10.008346
              1       9.1367836       2.0821241       1.4429567       4.6050702        4.6050702       9.0634269       9.0634269
              1       9.0690706         1.50517       1.2268537       4.6050702        4.6050702       8.9280009       8.9280009
             10       8.9778836       1.6640982       1.2899993       4.6050702        4.6050702       8.7456268       8.7456268
              2       8.9902909       1.8860247       1.3733261       4.6050702        4.6050702       8.7704414       8.7704414
              1       10.262573        2.644657       1.6262401       4.6050702        4.6050702       11.315006       11.315006
              3       10.307532      0.85644353      0.92544234       4.6050702        4.6050702       11.404923       11.404923
              1       9.6434435       1.1167421       1.0567602       4.6050702        4.6050702       10.076747       10.076747
              1        9.165395        2.107814       1.4518313       4.6050702        4.6050702       9.1206497       9.1206497
              1       9.5657957       2.3618455       1.5368297       4.6050702        4.6050702        9.921451        9.921451
              3       9.0481223       1.9847153       1.4087992       4.6050702        4.6050702       8.8861042       8.8861042
              1       10.467165       2.7119015       1.6467852       4.6050702        4.6050702       11.724189       11.724189
              1       8.9875571       1.6369206        1.279422       4.6050702        4.6050702       8.7649739       8.7649739
              2       9.0025198       1.9122563       1.3828436       4.6050702        4.6050702       8.7948992       8.7948992
              1       9.7355966       1.0746718       1.0366638       4.6050702        4.6050702       10.261053       10.261053
              2       10.478127      0.80093613      0.89495035       4.6050702        4.6050702       11.746114       11.746114
              1       11.486622      0.52273836      0.72300647       4.6050702        4.6050702       13.763103       13.763103
              1       9.7792054        1.055641       1.0274439       4.6050702        4.6050702        10.34827        10.34827
              1       9.4248054        1.229792       1.1089599       4.6050702        4.6050702       9.6394705       9.6394705
              3       10.035257      0.95292289      0.97617769       4.6050702        4.6050702       10.860374       10.860374
              2       9.3703552        1.261936       1.1233592       4.6050702        4.6050702         9.53057         9.53057
              3       9.2948924       1.3102826       1.1446758       4.6050702        4.6050702       9.3796445       9.3796445
              3       8.9665771       1.8029617       1.3427441       4.6050702        4.6050702       8.7230139       8.7230139
              8       9.0869891       1.4845871       1.2184364       4.6050702        4.6050702       8.9638378       8.9638378
              2       9.5298537       2.3435633       1.5308701       4.6050702        4.6050702        9.849567        9.849567
              4       9.0411107       1.9751542       1.4054018       4.6050702        4.6050702        8.872081        8.872081
              4       9.0176048       1.5768481       1.2557261       4.6050702        4.6050702       8.8250692       8.8250692
              8       9.0246862       1.5653977       1.2511585       4.6050702        4.6050702        8.839232        8.839232
              2       9.0934552       1.4775299       1.2155369       4.6050702        4.6050702       8.9767701       8.9767701
              5       10.164883      0.90562767      0.95164472       4.6050702        4.6050702       11.119626       11.119626
              1       10.373167      0.83469264      0.91361515       4.6050702        4.6050702       11.536193       11.536193
              4       8.9883824       1.6348792       1.2786239       4.6050702        4.6050702       8.7666244       8.7666244
              1        9.228442       1.3576589       1.1651862       4.6050702        4.6050702       9.2467436       9.2467436
              2       9.4730481       1.2028649        1.096752       4.6050702        4.6050702       9.7359559       9.7359559
              1       10.163615      0.90607777      0.95188117       4.6050702        4.6050702       11.117089       11.117089
              2       9.8727836       2.4998577       1.5810938       4.6050702        4.6050702       10.535427       10.535427
              1       9.2818446       1.3191815       1.1485563       4.6050702        4.6050702       9.3535488       9.3535488
              1       10.182387      0.89944101      0.94838864       4.6050702        4.6050702       11.154633       11.154633
              1       9.1507629       1.4213866       1.1922192       4.6050702        4.6050702       9.0913854       9.0913854
              4       9.1247042       2.0706447       1.4389735       4.6050702        4.6050702       9.0392681       9.0392681
              9       9.3426931        2.237216       1.4957326       4.6050702        4.6050702       9.4752458       9.4752458
              2       10.265143       2.6455332       1.6265095       4.6050702        4.6050702       11.320145       11.320145
              3       10.104764       2.5890795       1.6090617       4.6050702        4.6050702       10.999388       10.999388
              1       9.5918455       2.3747573       1.5410248       4.6050702        4.6050702       9.9735506       9.9735506
              1       9.1843928       2.1238764       1.4573525       4.6050702        4.6050702       9.1586452       9.1586452
              1       8.9632653       1.7560115       1.3251458       4.6050702        4.6050702       8.7163902       8.7163902
              2       9.0958106       2.0413045       1.4287423       4.6050702        4.6050702       8.9814808       8.9814808
              1       10.221701      0.88570499      0.94111901       4.6050702        4.6050702       11.233262       11.233262
              1       9.2631364       1.3322653        1.154238       4.6050702        4.6050702       9.3161324       9.3161324
              1       9.3332993       2.2312487       1.4937365       4.6050702        4.6050702       9.4564583       9.4564583
              9       9.2587266       1.3354083       1.1555987       4.6050702        4.6050702       9.3073128       9.3073128
              1       9.6185045       1.1286105       1.0623608       4.6050702        4.6050702       10.026869       10.026869
              2       9.2709114       2.1895279       1.4797053       4.6050702        4.6050702       9.3316825       9.3316825
              3       9.2420835       2.1688205       1.4726916       4.6050702        4.6050702       9.2740266       9.2740266
              2       8.9661864       1.8002423       1.3417311       4.6050702        4.6050702       8.7222325       8.7222325
              2       9.2822694       2.1974185       1.4823692       4.6050702        4.6050702       9.3543984       9.3543984
              1        9.632513       2.3943908       1.5473819       4.6050702        4.6050702       10.054886       10.054886
              7       9.2204378       2.1525581       1.4671599       4.6050702        4.6050702       9.2307352       9.2307352
              1       9.0914452       1.4797046       1.2164311       4.6050702        4.6050702         8.97275         8.97275
              1       9.2010722       2.1374183       1.4619912       4.6050702        4.6050702       9.1920041       9.1920041
              2       9.3700125       2.2541625       1.5013869       4.6050702        4.6050702       9.5298845       9.5298845
              5        9.553444       2.3556258       1.5348048       4.6050702        4.6050702       9.8967477       9.8967477
              2       9.1183499       2.0644333       1.4368136       4.6050702        4.6050702       9.0265594       9.0265594
              1       11.270007       2.9393532       1.7144542       4.6050702        4.6050702       13.329873       13.329873
              1       12.353457       3.1901294       1.7860933       4.6050702        4.6050702       15.496773       15.496773
              2       12.871629       3.2956745       1.8153993       4.6050702        4.6050702       16.533119       16.533119
              2        9.254617        2.177949       1.4757876       4.6050702        4.6050702       9.2990936       9.2990936
              1       9.0695973       2.0117662       1.4183674       4.6050702        4.6050702       8.9290542       8.9290542
              5       10.180979       2.6163704       1.6175198       4.6050702        4.6050702       11.151817       11.151817
              1       9.3152658       1.2967306       1.1387408       4.6050702        4.6050702       9.4203912       9.4203912
              1       13.426866      0.11504568      0.33918385       4.6050702        4.6050702       17.643593       17.643593
              1       12.077046      0.38579525      0.62112418       4.6050702        4.6050702       14.943951       14.943951
              1       9.5888523       2.3732875       1.5405478       4.6050702        4.6050702       9.9675643       9.9675643
              3       9.9864668       2.5448467       1.5952576       4.6050702        4.6050702       10.762793       10.762793
              1       9.4718666       2.3127987       1.5207888       4.6050702        4.6050702       9.7335929       9.7335929
              1       9.1434936       2.0883284        1.445105       4.6050702        4.6050702       9.0768469       9.0768469
              2       9.8067643       2.4724318       1.5723968       4.6050702        4.6050702       10.403388       10.403388
              2       9.8073157       2.4726652       1.5724711       4.6050702        4.6050702       10.404491       10.404491
              2       9.0552017       1.5223315        1.233828       4.6050702        4.6050702        8.900263        8.900263
              2       8.9678658       1.8109478       1.3457146       4.6050702        4.6050702       8.7255912       8.7255912
              2       9.3263869       1.2894983       1.1355608       4.6050702        4.6050702       9.4426335       9.4426335
              1       9.6230683       2.3898855       1.5459254       4.6050702        4.6050702       10.035996       10.035996
              2       9.3216257       2.2237266       1.4912165       4.6050702        4.6050702       9.4331111       9.4331111
              2       10.651117       2.7685488       1.6638957       4.6050702        4.6050702       12.092094       12.092094
              1       10.593069      0.76528513      0.87480576       4.6050702        4.6050702       11.975998       11.975998
              1       9.4966894       1.1901352       1.0909332       4.6050702        4.6050702       9.7832385       9.7832385
              1       9.0228446       1.9479984       1.3957071       4.6050702        4.6050702       8.8355488       8.8355488
              1       9.3021957       2.2109295       1.4869195       4.6050702        4.6050702       9.3942511       9.3942511
              2       9.5783286       2.3680917       1.5388605       4.6050702        4.6050702       9.9465169       9.9465169
              1       8.9761783        1.669751       1.2921885       4.6050702        4.6050702       8.7422163       8.7422163
              2       10.715044       0.7288024      0.85369924       4.6050702        4.6050702       12.219948       12.219948
              1       8.9657336       1.7194557       1.3112802       4.6050702        4.6050702       8.7213268       8.7213268
              1       8.9872013       1.6378115       1.2797701       4.6050702        4.6050702       8.7642622       8.7642622
              3        10.55714       2.7400174       1.6552998       4.6050702        4.6050702        11.90414        11.90414
              2       9.1437141       1.4277772       1.1948963       4.6050702        4.6050702       9.0772878       9.0772878
              7       9.2070924       2.1421887       1.4636218       4.6050702        4.6050702       9.2040444       9.2040444
              2       10.189621       2.6194105       1.6184593       4.6050702        4.6050702       11.169102       11.169102
              4       10.712875       2.7868677       1.6693914       4.6050702        4.6050702        12.21561        12.21561
              5       10.531403        2.732058       1.6528938       4.6050702        4.6050702       11.852666       11.852666
              1       9.5456984       2.3516923       1.5335228       4.6050702        4.6050702       9.8812565       9.8812565
              4        8.972391       1.8324791       1.3536909       4.6050702        4.6050702       8.7346416       8.7346416
              1       9.0975043       2.0431077       1.4293732       4.6050702        4.6050702       8.9848682       8.9848682
              2       10.179373       2.6158042       1.6173448       4.6050702        4.6050702       11.148605       11.148605
              3       8.9872221       1.6377593       1.2797497       4.6050702        4.6050702       8.7643038       8.7643038
              4       8.9887727       1.6339252       1.2782508       4.6050702        4.6050702       8.7674051       8.7674051
              2       9.0469609       1.5331477       1.2382034       4.6050702        4.6050702       8.8837814       8.8837814
              1       8.9679998       1.7045975       1.3056023       4.6050702        4.6050702       8.7258593       8.7258593
              1       9.0643511       2.0054312       1.4161325       4.6050702        4.6050702       8.9185619       8.9185619
              1       9.0105026       1.9271981       1.3882356       4.6050702        4.6050702       8.8108649       8.8108649
              3        9.278049       2.1945031       1.4813855       4.6050702        4.6050702       9.3459576       9.3459576
              8       9.1684459       2.1104429       1.4527363       4.6050702        4.6050702       9.1267515       9.1267515
              4       9.4158707       2.2813764       1.5104226       4.6050702        4.6050702       9.6216011       9.6216011
              1       8.9713272       1.8280166       1.3520417       4.6050702        4.6050702        8.732514        8.732514
              2       8.9842755       1.8709038       1.3678099       4.6050702        4.6050702       8.7584106       8.7584106
              2       9.0808728       2.0248731       1.4229804       4.6050702        4.6050702       8.9516052       8.9516052
              1       8.9640997       1.7355858       1.3174163       4.6050702        4.6050702       8.7180591       8.7180591
              4       9.9616238       2.5352378        1.592243       4.6050702        4.6050702       10.713107       10.713107
              4       9.0681354       2.0100169       1.4177506       4.6050702        4.6050702       8.9261304       8.9261304
              6       11.111906       2.8981559       1.7023971       4.6050702        4.6050702       13.013671       13.013671
              2       9.1305634       1.4400429       1.2000179       4.6050702        4.6050702       9.0509865       9.0509865
              1       10.392602       2.6879577       1.6394992       4.6050702        4.6050702       11.575063       11.575063
              2       9.8897284       2.5067349       1.5832672       4.6050702        4.6050702       10.569316       10.569316
              1       9.2009668       2.1373342       1.4619624       4.6050702        4.6050702       9.1917932       9.1917932
              5       9.0519365       1.9897508       1.4105853       4.6050702        4.6050702       8.8937327       8.8937327
              1       9.8086645       2.4732359       1.5726525       4.6050702        4.6050702       10.407189       10.407189
              1       9.4794233       2.3169038       1.5221379       4.6050702        4.6050702       9.7487062       9.7487062
              4       9.0007635       1.6075373       1.2678869       4.6050702        4.6050702       8.7913866       8.7913866
              3       9.1715455       2.1130938       1.4536484       4.6050702        4.6050702       9.1329507       9.1329507
              2       9.2603044       2.1820264       1.4771684       4.6050702        4.6050702       9.3104685       9.3104685
              2       9.5779685       2.3679131       1.5388025       4.6050702        4.6050702       9.9457967       9.9457967
              2        9.863369        2.496009       1.5798763       4.6050702        4.6050702       10.516598       10.516598
              6       8.9720846        1.831222       1.3532265       4.6050702        4.6050702       8.7340289       8.7340289
              4       8.9659502       1.7177978       1.3106479       4.6050702        4.6050702       8.7217601       8.7217601
              2       9.4856609       1.1960377       1.0936351       4.6050702        4.6050702       9.7611814       9.7611814
              3       9.0885586       1.4828576       1.2177264       4.6050702        4.6050702       8.9669768       8.9669768
              5       9.0561854       1.9952342       1.4125276       4.6050702        4.6050702       8.9022304       8.9022304
              2       9.5779705       2.3679141       1.5388028       4.6050702        4.6050702       9.9458007       9.9458007
              2       9.1795309       2.1198336       1.4559648       4.6050702        4.6050702       9.1489213       9.1489213
              3       9.4335234       1.2248253       1.1067183       4.6050702        4.6050702       9.6569064       9.6569064
              1        9.778566       1.0559163       1.0275779       4.6050702        4.6050702       10.346992       10.346992
              2       10.683237       2.7781174       1.6667685       4.6050702        4.6050702       12.156334       12.156334
              2       9.0006234       1.9084886       1.3814806       4.6050702        4.6050702       8.7911065       8.7911065
              1       9.4165045       1.2345648       1.1111097       4.6050702        4.6050702       9.6228686       9.6228686
              1       9.3659259       1.2646429       1.1245634       4.6050702        4.6050702       9.5217114       9.5217114
              9       9.4165809       1.2345207       1.1110899       4.6050702        4.6050702       9.6230214       9.6230214
              1       9.5627005       1.1560145       1.0751811       4.6050702        4.6050702       9.9152606       9.9152606
              1       8.9644115       1.7317361       1.3159545       4.6050702        4.6050702       8.7186826       8.7186826
              5       9.9965677      0.96758728      0.98366014       4.6050702        4.6050702       10.782995       10.782995
              2         9.07233       2.0150042       1.4195084       4.6050702        4.6050702       8.9345196       8.9345196
              5       9.7836457       2.4625754       1.5692595       4.6050702        4.6050702       10.357151       10.357151
              3       9.6777148       2.4155256       1.5541961       4.6050702        4.6050702       10.145289       10.145289
              1       9.4660655       2.3096265       1.5197455       4.6050702        4.6050702       9.7219905       9.7219905
              3       9.7205036       2.4349244       1.5604244       4.6050702        4.6050702       10.230867       10.230867
              1       9.1259039       2.0718035       1.4393761       4.6050702        4.6050702       9.0416674       9.0416674
              1       11.241495      0.58427676      0.76437998       4.6050702        4.6050702        13.27285        13.27285
              1       11.460685      0.52910378       0.7273952       4.6050702        4.6050702       13.711231       13.711231
              1       9.1248523       1.4455195       1.2022976       4.6050702        4.6050702       9.0395643       9.0395643
              1       9.0179004       1.5763557         1.25553       4.6050702        4.6050702       8.8256604       8.8256604
              3       9.3581887       1.2694072       1.1266797       4.6050702        4.6050702        9.506237        9.506237
              1       9.8393074       2.4860801       1.5767308       4.6050702        4.6050702       10.468474       10.468474
              3       9.2703605       2.1891415       1.4795748       4.6050702        4.6050702       9.3305806       9.3305806
              3       9.1336506       1.4371214          1.1988       4.6050702        4.6050702       9.0571608       9.0571608
              1       9.0313431        1.555222       1.2470854       4.6050702        4.6050702       8.8525458       8.8525458
              2       9.1865252       1.3906719       1.1792675       4.6050702        4.6050702       9.1629101       9.1629101
              1       9.2470968       1.3438115       1.1592288       4.6050702        4.6050702       9.2840532       9.2840532
              4       8.9668261       1.7116958       1.3083179       4.6050702        4.6050702       8.7235118       8.7235118
              3       9.0139233       1.9332108       1.3903995       4.6050702        4.6050702       8.8177062       8.8177062
              1       9.0893759       1.4819612       1.2173583       4.6050702        4.6050702       8.9686114       8.9686114
              1       8.9734002       1.8364781       1.3551672       4.6050702        4.6050702       8.7366601       8.7366601
              2       9.5822705       2.3700431       1.5394944       4.6050702        4.6050702       9.9544007       9.9544007
              1       9.9901417       2.5462581       1.5956999       4.6050702        4.6050702       10.770143       10.770143
              2       11.517185       3.0010284       1.7323476       4.6050702        4.6050702        13.82423        13.82423
              5       9.1369549       1.4340235       1.1975072       4.6050702        4.6050702       9.0637695       9.0637695
              1       9.0384968       1.5448271       1.2429108       4.6050702        4.6050702       8.8668533       8.8668533
             14        9.002754       1.6035922       1.2663302       4.6050702        4.6050702       8.7953676       8.7953676
              1       9.0460104       1.5344288       1.2387206       4.6050702        4.6050702       8.8818805       8.8818805
              3       9.0391663       1.9724273       1.4044313       4.6050702        4.6050702       8.8681922       8.8681922
              4        9.303106       2.2115372       1.4871238       4.6050702        4.6050702       9.3960717       9.3960717
              1       9.6105484       1.1324442       1.0641636       4.6050702        4.6050702       10.010956       10.010956
              1       8.9999057       1.9070379       1.3809554       4.6050702        4.6050702       8.7896711       8.7896711
              3       9.5068332       1.1847599       1.0884668       4.6050702        4.6050702       9.8035261       9.8035261
              2       9.3840745       2.2626635       1.5042152       4.6050702        4.6050702       9.5580086       9.5580086
              1       9.1366483       2.0819978       1.4429129       4.6050702        4.6050702       9.0631563       9.0631563
              1       8.9779019       1.8522683       1.3609806       4.6050702        4.6050702       8.7456635       8.7456635
              1        9.324611       2.2256618       1.4918652       4.6050702        4.6050702       9.4390817       9.4390817
              2       9.4029364       2.2738462       1.5079278       4.6050702        4.6050702       9.5957325       9.5957325
              1       9.8142938       2.4756127        1.573408       4.6050702        4.6050702       10.418447       10.418447
              2       9.6987053       2.4251124       1.5572772       4.6050702        4.6050702        10.18727        10.18727
              2        9.252872       1.3396175       1.1574185       4.6050702        4.6050702       9.2956036       9.2956036
              1       9.4668795       2.3100727       1.5198923       4.6050702        4.6050702       9.7236186       9.7236186
              1       9.0043432       1.9157941       1.3841221       4.6050702        4.6050702        8.798546        8.798546
              2       10.169543      0.90397644      0.95077676       4.6050702        4.6050702       11.128945       11.128945
              2       9.1601976       1.4130179       1.1887043       4.6050702        4.6050702       9.1102549       9.1102549
              1       8.9762035       1.8466424       1.3589122       4.6050702        4.6050702       8.7422666       8.7422666
              2       8.9815401       1.6529964       1.2856891       4.6050702        4.6050702       8.7529398       8.7529398
              1       8.9632751       1.7549109       1.3247305       4.6050702        4.6050702       8.7164098       8.7164098
              4       9.0340186        1.551273       1.2455011       4.6050702        4.6050702       8.8578969       8.8578969
              1       9.2234179       1.3614708       1.1668208       4.6050702        4.6050702       9.2366954       9.2366954
             11       8.9739893        1.677587        1.295217       4.6050702        4.6050702       8.7378382       8.7378382
              1        9.048895       1.9857445       1.4091645       4.6050702        4.6050702       8.8876496       8.8876496
              1       9.1157352       1.4544669       1.2060128       4.6050702        4.6050702         9.02133         9.02133
              8       8.9689528       1.8168452        1.347904       4.6050702        4.6050702       8.7277653       8.7277653
              3       9.0006892        1.908621       1.3815285       4.6050702        4.6050702       8.7912381       8.7912381
              2       9.3321351       1.2858035       1.1339328       4.6050702        4.6050702       9.4541298       9.4541298
              3       9.1940669       1.3845169        1.176655       4.6050702        4.6050702       9.1779934       9.1779934
              3       9.4978552       2.3267926       1.5253828       4.6050702        4.6050702       9.7855701       9.7855701
              2       9.6347214       2.3954397       1.5477208       4.6050702        4.6050702       10.059302       10.059302
              2       9.6217209       1.1270673       1.0616343       4.6050702        4.6050702       10.033302       10.033302
              1       9.4333263       1.2249371       1.1067688       4.6050702        4.6050702       9.6565122       9.6565122
              1       9.2186488        2.151184       1.4666915       4.6050702        4.6050702       9.2271573       9.2271573
              1       9.9552366        2.532748        1.591461       4.6050702        4.6050702       10.700333       10.700333
              2       9.0153633       1.9356811       1.3912876       4.6050702        4.6050702       8.8205862       8.8205862
              1       10.221677       0.8857132      0.94112337       4.6050702        4.6050702       11.233215       11.233215
              2       9.6465626       1.1152731       1.0560649       4.6050702        4.6050702       10.082985       10.082985
              1       9.9650072      0.97975408      0.98982528       4.6050702        4.6050702       10.719874       10.719874
              1       9.0466754       1.5335318       1.2383585       4.6050702        4.6050702       8.8832104       8.8832104
              1       8.9850732        1.643284       1.2819064       4.6050702        4.6050702        8.760006        8.760006
              1       9.8935992       2.5082971       1.5837604       4.6050702        4.6050702       10.577058       10.577058
              6       10.914746       2.8445946       1.6865926       4.6050702        4.6050702       12.619353       12.619353
              2       11.887232       3.0880258        1.757278       4.6050702        4.6050702       14.564325       14.564325
              5       10.665567       2.7728645        1.665192       4.6050702        4.6050702       12.120993       12.120993
              4        12.28663       3.1759458       1.7821183       4.6050702        4.6050702       15.363119       15.363119
              1       10.730575        2.792058       1.6709452       4.6050702        4.6050702        12.25101        12.25101
              5        9.190274       2.1287078       1.4590092       4.6050702        4.6050702       9.1704076       9.1704076
              5       8.9646243        1.729403       1.3150677       4.6050702        4.6050702       8.7191083       8.7191083
              1       9.0200465         1.57282       1.2541212       4.6050702        4.6050702       8.8299526       8.8299526
              2       9.1245508       1.4458113       1.2024189       4.6050702        4.6050702       9.0389613       9.0389613
              1       9.2164078       1.3668517       1.1691243       4.6050702        4.6050702       9.2226751       9.2226751
              4       8.9763984        1.847306       1.3591563       4.6050702        4.6050702       8.7426564       8.7426564
              7       9.1991478       2.1358807       1.4614652       4.6050702        4.6050702       9.1881553       9.1881553
              2       8.9665826       1.8029987       1.3427579       4.6050702        4.6050702       8.7230248       8.7230248
              3       9.1528896       1.4194821       1.1914202       4.6050702        4.6050702       9.0956389       9.0956389
              4       9.1204788       2.0665282       1.4375424       4.6050702        4.6050702       9.0308171       9.0308171
              1       8.9692035       1.6981843        1.303144       4.6050702        4.6050702       8.7282667       8.7282667
              3       9.1520261       1.4202541       1.1917441       4.6050702        4.6050702       9.0939118       9.0939118
              1       9.2188627       2.1513485       1.4667476       4.6050702        4.6050702       9.2275851       9.2275851
              2       9.0683941       2.0103273       1.4178601       4.6050702        4.6050702       8.9266478       8.9266478
              2       9.1682599       2.1102832       1.4526814       4.6050702        4.6050702       9.1263794       9.1263794
              2       9.2293296       1.3569891       1.1648988       4.6050702        4.6050702       9.2485188       9.2485188
              1       9.1285172       2.0743132       1.4402476       4.6050702        4.6050702        9.046894        9.046894
              5       9.1880198       2.1268635        1.458377       4.6050702        4.6050702       9.1658992       9.1658992
              1       9.4411308       2.2957786       1.5151827       4.6050702        4.6050702       9.6721213       9.6721213
              2       13.036699       3.3278072       1.8242278       4.6050702        4.6050702       16.863257       16.863257
              3       12.526165       3.2261512        1.796149       4.6050702        4.6050702        15.84219        15.84219
              3       11.035562       2.8777199       1.6963844       4.6050702        4.6050702       12.860983       12.860983
              2       8.9650562        1.725171       1.3134577       4.6050702        4.6050702       8.7199721       8.7199721
              4       8.9632922       1.7535846       1.3242298       4.6050702        4.6050702        8.716444        8.716444
              4       9.4911513       2.3232159       1.5242099       4.6050702        4.6050702       9.7721622       9.7721622
              1       9.0261778       1.9532361       1.3975822       4.6050702        4.6050702       8.8422153       8.8422153
              2       9.9066441       2.5135379       1.5854141       4.6050702        4.6050702       10.603148       10.603148
              2       9.0127274       1.9311325       1.3896519       4.6050702        4.6050702       8.8153145       8.8153145
              1       8.9836633       1.8692496        1.367205       4.6050702        4.6050702       8.7571862       8.7571862
              1       9.5270618       1.1741883       1.0835997       4.6050702        4.6050702       9.8439832       9.8439832
              1       11.489159       2.9941901       1.7303728       4.6050702        4.6050702       13.768178       13.768178
              1        9.403198       1.2423079       1.1145887       4.6050702        4.6050702       9.5962556       9.5962556
              1       9.6311039       1.1225868        1.059522       4.6050702        4.6050702       10.052067       10.052067
              1       9.2005687       1.3792909       1.1744321       4.6050702        4.6050702       9.1909971       9.1909971
              2       9.1038617       1.4665306        1.211004       4.6050702        4.6050702       8.9975831       8.9975831
              2       9.0131825       1.5843811        1.258722       4.6050702        4.6050702       8.8162247       8.8162247
              3       9.0053943       1.9177978       1.3848458       4.6050702        4.6050702       8.8006482       8.8006482
              2       9.0036823       1.9145211       1.3836622       4.6050702        4.6050702       8.7972243       8.7972243
              4       8.9892905       1.8836364       1.3724564       4.6050702        4.6050702       8.7684407       8.7684407
              4       9.4278985       2.2882829       1.5127071       4.6050702        4.6050702       9.6456566       9.6456566
              1       9.2986659       2.2085656       1.4861244       4.6050702        4.6050702       9.3871913       9.3871913
              3       9.4424926       2.2965441       1.5154353       4.6050702        4.6050702       9.6748448       9.6748448
              3       9.2249191       2.1559795       1.4683254       4.6050702        4.6050702       9.2396978       9.2396978
              3       9.6254417       2.3910207       1.5462926       4.6050702        4.6050702       10.040743       10.040743
              1       8.9677979       1.7057501       1.3060437       4.6050702        4.6050702       8.7254554       8.7254554
              1       9.2666443       1.3297816       1.1531615       4.6050702        4.6050702       9.3231482       9.3231482
              5       9.7805019        1.055083       1.0271723       4.6050702        4.6050702       10.350864       10.350864
              7       9.7613055       1.0633894       1.0312077       4.6050702        4.6050702       10.312471       10.312471
              1       9.4491533       1.2160348       1.1027397       4.6050702        4.6050702       9.6881662       9.6881662
              1       10.194279      0.89526302       0.9461834       4.6050702        4.6050702       11.178417       11.178417
              3       8.9719909       1.8308331       1.3530828       4.6050702        4.6050702       8.7338415       8.7338415
              1        9.148479       2.0928636       1.4466733       4.6050702        4.6050702       9.0868176       9.0868176
              1       8.9734419       1.6796685       1.2960203       4.6050702        4.6050702       8.7367435       8.7367435
              3        9.125863       1.4445433       1.2018916       4.6050702        4.6050702       9.0415856       9.0415856
              4       10.648512      0.74853877      0.86518135       4.6050702        4.6050702       12.086883       12.086883
              6       9.4460605       2.2985445       1.5160952       4.6050702        4.6050702       9.6819806       9.6819806
              1       9.1748284         2.11588       1.4546065       4.6050702        4.6050702       9.1395165       9.1395165
              3       9.6024546       2.3799389       1.5427051       4.6050702        4.6050702       9.9947688       9.9947688
              3        9.758721       2.4517921         1.56582       4.6050702        4.6050702       10.307302       10.307302
              1       9.4151088       2.2809359       1.5102768       4.6050702        4.6050702       9.6200773       9.6200773
              2       9.4067668       2.2760876       1.5086708       4.6050702        4.6050702       9.6033933       9.6033933
              6        9.550056        1.162399       1.0781461       4.6050702        4.6050702       9.8899717       9.8899717
              6       9.3923324       1.2487179       1.1174605       4.6050702        4.6050702       9.5745244       9.5745244
              2       9.1060905       2.0520791        1.432508       4.6050702        4.6050702       9.0020407       9.0020407
              6       9.0297349       1.9586746       1.3995266       4.6050702        4.6050702       8.8493295       8.8493295
              3       10.098435      0.92953463      0.96412376       4.6050702        4.6050702        10.98673        10.98673
              2       9.5228999       1.1763476       1.0845956       4.6050702        4.6050702       9.8356595       9.8356595
             10       9.0085707       1.5926016       1.2619832       4.6050702        4.6050702       8.8070011       8.8070011
              1       9.1229173       2.0689105       1.4383708       4.6050702        4.6050702       9.0356943       9.0356943
              5       9.0805886       2.0245507       1.4228671       4.6050702        4.6050702       8.9510369       8.9510369
              3       9.0664437       2.0079773       1.4170312       4.6050702        4.6050702        8.922747        8.922747
              5       9.0129158       1.9314615       1.3897703       4.6050702        4.6050702       8.8156912       8.8156912
              1       9.3551059       2.2449889       1.4983287       4.6050702        4.6050702       9.5000714       9.5000714
              2       10.715518       2.7876442        1.669624       4.6050702        4.6050702       12.220895       12.220895
              2        9.009714       1.5905262       1.2611607       4.6050702        4.6050702       8.8092876       8.8092876
              1       9.3101304       2.2161987       1.4886903       4.6050702        4.6050702       9.4101204       9.4101204
              2       9.1448244       2.0895451       1.4455259       4.6050702        4.6050702       9.0795085       9.0795085
              1       9.1518569       2.0959019        1.447723       4.6050702        4.6050702       9.0935734       9.0935734
              1        9.494673       2.3250976       1.5248271       4.6050702        4.6050702       9.7792056       9.7792056
              2       9.5414126        1.166803       1.0801865       4.6050702        4.6050702       9.8726848       9.8726848
              1       9.7212198       2.4352444        1.560527       4.6050702        4.6050702       10.232299       10.232299
              3       10.131218      0.91765497      0.95794309       4.6050702        4.6050702       11.052295       11.052295
              7       9.3609697       2.2486181       1.4995393       4.6050702        4.6050702       9.5117991       9.5117991
              3       9.0082657       1.9231477        1.386776       4.6050702        4.6050702        8.806391        8.806391
              7       9.8353461       2.4844325       1.5762083       4.6050702        4.6050702       10.460552       10.460552
              2       9.6246426       1.1256688       1.0609754       4.6050702        4.6050702       10.039145       10.039145
              2       9.7703251       1.0594743       1.0293077       4.6050702        4.6050702        10.33051        10.33051
              2       9.1162751       1.4539297       1.2057901       4.6050702        4.6050702       9.0224099       9.0224099
              1        9.420746       1.2321206       1.1100093       4.6050702        4.6050702       9.6313517       9.6313517
              1       9.1336114       2.0791491       1.4419255       4.6050702        4.6050702       9.0570823       9.0570823
              1       9.0779741       1.4947415       1.2225962       4.6050702        4.6050702       8.9458078       8.9458078
              1        8.987008       1.8780092       1.3704048       4.6050702        4.6050702       8.7638757       8.7638757
              2       9.2202478        1.363895       1.1678592       4.6050702        4.6050702       9.2303553       9.2303553
              1       9.0087763       1.5922264       1.2618345       4.6050702        4.6050702       8.8074123       8.8074123
              2       8.9674299       1.7079189       1.3068737       4.6050702        4.6050702       8.7247194       8.7247194
              3       9.2484365       2.1734726       1.4742702       4.6050702        4.6050702       9.2867327       9.2867327
              1        10.70287       0.7323855      0.85579524       4.6050702        4.6050702       12.195599       12.195599
              1       9.9097674       1.0015202       1.0007598       4.6050702        4.6050702       10.609394       10.609394
              1       9.0000552       1.9073411       1.3810652       4.6050702        4.6050702         8.78997         8.78997
              4       8.9929083       1.8920721       1.3755261       4.6050702        4.6050702       8.7756763       8.7756763
              1       9.3984724       1.2450858       1.1158341       4.6050702        4.6050702       9.5868045       9.5868045
              2       10.571024       2.7442845       1.6565882       4.6050702        4.6050702       11.931907       11.931907
              2       10.935458       2.8503447       1.6882964       4.6050702        4.6050702       12.660776       12.660776
              1        8.974288       1.6764733        1.294787       4.6050702        4.6050702       8.7384357       8.7384357
              2       9.0451339       1.9806905       1.4073701       4.6050702        4.6050702       8.8801273       8.8801273
              1        8.963539       1.7711974       1.3308634       4.6050702        4.6050702       8.7169376       8.7169376
              3       8.9643718       1.7841131        1.335707       4.6050702        4.6050702       8.7186033       8.7186033
              2       9.0541009       1.5237474       1.2344016       4.6050702        4.6050702       8.8980615       8.8980615
              2       9.3701289       2.2542335       1.5014105       4.6050702        4.6050702       9.5301175       9.5301175
              3       9.5333134       1.1709596       1.0821089       4.6050702        4.6050702       9.8564864       9.8564864
              2       8.9794759        1.857197       1.3627901       4.6050702        4.6050702       8.7488115       8.7488115
              1       9.0002041       1.6086648       1.2683315       4.6050702        4.6050702       8.7902678       8.7902678
              1       9.2252558       1.3600721       1.1662213       4.6050702        4.6050702       9.2403712       9.2403712
              2       9.2091375       1.3725116       1.1715424       4.6050702        4.6050702       9.2081346       9.2081346
              3       9.9096965       2.5147589       1.5857991       4.6050702        4.6050702       10.609253       10.609253
              1       9.5928379       1.1410636       1.0682058       4.6050702        4.6050702       9.9755355       9.9755355
              2       9.4756322       1.2014593        1.096111       4.6050702        4.6050702       9.7411241       9.7411241
              6       9.3927189       1.2484885       1.1173578       4.6050702        4.6050702       9.5752974       9.5752974
              3       9.2840091       2.1986146       1.4827726       4.6050702        4.6050702       9.3578777       9.3578777
              3       9.0221868       1.5693598       1.2527409       4.6050702        4.6050702       8.8342332       8.8342332
              1        9.201655       2.1378827         1.46215       4.6050702        4.6050702       9.1931696       9.1931696
              1       8.9942014        1.894961       1.3765758       4.6050702        4.6050702       8.7782624       8.7782624
              1       9.1951244       2.1326455        1.460358       4.6050702        4.6050702       9.1801085       9.1801085
              1       8.9648864       1.7895407       1.3377372       4.6050702        4.6050702       8.7196325       8.7196325
              5       8.9991473       1.6108182       1.2691801       4.6050702        4.6050702       8.7881542       8.7881542
              1       9.1820732       1.3943542       1.1808278       4.6050702        4.6050702       9.1540061       9.1540061
              1       11.565957      0.50346766      0.70955455       4.6050702        4.6050702       13.921774       13.921774
              5        8.982459        1.650386       1.2846735       4.6050702        4.6050702       8.7547776       8.7547776
              4       9.0165965       1.5785379       1.2563988       4.6050702        4.6050702       8.8230526       8.8230526
              1       9.0242397       1.5660995        1.251439       4.6050702        4.6050702        8.838339        8.838339
              3       9.0133976       1.9323003        1.390072       4.6050702        4.6050702       8.8166548       8.8166548
              1       9.0048491       1.9167618       1.3844717       4.6050702        4.6050702       8.7995579       8.7995579
              1       8.9645242       1.7858318       1.3363502       4.6050702        4.6050702       8.7189081       8.7189081
              6       9.0328305       1.5530173       1.2462012       4.6050702        4.6050702       8.8555206       8.8555206
              6       9.0095772       1.9255342       1.3876362       4.6050702        4.6050702        8.809014        8.809014
              1       9.6579414       2.4063651       1.5512463       4.6050702        4.6050702       10.105742       10.105742
              1       9.6477888       2.4016109       1.5497132       4.6050702        4.6050702       10.085437       10.085437
              2       9.9934653       2.5475325       1.5960991       4.6050702        4.6050702        10.77679        10.77679
              2       10.544103       2.7359937       1.6540839       4.6050702        4.6050702       11.878066       11.878066
              1       9.1905503       2.1289333       1.4590865       4.6050702        4.6050702       9.1709603       9.1709603
              1       10.645317      0.74949635      0.86573457       4.6050702        4.6050702       12.080493       12.080493
              2       9.6347292       1.1208641       1.0587087       4.6050702        4.6050702       10.059318       10.059318
              2       10.475221       2.7144526       1.6475596       4.6050702        4.6050702       11.740301       11.740301
              2       10.458786       2.7092411       1.6459773       4.6050702        4.6050702       11.707432       11.707432
              1       10.569667       2.7438682       1.6564625       4.6050702        4.6050702       11.929193       11.929193
              2       10.447057       2.7055042       1.6448417       4.6050702        4.6050702       11.683974       11.683974
              2       9.0164551       1.9375313       1.3919523       4.6050702        4.6050702       8.8227697       8.8227697
              1       10.225413       2.6318881       1.6223095       4.6050702        4.6050702       11.240685       11.240685
              3       9.0976837       1.4730094        1.213676       4.6050702        4.6050702       8.9852271       8.9852271
              1       8.9977379         1.61374       1.2703307       4.6050702        4.6050702       8.7853355       8.7853355
              1       8.9702688       1.8232739       1.3502866       4.6050702        4.6050702       8.7303972       8.7303972
              2       9.0201468       1.5726563       1.2540559       4.6050702        4.6050702       8.8301533       8.8301533
              2       9.4726744       2.3132389       1.5209336       4.6050702        4.6050702       9.7352084       9.7352084
              1       8.9647173       1.7284411       1.3147019       4.6050702        4.6050702       8.7192942       8.7192942
              1       8.9642646       1.7828324       1.3352275       4.6050702        4.6050702       8.7183888       8.7183888
              3        9.169756       2.1115658       1.4531228       4.6050702        4.6050702       9.1293717       9.1293717
              5       9.6507326       1.1133144       1.0551372       4.6050702        4.6050702       10.091325       10.091325
              1       9.0308639       1.5559374       1.2473722       4.6050702        4.6050702       8.8515874       8.8515874
              6       9.1454052       1.4262328       1.1942499       4.6050702        4.6050702         9.08067         9.08067
              1       9.0153039       1.9355798       1.3912512       4.6050702        4.6050702       8.8204674       8.8204674
              1       9.3287057       2.2283031       1.4927502       4.6050702        4.6050702       9.4472711       9.4472711
              5       8.9964561       1.8998577       1.3783532       4.6050702        4.6050702       8.7827719       8.7827719
              2       8.9772689       1.6660958       1.2907733       4.6050702        4.6050702       8.7443975       8.7443975
              2       9.1836115       1.3930777       1.1802871       4.6050702        4.6050702       9.1570826       9.1570826
              1       9.0940446       1.4768955       1.2152759       4.6050702        4.6050702       8.9779489       8.9779489
              1       10.178326       2.6154353       1.6172307       4.6050702        4.6050702       11.146512       11.146512
              1       9.5941918        2.375907       1.5413978       4.6050702        4.6050702       9.9782433       9.9782433
              3       9.2132285       1.3693166        1.170178       4.6050702        4.6050702       9.2163166       9.2163166
              2       9.4426639       1.2196671       1.1043854       4.6050702        4.6050702       9.6751875       9.6751875
              1       9.3027515       1.3050068       1.1423689       4.6050702        4.6050702       9.3953627       9.3953627
              3       8.9668381       1.8046896       1.3433873       4.6050702        4.6050702       8.7235357       8.7235357
              1       8.9813515       1.6535401       1.2859005       4.6050702        4.6050702       8.7525626       8.7525626
              1       9.4174853       2.2823088       1.5107312       4.6050702        4.6050702       9.6248303       9.6248303
              1        10.41947       2.6966562       1.6421499       4.6050702        4.6050702         11.6288         11.6288
              1        10.13733      0.91545865      0.95679603       4.6050702        4.6050702       11.064519       11.064519
              1       10.192914      0.89574157      0.94643625       4.6050702        4.6050702       11.175687       11.175687
              1       9.0888133       1.4825779       1.2176115       4.6050702        4.6050702       8.9674862       8.9674862
              3       8.9972537       1.6147578       1.2707312       4.6050702        4.6050702        8.784367        8.784367
              1        9.004896       1.9168511       1.3845039       4.6050702        4.6050702       8.7996517       8.7996517
              2       9.1927551       2.1307272       1.4597011       4.6050702        4.6050702       9.1753698       9.1753698
              2       8.9910746       1.6284425       1.2761044       4.6050702        4.6050702       8.7720088       8.7720088
              3       9.0975872       1.4731118       1.2137182       4.6050702        4.6050702       8.9850339       8.9850339
              3       9.3286376       2.2282593       1.4927355       4.6050702        4.6050702       9.4471348       9.4471348
              4       9.0395446       1.9729605       1.4046211       4.6050702        4.6050702       8.8689488       8.8689488
              3       9.7492754       2.4476616       1.5645004       4.6050702        4.6050702        10.28841        10.28841
              1       10.905304      0.67434436      0.82118473       4.6050702        4.6050702       12.600468       12.600468
              1       9.5609563       2.3594163       1.5360392       4.6050702        4.6050702       9.9117723       9.9117723
              1       9.0140448       1.9334207        1.390475       4.6050702        4.6050702       8.8179493       8.8179493
              5       8.9676883       1.7063866       1.3062873       4.6050702        4.6050702       8.7252362       8.7252362
              1       9.6542362       2.4046341       1.5506883       4.6050702        4.6050702       10.098332       10.098332
              3       11.365233       2.9634874       1.7214783       4.6050702        4.6050702       13.520325       13.520325
              1       11.009706      0.64559377       0.8034885       4.6050702        4.6050702       12.809271       12.809271
              1       9.3578433        1.269621       1.1267746       4.6050702        4.6050702       9.5055462       9.5055462
              6       9.0292481        1.957939       1.3992637       4.6050702        4.6050702       8.8483558       8.8483558
              2       9.1378308       2.0831001       1.4432949       4.6050702        4.6050702       9.0655212       9.0655212
              1       8.9790804       1.6603257       1.2885363       4.6050702        4.6050702       8.7480204       8.7480204
              1       11.171763      0.60238136      0.77613231       4.6050702        4.6050702       13.133386       13.133386
              1       11.140373      0.61062447      0.78142464       4.6050702        4.6050702       13.070605       13.070605
              1       10.221685      0.88571047      0.94112192       4.6050702        4.6050702        11.23323        11.23323
              2       9.3848002       2.2630983       1.5043598       4.6050702        4.6050702         9.55946         9.55946
              1       9.8774519       2.5017587       1.5816949       4.6050702        4.6050702       10.544764       10.544764
              1       9.0981363       1.4725298       1.2134784       4.6050702        4.6050702       8.9861322       8.9861322
              2        8.965422       1.7943352        1.339528       4.6050702        4.6050702       8.7207037       8.7207037
              1       8.9843126       1.6453043       1.2826941       4.6050702        4.6050702       8.7584848       8.7584848
              1        9.029624       1.5578001       1.2481186       4.6050702        4.6050702       8.8491077       8.8491077
              2       9.5881739       1.1433536       1.0692771       4.6050702        4.6050702       9.9662074       9.9662074
              3       8.9901998       1.8858091       1.3732477       4.6050702        4.6050702       8.7702593       8.7702593
              5       9.0671078         2.00878       1.4173144       4.6050702        4.6050702       8.9240753       8.9240753
              2       10.800424       2.8122914       1.6769888       4.6050702        4.6050702       12.390709       12.390709
              2       10.653772       2.7693429       1.6641343       4.6050702        4.6050702       12.097403       12.097403
              2       9.4482398       2.2997628       1.5164969       4.6050702        4.6050702       9.6863392       9.6863392
              2       11.299761      0.56936071      0.75455994       4.6050702        4.6050702       13.389381       13.389381
              1       10.314117      0.85423764      0.92424977       4.6050702        4.6050702       11.418094       11.418094
              1       10.501713      0.79351308      0.89079351       4.6050702        4.6050702       11.793286       11.793286
              1       9.6398959       1.1184169       1.0575523       4.6050702        4.6050702       10.069651       10.069651
              1       11.339695       2.9570629       1.7196113       4.6050702        4.6050702        13.46925        13.46925
              1       10.966553      0.65738632      0.81079364       4.6050702        4.6050702       12.722966       12.722966
              1       8.9633974       1.7489611       1.3224829       4.6050702        4.6050702       8.7166544       8.7166544
              1       8.9840174       1.6460979       1.2830035       4.6050702        4.6050702       8.7578945       8.7578945
              1       9.0785356       1.4940977       1.2223329       4.6050702        4.6050702       8.9469308       8.9469308
              1        12.24699      0.34884246      0.59062887       4.6050702        4.6050702       15.283839       15.283839
              2        9.733933       2.4408991       1.5623377       4.6050702        4.6050702       10.257726       10.257726
              2       9.8966458       2.5095243       1.5841478       4.6050702        4.6050702       10.583151       10.583151
              1       10.378343      0.83299913      0.91268786       4.6050702        4.6050702       11.546545       11.546545
              3       8.9865829       1.8769317       1.3700116       4.6050702        4.6050702       8.7630254       8.7630254
              4       8.9641092        1.735459       1.3173682       4.6050702        4.6050702       8.7180781       8.7180781
              1       9.0105301       1.9272473       1.3882533       4.6050702        4.6050702       8.8109199       8.8109199
              3       9.9355266        2.525014       1.5890293       4.6050702        4.6050702       10.660913       10.660913
              1       9.0418572       1.5401153       1.2410138       4.6050702        4.6050702        8.873574        8.873574
              2       9.1982033       2.1351237       1.4612063       4.6050702        4.6050702       9.1862663       9.1862663
              4       9.0062218       1.9193577       1.3854089       4.6050702        4.6050702       8.8023032       8.8023032
              1        10.28127      0.86529477      0.93021222       4.6050702        4.6050702         11.3524         11.3524
              2       9.5239786       1.1757871       1.0843372       4.6050702        4.6050702       9.8378169       9.8378169
              1       9.0206399       1.5718542       1.2537361       4.6050702        4.6050702       8.8311394       8.8311394
              7       8.9784846       1.8541223       1.3616616       4.6050702        4.6050702       8.7468288       8.7468288
              1       9.7409715       1.0722977       1.0355181       4.6050702        4.6050702       10.271803       10.271803
              3       10.538029       0.7821942      0.88441743       4.6050702        4.6050702       11.865918       11.865918
              1       9.4716736        1.203614       1.0970934       4.6050702        4.6050702       9.7332069       9.7332069
              7        8.963345       1.7654203       1.3286912       4.6050702        4.6050702       8.7165496       8.7165496
              2       9.1757968       2.1166978       1.4548875       4.6050702        4.6050702       9.1414533       9.1414533
              5       10.082856        2.581067         1.60657       4.6050702        4.6050702       10.955571       10.955571
              1       9.2192291       2.1516302       1.4668436       4.6050702        4.6050702       9.2283178       9.2283178
              2       9.3270778       2.2272548        1.492399       4.6050702        4.6050702       9.4440152       9.4440152
              2       9.6158155       1.1299036       1.0629693       4.6050702        4.6050702       10.021491       10.021491
              1       9.1902563       1.3876141       1.1779703       4.6050702        4.6050702       9.1703723       9.1703723
              2       9.2614419       1.3334702       1.1547598       4.6050702        4.6050702       9.3127434       9.3127434
              1        8.987064       1.8781503       1.3704563       4.6050702        4.6050702       8.7639876       8.7639876
              1       9.9553133      0.98352949      0.99173055       4.6050702        4.6050702       10.700486       10.700486
              5       9.9460583      0.98715124      0.99355485       4.6050702        4.6050702       10.681976       10.681976
              1       9.2703174       1.3271962         1.15204       4.6050702        4.6050702       9.3304945       9.3304945
              9       8.9721958       1.6846269       1.2979318       4.6050702        4.6050702       8.7342512       8.7342512
              2       8.9833902       1.6478037       1.2836681       4.6050702        4.6050702       8.7566401       8.7566401
              2        12.83875      0.22711392       0.4765647       4.6050702        4.6050702       16.467359       16.467359
              4       13.142036      0.16833465      0.41028606       4.6050702        4.6050702       17.073931       17.073931
              1       9.4323328       1.2255009       1.1070234       4.6050702        4.6050702       9.6545252       9.6545252
              1        8.979007       1.8557547       1.3622609       4.6050702        4.6050702       8.7478736       8.7478736
              1       8.9895626       1.6320169       1.2775042       4.6050702        4.6050702       8.7689849       8.7689849
              2       9.1635617       1.4100827        1.187469       4.6050702        4.6050702        9.116983        9.116983
