#        weight    minuslogpost              A2               A   minuslogprior minuslogprior__0            chi2   chi2__loglike
              1       54.948124       1.1620273       1.0779737       4.6050702        4.6050702       100.68611       100.68611
              4       43.368189       1.0495621       1.0244814       4.6050702        4.6050702       77.526237       77.526237
              5       24.949414       0.8219521      0.90661574       4.6050702        4.6050702       40.688688       40.688688
              3       23.649367       0.8019116      0.89549517       4.6050702        4.6050702       38.088593       38.088593
              1       11.195062      0.53139064      0.72896546       4.6050702        4.6050702       13.179983       13.179983
              6       9.4189983       0.4562403      0.67545563       4.6050702        4.6050702       9.6278563       9.6278563
              3       8.6416699      0.40613953      0.63729078       4.6050702        4.6050702       8.0731994       8.0731994
              9       8.1343553      0.34510662      0.58745776       4.6050702        4.6050702       7.0585702       7.0585702
              4       8.1883751        0.267198      0.51691198       4.6050702        4.6050702       7.1666099       7.1666099
              3       11.713732      0.54889045      0.74087141       4.6050702        4.6050702       14.217323       14.217323
              1       9.1322844       0.4400541      0.66336574       4.6050702        4.6050702       9.0544284       9.0544284
              5       8.2059379      0.26423873      0.51404156       4.6050702        4.6050702       7.2017355       7.2017355
              1       9.2329814      0.44596105      0.66780315       4.6050702        4.6050702       9.2558225       9.2558225
              3       9.4976259      0.16263034      0.40327452       4.6050702        4.6050702       9.7851115       9.7851115
              6       8.2632396      0.25566377      0.50563205       4.6050702        4.6050702       7.3163388       7.3163388
              2       8.1094924      0.33880922      0.58207321       4.6050702        4.6050702       7.0088444       7.0088444
              1       8.0945475      0.33419815      0.57809874       4.6050702        4.6050702       6.9789547       6.9789547
              6       8.7615118      0.20755214      0.45557891       4.6050702        4.6050702       8.3128832       8.3128832
              1       9.2373993      0.44621427      0.66799272       4.6050702        4.6050702       9.2646583       9.2646583
              9       8.2289079      0.26062749      0.51051689       4.6050702        4.6050702       7.2476755       7.2476755
              5       8.0617289       0.3144696       0.5607759       4.6050702        4.6050702       6.9133174       6.9133174
              6       12.218829      0.56477287      0.75151372       4.6050702        4.6050702       15.227518       15.227518
              2       8.8149854      0.20365676      0.45128346       4.6050702        4.6050702       8.4198304       8.4198304
              9        9.365588      0.45336511      0.67332392       4.6050702        4.6050702       9.5210356       9.5210356
              4       10.750027      0.10782208      0.32836272       4.6050702        4.6050702       12.289914       12.289914
             10       8.4673739      0.39066744      0.62503395       4.6050702        4.6050702       7.7246075       7.7246075
              3       8.2752628      0.36897564      0.60743365       4.6050702        4.6050702       7.3403853       7.3403853
              3       8.6060182      0.40318742      0.63497041       4.6050702        4.6050702        8.001896        8.001896
              3       9.2052378      0.17864252      0.42266124       4.6050702        4.6050702       9.2003353       9.2003353
              2       10.294878      0.12585929      0.35476653       4.6050702        4.6050702       11.379615       11.379615
              3       8.0612273      0.31253709      0.55905017       4.6050702        4.6050702       6.9123143       6.9123143
              5       8.0698092      0.32305442      0.56837876       4.6050702        4.6050702       6.9294779       6.9294779
              1       8.4376656      0.23528473      0.48506158       4.6050702        4.6050702       7.6651909       7.6651909
             11       8.4147745      0.38536435      0.62077721       4.6050702        4.6050702       7.6194087       7.6194087
              7        8.069614      0.30007898      0.54779465       4.6050702        4.6050702       6.9290876       6.9290876
              2        8.176604      0.35370496        0.594731       4.6050702        4.6050702       7.1430677       7.1430677
              1       8.5610239      0.39932016      0.63191784       4.6050702        4.6050702       7.9119075       7.9119075
              6       8.6132765      0.40379609      0.63544952       4.6050702        4.6050702       8.0164127       8.0164127
              3       8.1355685      0.34538396      0.58769377       4.6050702        4.6050702       7.0609966       7.0609966
              1       8.9372759      0.42776454      0.65403711       4.6050702        4.6050702       8.6644115       8.6644115
              1       8.8565801      0.20072139      0.44801941       4.6050702        4.6050702       8.5030198       8.5030198
              4       9.4242763        0.166481      0.40802083       4.6050702        4.6050702       9.6384122       9.6384122
              1       8.0872142      0.33155137      0.57580498       4.6050702        4.6050702        6.964288        6.964288
             19       8.3080737      0.24977971      0.49977966       4.6050702        4.6050702        7.406007        7.406007
              5       8.0692576      0.32268009      0.56804938       4.6050702        4.6050702       6.9283749       6.9283749
              2       8.1669876      0.35190901      0.59321919       4.6050702        4.6050702       7.1238349       7.1238349
              2       8.0614269      0.31353892      0.55994546       4.6050702        4.6050702       6.9127135       6.9127135
              2       8.0639916      0.30488891      0.55216746       4.6050702        4.6050702       6.9178429       6.9178429
              2       8.3695531      0.24252239      0.49246563       4.6050702        4.6050702       7.5289658       7.5289658
              7       8.1975774      0.26562364      0.51538688       4.6050702        4.6050702       7.1850144       7.1850144
              5       8.3203443      0.24826466      0.49826164       4.6050702        4.6050702       7.4305483       7.4305483
              2       8.5470431      0.39808334      0.63093846       4.6050702        4.6050702       7.8839458       7.8839458
              1       8.1324897      0.27832672      0.52756679       4.6050702        4.6050702       7.0548391       7.0548391
              2       8.0640579      0.31819027      0.56408357       4.6050702        4.6050702       6.9179754       6.9179754
              2       8.1422615      0.34687499      0.58896094       4.6050702        4.6050702       7.0743826       7.0743826
              2       8.1615551       0.2721441      0.52167432       4.6050702        4.6050702       7.1129699       7.1129699
              1       11.336252     0.086712967      0.29447066       4.6050702        4.6050702       13.462364       13.462364
              3       11.625987     0.076980569      0.27745372       4.6050702        4.6050702       14.041835       14.041835
              4       8.8860877      0.19868531      0.44574131       4.6050702        4.6050702       8.5620351       8.5620351
              1       9.1759808      0.18035229      0.42467905       4.6050702        4.6050702       9.1418212       9.1418212
              2       8.3425373      0.24561293      0.49559351       4.6050702        4.6050702       7.4749343       7.4749343
              1       8.0659681      0.30288633       0.5503511       4.6050702        4.6050702       6.9217958       6.9217958
              1       9.1347471       0.4402018      0.66347705       4.6050702        4.6050702       9.0593539       9.0593539
              1       8.0692008      0.30036154      0.54805249       4.6050702        4.6050702       6.9282612       6.9282612
              1        8.112631      0.28332043      0.53227853       4.6050702        4.6050702       7.0151216       7.0151216
              6       8.2276307      0.36218079      0.60181458       4.6050702        4.6050702       7.2451211       7.2451211
              1       8.1677311       0.3520507       0.5933386       4.6050702        4.6050702       7.1253218       7.1253218
              2       8.3617955      0.24339548      0.49335128       4.6050702        4.6050702       7.5134507       7.5134507
              2       9.5010785      0.46055079      0.67863893       4.6050702        4.6050702       9.7920167       9.7920167
              1       8.0935274      0.33384873      0.57779644       4.6050702        4.6050702       6.9769143       6.9769143
              1       8.3207223      0.24821857      0.49821538       4.6050702        4.6050702       7.4313043       7.4313043
              1       8.4908547      0.39292334      0.62683598       4.6050702        4.6050702        7.771569        7.771569
              1       8.0677995      0.30137834      0.54897936       4.6050702        4.6050702       6.9254586       6.9254586
              5        8.121143      0.28107945      0.53016927       4.6050702        4.6050702       7.0321456       7.0321456
              2       8.1231661      0.34243164      0.58517659       4.6050702        4.6050702       7.0361918       7.0361918
              1       8.7205845      0.21063515      0.45895005       4.6050702        4.6050702       8.2310286       8.2310286
              4       8.2202972      0.26195039      0.51181089       4.6050702        4.6050702        7.230454        7.230454
              1       8.2208737      0.36114162       0.6009506       4.6050702        4.6050702       7.2316071       7.2316071
              3       8.1881129      0.35575865      0.59645507       4.6050702        4.6050702       7.1660855       7.1660855
              3       10.047746       0.4865727      0.69754763       4.6050702        4.6050702       10.885352       10.885352
              2       10.872091      0.51975204      0.72093831       4.6050702        4.6050702       12.534041       12.534041
              1       11.115452      0.52857977      0.72703492       4.6050702        4.6050702       13.020764       13.020764
              1        11.25505      0.53348519      0.73040071       4.6050702        4.6050702        13.29996        13.29996
              1       11.232255      0.53269161      0.72985725       4.6050702        4.6050702       13.254369       13.254369
              1       10.617745      0.51010695      0.71421772       4.6050702        4.6050702        12.02535        12.02535
              2       9.8796563      0.47900242      0.69210001       4.6050702        4.6050702       10.549172       10.549172
              1       10.606323      0.50966281      0.71390673       4.6050702        4.6050702       12.002506       12.002506
              1       9.0268145      0.43356106      0.65845354       4.6050702        4.6050702       8.8434886       8.8434886
              3       8.2832918      0.37004338      0.60831191       4.6050702        4.6050702       7.3564433       7.3564433
              9       8.0669154      0.32092623      0.56650351       4.6050702        4.6050702       6.9236905       6.9236905
              1         8.32594       0.2475857      0.49757984       4.6050702        4.6050702       7.4417396       7.4417396
              2       8.5722923      0.40030448       0.6326962       4.6050702        4.6050702       7.9344442       7.9344442
              2       8.0674297      0.30166422      0.54923967       4.6050702        4.6050702       6.9247189       6.9247189
              1       8.7008064      0.21215929      0.46060752       4.6050702        4.6050702       8.1914725       8.1914725
              2       8.1230332      0.34239848      0.58514826       4.6050702        4.6050702       7.0359261       7.0359261
              2       9.2076246      0.44449832      0.66670707       4.6050702        4.6050702       9.2051089       9.2051089
              1       10.251158      0.49531731      0.70378783       4.6050702        4.6050702       11.292175       11.292175
              1       8.7099472        0.211452       0.4598391       4.6050702        4.6050702       8.2097541       8.2097541
              2       8.5094629      0.22833466      0.47784376       4.6050702        4.6050702       7.8087854       7.8087854
              1       8.3955606      0.23967271      0.48956379       4.6050702        4.6050702       7.5809808       7.5809808
              2       8.4261606      0.23645824      0.48626972       4.6050702        4.6050702       7.6421809       7.6421809
              6       8.7022397      0.21204805      0.46048676       4.6050702        4.6050702       8.1943391       8.1943391
              2       8.3331596      0.24672019      0.49670936       4.6050702        4.6050702       7.4561787       7.4561787
              1       8.3153223      0.37412203      0.61165515       4.6050702        4.6050702       7.4205042       7.4205042
              1       9.2076702      0.44450096      0.66670905       4.6050702        4.6050702          9.2052          9.2052
              1       8.7191978      0.41226107      0.64207559       4.6050702        4.6050702       8.2282552       8.2282552
              3       9.7583761      0.14968181      0.38688734       4.6050702        4.6050702       10.306612       10.306612
              1       8.2161594      0.26259882      0.51244397       4.6050702        4.6050702       7.2221783       7.2221783
              4       8.1182484      0.34117981        0.584106       4.6050702        4.6050702       7.0263565       7.0263565
              1       8.8504914      0.42185614      0.64950453       4.6050702        4.6050702       8.4908424       8.4908424
              3       8.0617468      0.30848664      0.55541574       4.6050702        4.6050702       6.9133532       6.9133532
              6       8.0897358      0.33249916       0.5766274       4.6050702        4.6050702       6.9693313       6.9693313
              1       8.0780373      0.32763885      0.57239746       4.6050702        4.6050702       6.9459342       6.9459342
              2       8.3794596      0.24142325       0.4913484       4.6050702        4.6050702       7.5487789       7.5487789
              4       8.1808812      0.35447965      0.59538194       4.6050702        4.6050702       7.1516219       7.1516219
              1       9.0238396       0.4333729      0.65831064       4.6050702        4.6050702       8.8375389       8.8375389
              3       8.9851482       0.4308987      0.65642874       4.6050702        4.6050702       8.7601561       8.7601561
              1       8.4792424      0.39181561      0.62595177       4.6050702        4.6050702       7.7483444       7.7483444
              5       8.0645381      0.30427941      0.55161527       4.6050702        4.6050702       6.9189359       6.9189359
              2       8.0656453      0.30318032      0.55061813       4.6050702        4.6050702       6.9211503       6.9211503
              1       8.0635536      0.30542136       0.5526494       4.6050702        4.6050702       6.9169669       6.9169669
              2       9.4415341      0.16556587      0.40689786       4.6050702        4.6050702       9.6729278       9.6729278
              4        8.061574      0.30896707      0.55584807       4.6050702        4.6050702       6.9130076       6.9130076
              1       8.5453615      0.22506895      0.47441432       4.6050702        4.6050702       7.8805826       7.8805826
              4       8.0625501       0.3068663      0.55395514       4.6050702        4.6050702       6.9149599       6.9149599
              1       9.5822823      0.15830638      0.39787734       4.6050702        4.6050702       9.9544242       9.9544242
              1       8.5449156      0.39789358      0.63078806       4.6050702        4.6050702       7.8796909       7.8796909
              1       9.0140406      0.43275105      0.65783817       4.6050702        4.6050702       8.8179409       8.8179409
              1       8.0653221      0.30348564      0.55089531       4.6050702        4.6050702       6.9205038       6.9205038
              2       8.9949483      0.19147213      0.43757528       4.6050702        4.6050702       8.7797562       8.7797562
              1       9.2453141      0.17633558      0.41992331       4.6050702        4.6050702       9.2804878       9.2804878
              2       9.8742387      0.47875273       0.6919196       4.6050702        4.6050702       10.538337       10.538337
              1        9.860839      0.47813354      0.69147201       4.6050702        4.6050702       10.511538       10.511538
              1       8.0644959      0.30432471      0.55165633       4.6050702        4.6050702       6.9188514       6.9188514
              1        9.119616       0.1837107      0.42861486       4.6050702        4.6050702       9.0290917       9.0290917
              1       8.0691062      0.32257513      0.56795698       4.6050702        4.6050702       6.9280721       6.9280721
              1       8.1649182      0.35151199      0.59288447       4.6050702        4.6050702       7.1196961       7.1196961
              3       8.3761549      0.24178799      0.49171942       4.6050702        4.6050702       7.5421694       7.5421694
              1       8.3078531      0.37319505      0.61089692       4.6050702        4.6050702       7.4055659       7.4055659
              3       8.0786968      0.32795108      0.57267014       4.6050702        4.6050702       6.9472531       6.9472531
              1       8.0624516      0.31596907      0.56211126       4.6050702        4.6050702       6.9147629       6.9147629
              2        8.567814      0.22308773      0.47232164       4.6050702        4.6050702       7.9254876       7.9254876
              1       8.2002598      0.35782755      0.59818689       4.6050702        4.6050702       7.1903793       7.1903793
              1       11.663547      0.54725401      0.73976618       4.6050702        4.6050702       14.116954       14.116954
              1       8.0762603      0.32676581      0.57163433       4.6050702        4.6050702       6.9423803       6.9423803
              3       8.0906935      0.33284811       0.5769299       4.6050702        4.6050702       6.9712467       6.9712467
              2       8.3527381      0.24442925      0.49439787       4.6050702        4.6050702       7.4953358       7.4953358
              7       8.2274987       0.3621607      0.60179789       4.6050702        4.6050702       7.2448571       7.2448571
              2       8.3235009      0.37512157      0.61247169       4.6050702        4.6050702       7.4368614       7.4368614
              1       8.8711437      0.42329049      0.65060778       4.6050702        4.6050702        8.532147        8.532147
              3       9.5537556      0.46325267      0.68062667       4.6050702        4.6050702       9.8973708       9.8973708
              1       9.3465493      0.45232602      0.67255187       4.6050702        4.6050702       9.4829583       9.4829583
              2       8.0807692      0.32889584      0.57349441       4.6050702        4.6050702       6.9513981       6.9513981
              1       9.4227431      0.16656258      0.40812079       4.6050702        4.6050702       9.6353458       9.6353458
              1        8.062031      0.31517161      0.56140147       4.6050702        4.6050702       6.9139216       6.9139216
              3        8.211656      0.35968788      0.59973984       4.6050702        4.6050702       7.2131716       7.2131716
              1       8.0629557      0.31676801      0.56282148       4.6050702        4.6050702       6.9157711       6.9157711
              2       8.1100578      0.28403385      0.53294826       4.6050702        4.6050702       7.0099753       7.0099753
              1       8.0665805      0.30235435      0.54986757       4.6050702        4.6050702       6.9230206       6.9230206
              3       8.1233424      0.28052676      0.52964777       4.6050702        4.6050702       7.0365444       7.0365444
              1       9.0187678      0.43305144      0.65806644       4.6050702        4.6050702       8.8273952       8.8273952
              2       9.0129467      0.43268144      0.65778525       4.6050702        4.6050702       8.8157531       8.8157531
             10       8.1371045      0.34573189       0.5879897       4.6050702        4.6050702       7.0640686       7.0640686
              4       8.4598301      0.23307344       0.4827768       4.6050702        4.6050702       7.7095197       7.7095197
              4       8.0911935      0.28997432      0.53849264       4.6050702        4.6050702       6.9722466       6.9722466
              2       8.3422489      0.37735562      0.61429278       4.6050702        4.6050702       7.4743574       7.4743574
              4        8.950486      0.19436456      0.44086796       4.6050702        4.6050702       8.6908316       8.6908316
             11       8.0611958      0.31226749      0.55880899       4.6050702        4.6050702       6.9122513       6.9122513
              4       8.0871316      0.29148274      0.53989141       4.6050702        4.6050702       6.9641229       6.9641229
              2       8.4743137      0.23166153       0.4813123       4.6050702        4.6050702        7.738487        7.738487
              4       9.3622854      0.45318541      0.67319047       4.6050702        4.6050702       9.5144305       9.5144305
              3       8.1665114      0.27118433      0.52075362       4.6050702        4.6050702       7.1228825       7.1228825
              3       8.5880861      0.22133629      0.47046391       4.6050702        4.6050702       7.9660318       7.9660318
              1       8.5438117      0.22520738       0.4745602       4.6050702        4.6050702       7.8774831       7.8774831
              7       8.1331784      0.34483537      0.58722684       4.6050702        4.6050702       7.0562164       7.0562164
              1        8.169288      0.35234582      0.59358725       4.6050702        4.6050702       7.1284357       7.1284357
              2       9.5196015      0.16149592      0.40186555       4.6050702        4.6050702       9.8290627       9.8290627
              1       8.3700653       0.3805372      0.61687697       4.6050702        4.6050702       7.5299902       7.5299902
              1       8.3456961      0.24524413      0.49522129       4.6050702        4.6050702       7.4812519       7.4812519
              2       9.6703026      0.15393638      0.39234727       4.6050702        4.6050702       10.130465       10.130465
              1       10.455934      0.50371916      0.70973176       4.6050702        4.6050702       11.701727       11.701727
              1       8.6719195      0.40857395       0.6391979       4.6050702        4.6050702       8.1336986       8.1336986
              1       9.6170821      0.46643841      0.68296296       4.6050702        4.6050702       10.024024       10.024024
              4       8.0785614       0.3278875      0.57261461       4.6050702        4.6050702       6.9469825       6.9469825
              1       8.0718656      0.29864791      0.54648688       4.6050702        4.6050702       6.9335909       6.9335909
              1       8.0971396      0.33506267      0.57884598       4.6050702        4.6050702       6.9841388       6.9841388
              1       8.6804164      0.21375548      0.46233697       4.6050702        4.6050702       8.1506924       8.1506924
              2       8.1373788      0.27720869      0.52650611       4.6050702        4.6050702       7.0646171       7.0646171
              1        8.287074      0.37053966      0.60871969       4.6050702        4.6050702       7.3640076       7.3640076
              1       8.1006983      0.33620037      0.57982788       4.6050702        4.6050702       6.9912563       6.9912563
              1       8.0663592      0.32045939      0.56609132       4.6050702        4.6050702        6.922578        6.922578
              3       8.2341192      0.25984333       0.5097483       4.6050702        4.6050702        7.258098        7.258098
              2       8.8078931      0.20416528      0.45184652       4.6050702        4.6050702       8.4056458       8.4056458
              2       8.4441497      0.38837108      0.62319426       4.6050702        4.6050702        7.678159        7.678159
              6       8.0649921      0.31919261      0.56497134       4.6050702        4.6050702       6.9198439       6.9198439
              1       8.3722943      0.38078582      0.61707846       4.6050702        4.6050702       7.5344482       7.5344482
              1       8.1191536      0.34141416      0.58430656       4.6050702        4.6050702       7.0281668       7.0281668
              1       9.2022339      0.17881706      0.42286766       4.6050702        4.6050702       9.1943275       9.1943275
              1        8.618206      0.21879513      0.46775542       4.6050702        4.6050702       8.0262717       8.0262717
              4       8.6245714      0.40473537      0.63618816       4.6050702        4.6050702       8.0390025       8.0390025
              1       10.309416      0.49774621      0.70551131       4.6050702        4.6050702       11.408692       11.408692
              1        10.14099      0.49063421      0.70045286       4.6050702        4.6050702       11.071839       11.071839
              3        8.293395      0.37135989      0.60939305       4.6050702        4.6050702       7.3766496       7.3766496
              2       8.0622519      0.31560975      0.56179155       4.6050702        4.6050702       6.9143634       6.9143634
              1       8.1593105      0.27258656      0.52209822       4.6050702        4.6050702       7.1084806       7.1084806
              1        8.385437      0.24076831      0.49068148       4.6050702        4.6050702       7.5607337       7.5607337
              1       8.0654024      0.31959365      0.56532615       4.6050702        4.6050702       6.9206645       6.9206645
              6        10.57216      0.50832838      0.71297151       4.6050702        4.6050702        11.93418        11.93418
              1       10.388735      0.50100308      0.70781571       4.6050702        4.6050702       11.567329       11.567329
              1       9.0772367      0.18629511      0.43161918       4.6050702        4.6050702       8.9443331       8.9443331
              3       8.6157211      0.21900214      0.46797664       4.6050702        4.6050702       8.0213019       8.0213019
              1       9.4086467       0.1673148      0.40904132       4.6050702        4.6050702       9.6071531       9.6071531
              6       8.0956984      0.28841632      0.53704406       4.6050702        4.6050702       6.9812565       6.9812565
              1       8.7271755      0.41287001      0.64254962       4.6050702        4.6050702       8.2442107       8.2442107
              2        8.576214      0.40064451      0.63296485       4.6050702        4.6050702       7.9422876       7.9422876
              9       8.0818883      0.32938525      0.57392094       4.6050702        4.6050702       6.9536362       6.9536362
              1       8.0706815      0.29937942      0.54715575       4.6050702        4.6050702       6.9312227       6.9312227
              1       8.9974151      0.19131369      0.43739421       4.6050702        4.6050702       8.7846898       8.7846898
              1       9.0037039      0.19091072      0.43693331       4.6050702        4.6050702       8.7972675       8.7972675
              5       8.0670896      0.30193464      0.54948579       4.6050702        4.6050702       6.9240388       6.9240388
              2         8.06163      0.31420042      0.56053583       4.6050702        4.6050702       6.9131197       6.9131197
              2       8.0615133      0.31384319      0.56021709       4.6050702        4.6050702       6.9128862       6.9128862
              1       9.2069248      0.44445772      0.66667662       4.6050702        4.6050702       9.2037092       9.2037092
              1       9.5383826      0.46246916      0.68005085       4.6050702        4.6050702       9.8666248       9.8666248
              3       9.4750053      0.45919518      0.67763942       4.6050702        4.6050702       9.7398703       9.7398703
              3         8.06193      0.30804947      0.55502204       4.6050702        4.6050702       6.9137196       6.9137196
              5       8.6471075       0.2164206      0.46521027       4.6050702        4.6050702       8.0840746       8.0840746
              2       8.6144818      0.21910555      0.46808711       4.6050702        4.6050702       8.0188233       8.0188233
              3       8.3536315      0.24432658      0.49429402       4.6050702        4.6050702       7.4971226       7.4971226
              2       8.4680826      0.23226586      0.48193969       4.6050702        4.6050702       7.7260249       7.7260249
              1       8.8907151      0.19836934      0.44538673       4.6050702        4.6050702       8.5712899       8.5712899
              1       8.1579863      0.35015238      0.59173675       4.6050702        4.6050702       7.1058322       7.1058322
              4       9.5085767      0.46093836      0.67892442       4.6050702        4.6050702        9.807013        9.807013
              2        8.969745      0.19310301      0.43943488       4.6050702        4.6050702       8.7293497       8.7293497
              1       9.8125173      0.47588127      0.68984148       4.6050702        4.6050702       10.414894       10.414894
              3       8.0622971      0.30730856      0.55435418       4.6050702        4.6050702       6.9144538       6.9144538
              6       8.1004502      0.28687957       0.5356114       4.6050702        4.6050702       6.9907601       6.9907601
              1       8.1182529      0.34118098        0.584107       4.6050702        4.6050702       7.0263655       7.0263655
              3        8.398471      0.23936081      0.48924514       4.6050702        4.6050702       7.5868017       7.5868017
              4       8.1691809      0.27067674      0.52026603       4.6050702        4.6050702       7.1282215       7.1282215
              1       8.2508849      0.25739755      0.50734363       4.6050702        4.6050702       7.2916293       7.2916293
              2       8.0891196      0.33227153      0.57642998       4.6050702        4.6050702       6.9680988       6.9680988
              2       9.1384658      0.18257783      0.42729127       4.6050702        4.6050702       9.0667912       9.0667912
              4       9.4991403      0.16255189      0.40317724       4.6050702        4.6050702       9.7881402       9.7881402
              1       8.1119061      0.33948277       0.5826515       4.6050702        4.6050702       7.0136719       7.0136719
             13       8.1832278      0.26810353      0.51778715       4.6050702        4.6050702       7.1563152       7.1563152
              4        8.169435      0.27062877      0.52021992       4.6050702        4.6050702       7.1287296       7.1287296
              3       9.1586824      0.44162856       0.6645514       4.6050702        4.6050702       9.1072244       9.1072244
              1       8.1956643      0.35705588      0.59754153       4.6050702        4.6050702       7.1811883       7.1811883
              1       8.7799175      0.20619508      0.45408709       4.6050702        4.6050702       8.3496946       8.3496946
              2       8.7307438      0.20986114      0.45810603       4.6050702        4.6050702       8.2513471       8.2513471
              1       10.216268      0.12915511      0.35938156       4.6050702        4.6050702       11.222396       11.222396
              4       10.343265      0.49914297      0.70650051       4.6050702        4.6050702       11.476389       11.476389
              2         8.91129      0.19697497      0.44381862       4.6050702        4.6050702       8.6124397       8.6124397
              1       8.7851834      0.20581003       0.4536629       4.6050702        4.6050702       8.3602264       8.3602264
              2       8.2286142      0.26067205      0.51056053       4.6050702        4.6050702        7.247088        7.247088
              2       8.1148811      0.28271107      0.53170581       4.6050702        4.6050702       7.0196219       7.0196219
              1       8.2623268      0.25579001      0.50575687       4.6050702        4.6050702       7.3145133       7.3145133
              1       8.4805018      0.23106584      0.48069309       4.6050702        4.6050702       7.7508631       7.7508631
              1       8.3265514      0.24751194      0.49750572       4.6050702        4.6050702       7.4429624       7.4429624
              1       8.1796877       0.3542649      0.59520157       4.6050702        4.6050702       7.1492351       7.1492351
              2       8.1830253       0.3548628      0.59570361       4.6050702        4.6050702       7.1559102       7.1559102
              1       10.535061      0.11613339      0.34078349       4.6050702        4.6050702       11.859981       11.859981
              1       8.0920205      0.28967994      0.53821924       4.6050702        4.6050702       6.9739007       6.9739007
              2       8.0622961      0.31569204      0.56186479       4.6050702        4.6050702       6.9144519       6.9144519
              8       8.1650617      0.35153964      0.59290779       4.6050702        4.6050702        7.119983        7.119983
              5       8.0723836      0.32466163      0.56979086       4.6050702        4.6050702       6.9346269       6.9346269
              4       8.1350839      0.34527346      0.58759974       4.6050702        4.6050702       7.0600274       7.0600274
              2       9.0862838      0.43726339      0.66125895       4.6050702        4.6050702       8.9624272       8.9624272
              1       8.1087827        0.338608      0.58190034       4.6050702        4.6050702       7.0074251       7.0074251
              2       8.0719016      0.32437597      0.56954014       4.6050702        4.6050702       6.9336628       6.9336628
              5       8.1942998      0.35682422      0.59734766       4.6050702        4.6050702       7.1784593       7.1784593
              4        8.353374      0.24435615      0.49432393       4.6050702        4.6050702       7.4966077       7.4966077
              2       8.2207168      0.36111723       0.6009303       4.6050702        4.6050702       7.2312933       7.2312933
              1       8.0970769      0.33504215      0.57882826       4.6050702        4.6050702       6.9840135       6.9840135
              5        8.165407      0.27139622      0.52095702       4.6050702        4.6050702       7.1206736       7.1206736
              3       8.2463842      0.25804311      0.50797944       4.6050702        4.6050702       7.2826281       7.2826281
              2       8.9116998      0.19694737      0.44378753       4.6050702        4.6050702       8.6132593       8.6132593
              2       8.1711399      0.27030823      0.51991175       4.6050702        4.6050702       7.1321395       7.1321395
              4       8.2333602       0.2599568      0.50985958       4.6050702        4.6050702         7.25658         7.25658
              1       8.3621405      0.24335642      0.49331169       4.6050702        4.6050702       7.5141405       7.5141405
              3        8.645276      0.21656931      0.46537008       4.6050702        4.6050702       8.0804116       8.0804116
              2       8.8991081      0.42520385      0.65207657       4.6050702        4.6050702       8.5880759       8.5880759
              1       8.6444367      0.21663754      0.46544338       4.6050702        4.6050702        8.078733        8.078733
              2       8.1372505      0.34576477      0.58801766       4.6050702        4.6050702       7.0643605       7.0643605
              1       8.0665827      0.32064987      0.56625954       4.6050702        4.6050702       6.9230251       6.9230251
              1       8.9635041      0.42949199      0.65535638       4.6050702        4.6050702       8.7168679       8.7168679
              2       10.774042      0.51608779      0.71839251       4.6050702        4.6050702       12.337944       12.337944
              1       12.420587      0.57084529      0.75554304       4.6050702        4.6050702       15.631034       15.631034
              2       9.7392135       0.4724044      0.68731681       4.6050702        4.6050702       10.268287       10.268287
              1       8.1530127      0.27385568      0.52331222       4.6050702        4.6050702       7.0958851       7.0958851
              1       8.0728448      0.29807312      0.54596073       4.6050702        4.6050702       6.9355492       6.9355492
              1       8.4704297      0.23203768       0.4817029       4.6050702        4.6050702       7.7307191       7.7307191
              1       13.633953     0.018278085      0.13519647       4.6050702        4.6050702       18.057766       18.057766
              1        9.746232      0.15026179      0.38763615       4.6050702        4.6050702       10.282324       10.282324
              4       8.5708265      0.22282527      0.47204371       4.6050702        4.6050702       7.9315127       7.9315127
              1       8.0630691      0.31693157      0.56296676       4.6050702        4.6050702       6.9159979       6.9159979
              1       8.0628042      0.31654118      0.56261992       4.6050702        4.6050702        6.915468        6.915468
              2        8.193085      0.35661699      0.59717417       4.6050702        4.6050702       7.1760297       7.1760297
              2       8.1379024      0.34591124      0.58814219       4.6050702        4.6050702       7.0656644       7.0656644
              3       8.3292377      0.24718891      0.49718096       4.6050702        4.6050702       7.4483351       7.4483351
              1       8.0978967      0.28769306      0.53637027       4.6050702        4.6050702        6.985653        6.985653
              2       8.7709379      0.20685496       0.4548131       4.6050702        4.6050702       8.3317354       8.3317354
              1       8.5829312      0.40122391      0.63342238       4.6050702        4.6050702        7.955722        7.955722
              1       10.756674      0.10757049      0.32797941       4.6050702        4.6050702       12.303207       12.303207
              2       8.8507629      0.42187511      0.64951914       4.6050702        4.6050702       8.4913854       8.4913854
              6       8.1142289      0.28288635      0.53187062       4.6050702        4.6050702       7.0183175       7.0183175
              3        8.083354      0.29299564      0.54129072       4.6050702        4.6050702       6.9565677       6.9565677
              1        8.446279      0.38858447      0.62336544       4.6050702        4.6050702       7.6824176       7.6824176
              5       8.1883741      0.26719818      0.51691216       4.6050702        4.6050702       7.1666078       7.1666078
              1         8.24111      0.25880971      0.50873344       4.6050702        4.6050702       7.2720796       7.2720796
              1       8.1552874      0.27339241       0.5228694       4.6050702        4.6050702       7.1004344       7.1004344
              5       9.5364928      0.46237257      0.67997983       4.6050702        4.6050702       9.8628452       9.8628452
              9       8.1039761      0.33720373      0.58069245       4.6050702        4.6050702       6.9978118       6.9978118
              4       8.4331929      0.38726354      0.62230502       4.6050702        4.6050702       7.6562454       7.6562454
              2       8.6723445      0.40860772      0.63922431       4.6050702        4.6050702       8.1345487       8.1345487
              1       8.7538624      0.41488095      0.64411253       4.6050702        4.6050702       8.2975844       8.2975844
              1       8.1585011      0.27274733      0.52225217       4.6050702        4.6050702       7.1068618       7.1068618
              1       8.2396513       0.2590237      0.50894371       4.6050702        4.6050702       7.2691622       7.2691622
              1       8.1133051      0.33986584      0.58298013       4.6050702        4.6050702       7.0164699       7.0164699
              4       9.5283759      0.16104536      0.40130458       4.6050702        4.6050702       9.8466114       9.8466114
              2        9.716033      0.15171314      0.38950371       4.6050702        4.6050702       10.221926       10.221926
              1       9.2056513      0.17861852      0.42263284       4.6050702        4.6050702       9.2011623       9.2011623
              2       8.1270888      0.34339498      0.58599913       4.6050702        4.6050702       7.0440372       7.0440372
              1       8.2889455       0.3707837      0.60892011       4.6050702        4.6050702       7.3677506       7.3677506
              4       10.215958       0.4938341      0.70273331       4.6050702        4.6050702       11.221776       11.221776
              3       8.4793771      0.39182856      0.62596211       4.6050702        4.6050702       7.7486139       7.7486139
              3       8.0645531      0.30426344       0.5516008       4.6050702        4.6050702       6.9189658       6.9189658
              6       8.0681756      0.30109567      0.54872185       4.6050702        4.6050702       6.9262108       6.9262108
              2       8.1551891      0.27341232      0.52288844       4.6050702        4.6050702       7.1002377       7.1002377
              1       8.0633568      0.31732588      0.56331686       4.6050702        4.6050702       6.9165732       6.9165732
              1       8.0671164      0.32108928      0.56664741       4.6050702        4.6050702       6.9240924       6.9240924
              2       8.4235724      0.23672478      0.48654371       4.6050702        4.6050702       7.6370044       7.6370044
              1       8.1602343      0.35059848      0.59211357       4.6050702        4.6050702       7.1103282       7.1103282
              8       8.0639052      0.30499047      0.55225942       4.6050702        4.6050702       6.9176701       6.9176701
              2       8.7787661      0.41672287      0.64554076       4.6050702        4.6050702       8.3473918       8.3473918
              2       8.2744059      0.36886052      0.60733888       4.6050702        4.6050702       7.3386715       7.3386715
              2        8.061338      0.31316869      0.55961477       4.6050702        4.6050702       6.9125356       6.9125356
              5       10.178556      0.49224476      0.70160157       4.6050702        4.6050702       11.146972       11.146972
              7       9.1790328      0.44282943      0.66545431       4.6050702        4.6050702       9.1479252       9.1479252
              2       8.5241627      0.22698215      0.47642644       4.6050702        4.6050702       7.8381851       7.8381851
              4        8.878933      0.19917561      0.44629095       4.6050702        4.6050702       8.5477256       8.5477256
              5       8.6122227      0.21929436      0.46828876       4.6050702        4.6050702        8.014305        8.014305
              1       8.1249147      0.28013761      0.52928028       4.6050702        4.6050702        7.039689        7.039689
              2       8.8033748       0.2044905      0.45220626       4.6050702        4.6050702       8.3966092       8.3966092
              1       8.8489761      0.42175016      0.64942295       4.6050702        4.6050702       8.4878119       8.4878119
              1       8.0883366      0.29102368       0.5394661       4.6050702        4.6050702       6.9665328       6.9665328
              4       8.3260066      0.24757765      0.49757175       4.6050702        4.6050702       7.4418729       7.4418729
              2       8.0977086      0.33524823      0.57900624       4.6050702        4.6050702       6.9852767       6.9852767
              2       8.4329283      0.38723659      0.62228337       4.6050702        4.6050702       7.6557163       7.6557163
              1       8.0611877       0.3108218      0.55751395       4.6050702        4.6050702        6.912235        6.912235
              3       8.7705552      0.41611916      0.64507299       4.6050702        4.6050702       8.3309701       8.3309701
              3       8.4640846      0.39034626      0.62477697       4.6050702        4.6050702       7.7180288       7.7180288
              2       8.2222345      0.36135264      0.60112614       4.6050702        4.6050702       7.2343286       7.2343286
              4       8.3527704      0.24442553      0.49439411       4.6050702        4.6050702       7.4954005       7.4954005
              2       8.1243974      0.34273722      0.58543763       4.6050702        4.6050702       7.0386544       7.0386544
              2       8.8323149       0.2024242      0.44991577       4.6050702        4.6050702       8.4544895       8.4544895
              1       9.5212256      0.16141242      0.40176165       4.6050702        4.6050702       9.8323109       9.8323109
              2       9.3346545      0.17132941      0.41391957       4.6050702        4.6050702       9.4591687       9.4591687
              1       8.2221258      0.26166652       0.5115335       4.6050702        4.6050702       7.2341112       7.2341112
              4       8.1763341      0.26934673      0.51898625       4.6050702        4.6050702       7.1425279       7.1425279
              1       8.2359275      0.25957399      0.50948404       4.6050702        4.6050702       7.2617147       7.2617147
              1       10.777659       0.1067782      0.32676934       4.6050702        4.6050702       12.345178       12.345178
              2       10.633643      0.11227882      0.33508032       4.6050702        4.6050702       12.057146       12.057146
              2       8.2695333      0.36820141      0.60679602       4.6050702        4.6050702       7.3289262       7.3289262
              1       8.4045408       0.3842877      0.61990943       4.6050702        4.6050702       7.5989413       7.5989413
              5       8.4344139      0.38738777      0.62240482       4.6050702        4.6050702       7.6586875       7.6586875
              2       9.0238194      0.43337162      0.65830967       4.6050702        4.6050702       8.8374984       8.8374984
              1       9.2467665      0.44674961      0.66839331       4.6050702        4.6050702       9.2833927       9.2833927
              1       8.2681765      0.36801651      0.60664364       4.6050702        4.6050702       7.3262126       7.3262126
              2       8.1400734      0.34639455      0.58855293       4.6050702        4.6050702       7.0700064       7.0700064
              3       8.2005942      0.26511914      0.51489721       4.6050702        4.6050702       7.1910481       7.1910481
              2       8.1084185      0.28449817      0.53338369       4.6050702        4.6050702       7.0066967       7.0066967
              2       8.4419383      0.38814884      0.62301592       4.6050702        4.6050702       7.6737362       7.6737362
              2       8.1360145      0.34548537      0.58778003       4.6050702        4.6050702       7.0618887       7.0618887
              1       8.6074807      0.21969195      0.46871308       4.6050702        4.6050702       8.0048209       8.0048209
              1       8.6727973      0.40864369      0.63925245       4.6050702        4.6050702       8.1354543       8.1354543
              1       8.6986364      0.41067439      0.64083882       4.6050702        4.6050702       8.1871325       8.1871325
              5       8.1716595      0.27021104      0.51981828       4.6050702        4.6050702       7.1331787       7.1331787
              3       8.6388851      0.21709007      0.46592926       4.6050702        4.6050702       8.0676297       8.0676297
              2       9.1017621      0.18479306      0.42987563       4.6050702        4.6050702       8.9933838       8.9933838
              4       10.053916      0.13615797       0.3689959       4.6050702        4.6050702       10.897692       10.897692
              4       8.7996816      0.41824526      0.64671884       4.6050702        4.6050702       8.3892229       8.3892229
              3       8.0611933      0.31224189      0.55878609       4.6050702        4.6050702       6.9122463       6.9122463
              1       8.9187991      0.42653205      0.65309421       4.6050702        4.6050702       8.6274578       8.6274578
              1       8.9669437      0.42971666      0.65552777       4.6050702        4.6050702       8.7237471       8.7237471
              1       8.0612929       0.3100574      0.55682798       4.6050702        4.6050702       6.9124454       6.9124454
              1       8.1574887      0.35005295      0.59165273       4.6050702        4.6050702       7.1048371       7.1048371
              4        8.371613      0.38070993      0.61701696       4.6050702        4.6050702       7.5330857       7.5330857
              1       8.0701383      0.32327212      0.56857024       4.6050702        4.6050702       6.9301362       6.9301362
              1       8.4793457      0.23117679      0.48080848       4.6050702        4.6050702        7.748551        7.748551
              1       8.0616577      0.31427839      0.56060538       4.6050702        4.6050702        6.913175        6.913175
              4       8.0660679      0.30279738      0.55027028       4.6050702        4.6050702       6.9219955       6.9219955
              9        8.165054      0.35153816      0.59290654       4.6050702        4.6050702       7.1199677       7.1199677
              1        8.101736      0.28647996      0.53523823       4.6050702        4.6050702       6.9933317       6.9933317
              1       9.8825079      0.14386863      0.37930018       4.6050702        4.6050702       10.554875       10.554875
              3       8.3150435      0.24891466      0.49891348       4.6050702        4.6050702       7.4199466       7.4199466
              5       8.1010682      0.33631563      0.57992727       4.6050702        4.6050702       6.9919961       6.9919961
              2       8.7109084      0.21137792      0.45975854       4.6050702        4.6050702       8.2116764       8.2116764
              2       8.5521068        0.224469       0.4737816       4.6050702        4.6050702       7.8940732       7.8940732
              7       8.0731114      0.32508153      0.57015922       4.6050702        4.6050702       6.9360824       6.9360824
              4       8.1178522      0.28192568      0.53096674       4.6050702        4.6050702       7.0255641       7.0255641
              1       8.1638966      0.35131453      0.59271792       4.6050702        4.6050702       7.1176528       7.1176528
              2       8.0631386      0.30597302      0.55314828       4.6050702        4.6050702       6.9161367       6.9161367
              1       8.7211069       0.2105952      0.45890653       4.6050702        4.6050702       8.2320734       8.2320734
              2       8.0685889      0.30079363      0.54844657       4.6050702        4.6050702       6.9270375       6.9270375
              2       9.3656596      0.16963333      0.41186567       4.6050702        4.6050702       9.5211789       9.5211789
              1       9.3873502      0.16845874      0.41043725       4.6050702        4.6050702       9.5645601       9.5645601
              2       8.0952352       0.3344307      0.57829983       4.6050702        4.6050702       6.9803301       6.9803301
              2        8.794376      0.41786114       0.6464218       4.6050702        4.6050702       8.3786117       8.3786117
              3       8.7714603      0.41618588       0.6451247       4.6050702        4.6050702       8.3327802       8.3327802
              1       8.0826512      0.29329097      0.54156345       4.6050702        4.6050702       6.9551621       6.9551621
              3       8.1410184      0.27639948      0.52573708       4.6050702        4.6050702       7.0718964       7.0718964
              3       8.7485669      0.41448504      0.64380513       4.6050702        4.6050702       8.2869934       8.2869934
              4       8.7088605      0.41146651      0.64145655       4.6050702        4.6050702       8.2075806       8.2075806
              1       8.3783953      0.38146182      0.61762596       4.6050702        4.6050702       7.5466503       7.5466503
              3       8.1052415      0.33758075        0.581017       4.6050702        4.6050702       7.0003426       7.0003426
              1       8.4193581      0.38584152      0.62116143       4.6050702        4.6050702       7.6285759       7.6285759
              2       8.1542748      0.34940438      0.59110438       4.6050702        4.6050702       7.0984092       7.0984092
              4        8.454085      0.23364058      0.48336382       4.6050702        4.6050702       7.6980296       7.6980296
              1       8.0641046      0.31824389      0.56413109       4.6050702        4.6050702       6.9180687       6.9180687
              3        8.279491      0.36954037      0.60789832       4.6050702        4.6050702       7.3488416       7.3488416
              2       8.0825884      0.29331762      0.54158805       4.6050702        4.6050702       6.9550364       6.9550364
              1       8.4180591      0.38570659      0.62105281       4.6050702        4.6050702       7.6259778       7.6259778
              2       8.2746718      0.36889626      0.60736831       4.6050702        4.6050702       7.3392032       7.3392032
             11       8.4811973      0.39200317      0.62610157       4.6050702        4.6050702       7.7522543       7.7522543
              1       8.6591675      0.40755522      0.63840052       4.6050702        4.6050702       8.1081947       8.1081947
              1       8.0612413      0.31036595      0.55710497       4.6050702        4.6050702       6.9123422       6.9123422
              2        8.108781      0.33860751      0.58189991       4.6050702        4.6050702       7.0074216       7.0074216
              1       10.210106      0.49358634        0.702557       4.6050702        4.6050702       11.210072       11.210072
              1       11.946585      0.06666194      0.25818974       4.6050702        4.6050702        14.68303        14.68303
              1       9.3666735      0.16957821      0.41179875       4.6050702        4.6050702       9.5232066       9.5232066
              2        9.245651      0.17631636      0.41990042       4.6050702        4.6050702       9.2811616       9.2811616
              1       10.098749      0.13419652      0.36632844       4.6050702        4.6050702       10.987357       10.987357
              3       9.4587101      0.16466074      0.40578411       4.6050702        4.6050702       9.7072797       9.7072797
              1       8.9593409      0.19378285      0.44020773       4.6050702        4.6050702       8.7085415       8.7085415
              1       8.9388637      0.42786984      0.65411761       4.6050702        4.6050702        8.667587        8.667587
              1       8.2509906      0.36561985      0.60466508       4.6050702        4.6050702       7.2918408       7.2918408
              2       8.2586956      0.25629511      0.50625597       4.6050702        4.6050702       7.3072508       7.3072508
              1       8.0635684      0.30540266      0.55263249       4.6050702        4.6050702       6.9169964       6.9169964
              1       8.2058788      0.26424837      0.51405095       4.6050702        4.6050702       7.2016173       7.2016173
              1       8.1486501      0.27476053      0.52417605       4.6050702        4.6050702       7.0871599       7.0871599
              2        8.088207      0.33192978      0.57613347       4.6050702        4.6050702       6.9662736       6.9662736
              1        8.139683      0.34630814      0.58847951       4.6050702        4.6050702       7.0692257       7.0692257
              1       9.3346464      0.45167248      0.67206583       4.6050702        4.6050702       9.4591525       9.4591525
              1        8.080048      0.29442933      0.54261343       4.6050702        4.6050702       6.9499556       6.9499556
              1       8.1130933      0.28319418      0.53215992       4.6050702        4.6050702       7.0160461       7.0160461
              6       8.2982071      0.25102545       0.5010244       4.6050702        4.6050702       7.3862739       7.3862739
              3       9.3853629      0.45443638      0.67411896       4.6050702        4.6050702       9.5605854       9.5605854
              1       9.2515598      0.17597959      0.41949922       4.6050702        4.6050702       9.2929793       9.2929793
              1       8.1735663      0.35314601       0.5942609       4.6050702        4.6050702       7.1369923       7.1369923
              3       8.0641633      0.31831071      0.56419032       4.6050702        4.6050702       6.9181861       6.9181861
              1       8.2241508      0.26135403      0.51122797       4.6050702        4.6050702       7.2381612       7.2381612
              1       8.0620558      0.30777882      0.55477817       4.6050702        4.6050702       6.9139713       6.9139713
              5       8.0885679      0.29093671      0.53938549       4.6050702        4.6050702       6.9669955       6.9669955
              1       8.1926928      0.26645247      0.51619034       4.6050702        4.6050702       7.1752452       7.1752452
              1       8.1031491      0.33695431      0.58047766       4.6050702        4.6050702       6.9961579       6.9961579
              4       8.5851846      0.22158488      0.47072803       4.6050702        4.6050702       7.9602289       7.9602289
              1       9.2665589      0.17512848      0.41848355       4.6050702        4.6050702       9.3229775       9.3229775
              4       8.2316259      0.26021702      0.51011471       4.6050702        4.6050702       7.2531114       7.2531114
              2        8.121904      0.28088708      0.52998781       4.6050702        4.6050702       7.0336676       7.0336676
              4       8.1214768      0.28099491      0.53008953       4.6050702        4.6050702       7.0328133       7.0328133
              1       8.1976023      0.35738288      0.59781509       4.6050702        4.6050702       7.1850642       7.1850642
              1       10.493313      0.50521349      0.71078372       4.6050702        4.6050702       11.776486       11.776486
              1       10.872767       0.5197771      0.72095568       4.6050702        4.6050702       12.535394       12.535394
              1       9.0082062      0.43237928      0.65755554       4.6050702        4.6050702       8.8062721       8.8062721
              1       10.566421      0.50810333      0.71281367       4.6050702        4.6050702       11.922702       11.922702
              3       11.335994       0.5362805      0.73231175       4.6050702        4.6050702       13.461847       13.461847
              2       8.6555288      0.40726255      0.63817125       4.6050702        4.6050702       8.1009173       8.1009173
              3       8.5566001      0.39893069      0.63160961       4.6050702        4.6050702       7.9030598       7.9030598
              1       8.3893753       0.2403401      0.49024494       4.6050702        4.6050702       7.5686102       7.5686102
              2       9.0806439      0.18608536      0.43137613       4.6050702        4.6050702       8.9511475       8.9511475
              5       8.2406502      0.36412526      0.60342793       4.6050702        4.6050702       7.2711601       7.2711601
              1       8.3740931      0.24201651      0.49195174       4.6050702        4.6050702       7.5380459       7.5380459
              2       8.0746429      0.32592527      0.57089865       4.6050702        4.6050702       6.9391454       6.9391454
              5       8.2172873      0.36058111      0.60048406       4.6050702        4.6050702       7.2244342       7.2244342
              2         9.08917      0.43744031      0.66139271       4.6050702        4.6050702       8.9681997       8.9681997
              2       8.2423209      0.36436961      0.60363036       4.6050702        4.6050702       7.2745014       7.2745014
              4        8.260802      0.25600154      0.50596595       4.6050702        4.6050702       7.3114637       7.3114637
              1       8.0638241      0.31791495      0.56383947       4.6050702        4.6050702       6.9175077       6.9175077
