  0.100000000000000E+001  0.233676802008291E+002  0.927518578040443E+000  0.489850530169886E+000  0.100050033358353E-002 -0.116838401004145E+002
  0.100000000000000E+001  0.213967952979826E+002  0.393608523937889E-001  0.130952641039695E+001  0.100050033358353E-002 -0.106983976489913E+002
  0.100000000000000E+001  0.213333517764907E+002  0.605912269106025E-001  0.130813409362175E+001  0.100050033358353E-002 -0.106666758882453E+002
  0.100000000000000E+001  0.212761501331889E+002  0.831107252522876E-001  0.130600794271358E+001  0.100050033358353E-002 -0.106380750665944E+002
  0.100000000000000E+001  0.212696293511685E+002  0.835481557741838E-001  0.130596000563224E+001  0.100050033358353E-002 -0.106348146755842E+002
  0.100000000000000E+001  0.212686826371759E+002  0.845532491594226E-001  0.130584889944434E+001  0.100050033358353E-002 -0.106343413185879E+002
  0.100000000000000E+001  0.210758871132137E+002  0.131575482572138E+000  0.129914835061916E+001  0.100050033358353E-002 -0.105379435566068E+002
  0.100000000000000E+001  0.209214747009556E+002  0.159836092786192E+000  0.129369310562772E+001  0.100050033358353E-002 -0.104607373504778E+002
  0.100000000000000E+001  0.207711742506168E+002  0.183560538831071E+000  0.128827380396082E+001  0.100050033358353E-002 -0.103855871253084E+002
  0.100000000000000E+001  0.206344349982708E+002  0.202720931445458E+000  0.128333062878316E+001  0.100050033358353E-002 -0.103172174991354E+002
  0.100000000000000E+001  0.204184723228863E+002  0.229623109026650E+000  0.127552382587640E+001  0.100050033358353E-002 -0.102092361614432E+002
  0.100000000000000E+001  0.203864995384162E+002  0.233298951181772E+000  0.127437767124215E+001  0.100050033358353E-002 -0.101932497692081E+002
  0.100000000000000E+001  0.203613005574716E+002  0.236050664450477E+000  0.127350706504374E+001  0.100050033358353E-002 -0.101806502787358E+002
  0.100000000000000E+001  0.203123905660002E+002  0.241628391527800E+000  0.127170914378723E+001  0.100050033358353E-002 -0.101561952830001E+002
  0.100000000000000E+001  0.202822173349317E+002  0.245084343307513E+000  0.127057277692085E+001  0.100050033358353E-002 -0.101411086674658E+002
  0.100000000000000E+001  0.202284940933581E+002  0.250930136276813E+000  0.126861147046711E+001  0.100050033358353E-002 -0.101142470466790E+002
  0.100000000000000E+001  0.200636335176940E+002  0.267966737498207E+000  0.126261307318113E+001  0.100050033358353E-002 -0.100318167588470E+002
  0.100000000000000E+001  0.200272030013062E+002  0.271652988306357E+000  0.126125942072837E+001  0.100050033358353E-002 -0.100136015006531E+002
  0.100000000000000E+001  0.199232034502895E+002  0.281815639592747E+000  0.125742386444482E+001  0.100050033358353E-002 -0.996160172514476E+001
  0.100000000000000E+001  0.198696463171849E+002  0.287017653188730E+000  0.125540132919440E+001  0.100050033358353E-002 -0.993482315859247E+001
  0.100000000000000E+001  0.197475604501272E+002  0.298267228480318E+000  0.125088927929959E+001  0.100050033358353E-002 -0.987378022506358E+001
  0.100000000000000E+001  0.196568468260682E+002  0.306453972894487E+000  0.124748589760648E+001  0.100050033358353E-002 -0.982842341303411E+001
  0.100000000000000E+001  0.196272636202563E+002  0.309116635698468E+000  0.124635707205655E+001  0.100050033358353E-002 -0.981363181012816E+001
  0.100000000000000E+001  0.195697965090854E+002  0.314070006166367E+000  0.124422834788231E+001  0.100050033358353E-002 -0.978489825454268E+001
  0.100000000000000E+001  0.195616073696375E+002  0.314851952945143E+000  0.124388887506595E+001  0.100050033358353E-002 -0.978080368481874E+001
  0.100000000000000E+001  0.194677647577232E+002  0.322888761369792E+000  0.124034533694761E+001  0.100050033358353E-002 -0.973388237886158E+001
  0.100000000000000E+001  0.194376641166388E+002  0.325404020862052E+000  0.123921585045731E+001  0.100050033358353E-002 -0.971883205831939E+001
  0.100000000000000E+001  0.194037840308867E+002  0.328204521997215E+000  0.123794673583390E+001  0.100050033358353E-002 -0.970189201544333E+001
  0.100000000000000E+001  0.193626850762059E+002  0.331629278781868E+000  0.123637814577339E+001  0.100050033358353E-002 -0.968134253810294E+001
  0.100000000000000E+001  0.193604698528261E+002  0.331799466597608E+000  0.123629972030965E+001  0.100050033358353E-002 -0.968023492641305E+001
  0.100000000000000E+001  0.192567862064860E+002  0.340269666343235E+000  0.123233920299242E+001  0.100050033358353E-002 -0.962839310324302E+001
  0.100000000000000E+001  0.192537406941922E+002  0.340538587670771E+000  0.123221161371761E+001  0.100050033358353E-002 -0.962687034709609E+001
  0.100000000000000E+001  0.191860122133252E+002  0.345932380360499E+000  0.122962841102632E+001  0.100050033358353E-002 -0.959300610666260E+001
  0.100000000000000E+001  0.191710401361009E+002  0.347173123650812E+000  0.122902767263622E+001  0.100050033358353E-002 -0.958552006805046E+001
  0.100000000000000E+001  0.190885287822726E+002  0.353626990326609E+000  0.122586332763953E+001  0.100050033358353E-002 -0.954426439113632E+001
  0.100000000000000E+001  0.189802445316883E+002  0.361973895528394E+000  0.122167182929273E+001  0.100050033358353E-002 -0.949012226584414E+001
  0.100000000000000E+001  0.189469418658251E+002  0.364722763118646E+000  0.122026683642362E+001  0.100050033358353E-002 -0.947347093291257E+001
  0.100000000000000E+001  0.188904895363927E+002  0.368823738569292E+000  0.121814794294070E+001  0.100050033358353E-002 -0.944524476819634E+001
  0.100000000000000E+001  0.188241762907632E+002  0.373825367475252E+000  0.121552653549577E+001  0.100050033358353E-002 -0.941208814538160E+001
  0.100000000000000E+001  0.187725388909272E+002  0.377581957006722E+000  0.121353066060597E+001  0.100050033358353E-002 -0.938626944546361E+001
  0.100000000000000E+001  0.187171116930495E+002  0.381647384863636E+000  0.121134445122315E+001  0.100050033358353E-002 -0.935855584652477E+001
  0.100000000000000E+001  0.186514924047856E+002  0.386423874602077E+000  0.120874080732831E+001  0.100050033358353E-002 -0.932574620239279E+001
  0.100000000000000E+001  0.186337883241904E+002  0.387696114410169E+000  0.120804089809176E+001  0.100050033358353E-002 -0.931689416209522E+001
  0.100000000000000E+001  0.185348529419458E+002  0.394810162002303E+000  0.120407713282098E+001  0.100050033358353E-002 -0.926742647097289E+001
  0.100000000000000E+001  0.185054560003256E+002  0.396898382826649E+000  0.120289743129513E+001  0.100050033358353E-002 -0.925272800016281E+001
  0.100000000000000E+001  0.184762719923733E+002  0.398961403810296E+000  0.120172470880935E+001  0.100050033358353E-002 -0.923813599618664E+001
  0.100000000000000E+001  0.184305656816320E+002  0.402140573361440E+000  0.119990334109500E+001  0.100050033358353E-002 -0.921528284081598E+001
  0.100000000000000E+001  0.184293086801177E+002  0.402231421557723E+000  0.119985104029343E+001  0.100050033358353E-002 -0.921465434005883E+001
  0.100000000000000E+001  0.184154234009084E+002  0.403230045508318E+000  0.119927520864367E+001  0.100050033358353E-002 -0.920771170045421E+001
  0.100000000000000E+001  0.183940943310913E+002  0.404717451269891E+000  0.119841437044350E+001  0.100050033358353E-002 -0.919704716554564E+001
  0.100000000000000E+001  0.182617584876341E+002  0.881694386444397E+000  0.618341171529250E+000  0.100050033358353E-002 -0.913087924381703E+001
  0.100000000000000E+001  0.181993424225173E+002  0.418107341785520E+000  0.119049324433073E+001  0.100050033358353E-002 -0.909967121125866E+001
  0.100000000000000E+001  0.181828387960511E+002  0.880700401187078E+000  0.620769318646949E+000  0.100050033358353E-002 -0.909141939802557E+001
  0.100000000000000E+001  0.181701366388695E+002  0.420091733350562E+000  0.118929280968288E+001  0.100050033358353E-002 -0.908506831943473E+001
  0.100000000000000E+001  0.181303433247722E+002  0.422812094077512E+000  0.118763593276642E+001  0.100050033358353E-002 -0.906517166238612E+001
  0.100000000000000E+001  0.181123899561976E+002  0.423995416415378E+000  0.118691114831742E+001  0.100050033358353E-002 -0.905619497809878E+001
  0.100000000000000E+001  0.180602867106388E+002  0.879122451224121E+000  0.624599031774527E+000  0.100050033358353E-002 -0.903014335531942E+001
  0.100000000000000E+001  0.180539204796355E+002  0.879039707482860E+000  0.624799015726548E+000  0.100050033358353E-002 -0.902696023981773E+001
  0.100000000000000E+001  0.180275331289763E+002  0.429693027838197E+000  0.118338669960645E+001  0.100050033358353E-002 -0.901376656448816E+001
  0.100000000000000E+001  0.179865484551997E+002  0.432428351552541E+000  0.118167417543713E+001  0.100050033358353E-002 -0.899327422759985E+001
  0.100000000000000E+001  0.179792632614933E+002  0.432929442316289E+000  0.118135900594296E+001  0.100050033358353E-002 -0.898963163074667E+001
  0.100000000000000E+001  0.179742738961009E+002  0.433256695334046E+000  0.118115293214998E+001  0.100050033358353E-002 -0.898713694805045E+001
  0.100000000000000E+001  0.179362848927209E+002  0.435753836168318E+000  0.117957414282009E+001  0.100050033358353E-002 -0.896814244636045E+001
  0.100000000000000E+001  0.179011003857143E+002  0.438073305099824E+000  0.117809764561197E+001  0.100050033358353E-002 -0.895055019285716E+001
  0.100000000000000E+001  0.178569487352748E+002  0.441002921166232E+000  0.117621887273643E+001  0.100050033358353E-002 -0.892847436763739E+001
  0.100000000000000E+001  0.178390035513209E+002  0.442154413496039E+000  0.117547616146503E+001  0.100050033358353E-002 -0.891950177566047E+001
  0.100000000000000E+001  0.178030003527930E+002  0.444520996569667E+000  0.117394215229381E+001  0.100050033358353E-002 -0.890150017639651E+001
  0.100000000000000E+001  0.177926815727232E+002  0.445203899736554E+000  0.117349760056615E+001  0.100050033358353E-002 -0.889634078636158E+001
  0.100000000000000E+001  0.176989724367956E+002  0.451287103546603E+000  0.116949991749034E+001  0.100050033358353E-002 -0.884948621839779E+001
  0.100000000000000E+001  0.176908736139162E+002  0.451793204078412E+000  0.116916425934542E+001  0.100050033358353E-002 -0.884543680695812E+001
  0.100000000000000E+001  0.175901066281421E+002  0.458281440942255E+000  0.116481907859273E+001  0.100050033358353E-002 -0.879505331407105E+001
  0.100000000000000E+001  0.174946356439345E+002  0.464382115935263E+000  0.116066178809060E+001  0.100050033358353E-002 -0.874731782196727E+001
  0.100000000000000E+001  0.174624757982102E+002  0.466427874352883E+000  0.115925202732776E+001  0.100050033358353E-002 -0.873123789910510E+001
  0.100000000000000E+001  0.174039394832075E+002  0.869991125510643E+000  0.646185510735476E+000  0.100050033358353E-002 -0.870196974160375E+001
  0.100000000000000E+001  0.174034147877459E+002  0.470163191550783E+000  0.115665750271075E+001  0.100050033358353E-002 -0.870170739387295E+001
  0.100000000000000E+001  0.173885263370239E+002  0.869762858154729E+000  0.646713067355897E+000  0.100050033358353E-002 -0.869426316851194E+001
  0.100000000000000E+001  0.173770892289781E+002  0.471826473329526E+000  0.115549365104350E+001  0.100050033358353E-002 -0.868854461448906E+001
  0.100000000000000E+001  0.173210395417867E+002  0.475371263388682E+000  0.115299557758181E+001  0.100050033358353E-002 -0.866051977089336E+001
  0.100000000000000E+001  0.173152039917663E+002  0.475727286632346E+000  0.115274334822748E+001  0.100050033358353E-002 -0.865760199588317E+001
  0.100000000000000E+001  0.173041108660404E+002  0.476429141052814E+000  0.115224539514898E+001  0.100050033358353E-002 -0.865205543302018E+001
  0.100000000000000E+001  0.172913036150449E+002  0.477243225529791E+000  0.115166662693862E+001  0.100050033358353E-002 -0.864565180752245E+001
  0.100000000000000E+001  0.172818606101391E+002  0.477819798336884E+000  0.115125594203527E+001  0.100050033358353E-002 -0.864093030506953E+001
  0.100000000000000E+001  0.172481251759887E+002  0.479933340922107E+000  0.114974499347548E+001  0.100050033358353E-002 -0.862406258799436E+001
  0.100000000000000E+001  0.172479859301387E+002  0.479942013741478E+000  0.114973877553327E+001  0.100050033358353E-002 -0.862399296506936E+001
  0.100000000000000E+001  0.172467482323824E+002  0.480019420635268E+000  0.114968327251224E+001  0.100050033358353E-002 -0.862337411619119E+001
  0.100000000000000E+001  0.172081967730774E+002  0.482438901803497E+000  0.114794256116593E+001  0.100050033358353E-002 -0.860409838653871E+001
  0.100000000000000E+001  0.171898122727065E+002  0.483586181818462E+000  0.114711315647800E+001  0.100050033358353E-002 -0.859490613635326E+001
  0.100000000000000E+001  0.171768649063087E+002  0.484393659844121E+000  0.114652786329477E+001  0.100050033358353E-002 -0.858843245315435E+001
  0.100000000000000E+001  0.171704642925896E+002  0.484803920884727E+000  0.114623000047648E+001  0.100050033358353E-002 -0.858523214629482E+001
  0.100000000000000E+001  0.171248946062160E+002  0.487630346839181E+000  0.114416895004569E+001  0.100050033358353E-002 -0.856244730310801E+001
  0.100000000000000E+001  0.171157873502183E+002  0.488193010341549E+000  0.114375677668443E+001  0.100050033358353E-002 -0.855789367510916E+001
  0.100000000000000E+001  0.171121399993300E+002  0.488425310137354E+000  0.114358642585614E+001  0.100050033358353E-002 -0.855606999966498E+001
  0.100000000000000E+001  0.170961629798272E+002  0.489422664955289E+000  0.114285383235819E+001  0.100050033358353E-002 -0.854808148991358E+001
  0.100000000000000E+001  0.170903068531821E+002  0.489774785457663E+000  0.114259471767408E+001  0.100050033358353E-002 -0.854515342659103E+001
  0.100000000000000E+001  0.170293192939332E+002  0.864188385745514E+000  0.659423315000977E+000  0.100050033358353E-002 -0.851465964696660E+001
  0.100000000000000E+001  0.170082751953881E+002  0.494877971507813E+000  0.113881182772240E+001  0.100050033358353E-002 -0.850413759769406E+001
  0.100000000000000E+001  0.170046082845094E+002  0.495105082988069E+000  0.113864226940283E+001  0.100050033358353E-002 -0.850230414225471E+001
  0.100000000000000E+001  0.169931210354741E+002  0.863602668030995E+000  0.660739914953526E+000  0.100050033358353E-002 -0.849656051773707E+001
  0.100000000000000E+001  0.169390713477643E+002  0.499153916604650E+000  0.113560212498015E+001  0.100050033358353E-002 -0.846953567388214E+001
  0.100000000000000E+001  0.169173008035509E+002  0.500488760214648E+000  0.113459260724874E+001  0.100050033358353E-002 -0.845865040177546E+001
  0.100000000000000E+001  0.169119073170714E+002  0.500829071829223E+000  0.113433466051391E+001  0.100050033358353E-002 -0.845595365853572E+001
  0.100000000000000E+001  0.169095430432602E+002  0.500976068881820E+000  0.113422316846013E+001  0.100050033358353E-002 -0.845477152163008E+001
  0.100000000000000E+001  0.168722643911181E+002  0.503269730323513E+000  0.113247784073787E+001  0.100050033358353E-002 -0.843613219555903E+001
  0.100000000000000E+001  0.168633598612927E+002  0.503805210197920E+000  0.113206883862425E+001  0.100050033358353E-002 -0.843167993064636E+001
  0.100000000000000E+001  0.168539259100988E+002  0.861297331564417E+000  0.665888062409275E+000  0.100050033358353E-002 -0.842696295504938E+001
  0.100000000000000E+001  0.168279281425695E+002  0.505983599181280E+000  0.113039895784229E+001  0.100050033358353E-002 -0.841396407128474E+001
  0.100000000000000E+001  0.168240964142536E+002  0.506221171604962E+000  0.113021625737871E+001  0.100050033358353E-002 -0.841204820712681E+001
  0.100000000000000E+001  0.168009346295783E+002  0.507647198363544E+000  0.112911717357485E+001  0.100050033358353E-002 -0.840046731478915E+001
  0.100000000000000E+001  0.167656203469604E+002  0.859784364266109E+000  0.669237799375312E+000  0.100050033358353E-002 -0.838281017348020E+001
  0.100000000000000E+001  0.167493002843732E+002  0.510828074639869E+000  0.112665053921024E+001  0.100050033358353E-002 -0.837465014218660E+001
  0.100000000000000E+001  0.167333417059855E+002  0.511793673640941E+000  0.112589763516238E+001  0.100050033358353E-002 -0.836667085299274E+001
  0.100000000000000E+001  0.166973526256579E+002  0.513998760999867E+000  0.112417103647728E+001  0.100050033358353E-002 -0.834867631282897E+001
  0.100000000000000E+001  0.166872301330423E+002  0.858419777393172E+000  0.672239687132339E+000  0.100050033358353E-002 -0.834361506652113E+001
  0.100000000000000E+001  0.166831886636984E+002  0.858347624192402E+000  0.672397907976549E+000  0.100050033358353E-002 -0.834159433184919E+001
  0.100000000000000E+001  0.166385884747979E+002  0.517603606773568E+000  0.112132665203642E+001  0.100050033358353E-002 -0.831929423739896E+001
  0.100000000000000E+001  0.166111340631633E+002  0.857070764127156E+000  0.675189540796359E+000  0.100050033358353E-002 -0.830556703158163E+001
  0.100000000000000E+001  0.165971113203901E+002  0.856817644040123E+000  0.675741082039455E+000  0.100050033358353E-002 -0.829855566019507E+001
  0.100000000000000E+001  0.165935435637435E+002  0.856752631104332E+000  0.675882644394337E+000  0.100050033358353E-002 -0.829677178187176E+001
  0.100000000000000E+001  0.165792335253575E+002  0.521243983329820E+000  0.111842663967313E+001  0.100050033358353E-002 -0.828961676267874E+001
  0.100000000000000E+001  0.165617655658066E+002  0.522302764835187E+000  0.111757795286469E+001  0.100050033358353E-002 -0.828088278290330E+001
  0.100000000000000E+001  0.165465671610233E+002  0.523241964201670E+000  0.111682313675455E+001  0.100050033358353E-002 -0.827328358051164E+001
  0.100000000000000E+001  0.165288023404217E+002  0.855568423843765E+000  0.678454153846637E+000  0.100050033358353E-002 -0.826440117021087E+001
  0.100000000000000E+001  0.164860213791689E+002  0.526945612630043E+000  0.111382834383840E+001  0.100050033358353E-002 -0.824301068958446E+001
  0.100000000000000E+001  0.164742114831591E+002  0.527656967845659E+000  0.111324979265973E+001  0.100050033358353E-002 -0.823710574157957E+001
  0.100000000000000E+001  0.164637668536851E+002  0.528294694333941E+000  0.111273020464573E+001  0.100050033358353E-002 -0.823188342684256E+001
  0.100000000000000E+001  0.164458817328005E+002  0.529394513059720E+000  0.111183208023587E+001  0.100050033358353E-002 -0.822294086640024E+001
  0.100000000000000E+001  0.164345999468064E+002  0.530075054401004E+000  0.111127504265468E+001  0.100050033358353E-002 -0.821729997340322E+001
  0.100000000000000E+001  0.164237614243238E+002  0.530749322424576E+000  0.111072215812891E+001  0.100050033358353E-002 -0.821188071216191E+001
  0.100000000000000E+001  0.164187959664518E+002  0.853514477585339E+000  0.682882977647310E+000  0.100050033358353E-002 -0.820939798322589E+001
  0.100000000000000E+001  0.164135324363167E+002  0.531372419229676E+000  0.111021036276527E+001  0.100050033358353E-002 -0.820676621815835E+001
  0.100000000000000E+001  0.163707449811260E+002  0.533978695621295E+000  0.110806055049402E+001  0.100050033358353E-002 -0.818537249056300E+001
  0.100000000000000E+001  0.163381427748359E+002  0.535972383973196E+000  0.110640609939161E+001  0.100050033358353E-002 -0.816907138741795E+001
  0.100000000000000E+001  0.163163579607346E+002  0.537315218814580E+000  0.110528687861832E+001  0.100050033358353E-002 -0.815817898036729E+001
  0.100000000000000E+001  0.163106246795910E+002  0.537658973027247E+000  0.110499973487294E+001  0.100050033358353E-002 -0.815531233979551E+001
  0.100000000000000E+001  0.162969224888772E+002  0.538500541105604E+000  0.110429566785226E+001  0.100050033358353E-002 -0.814846124443859E+001
  0.100000000000000E+001  0.162833999603568E+002  0.539331316634404E+000  0.110359910834062E+001  0.100050033358353E-002 -0.814169998017840E+001
  0.100000000000000E+001  0.162742666213346E+002  0.539880785336720E+000  0.110313757706177E+001  0.100050033358353E-002 -0.813713331066732E+001
  0.100000000000000E+001  0.162716830226953E+002  0.540038575346426E+000  0.110300491731698E+001  0.100050033358353E-002 -0.813584151134764E+001
  0.100000000000000E+001  0.162661189525919E+002  0.540383305424471E+000  0.110271489989284E+001  0.100050033358353E-002 -0.813305947629594E+001
  0.100000000000000E+001  0.162334074855524E+002  0.542386230945343E+000  0.110102468297757E+001  0.100050033358353E-002 -0.811670374277622E+001
  0.100000000000000E+001  0.162236552161376E+002  0.542992231437097E+000  0.110051154964602E+001  0.100050033358353E-002 -0.811182760806879E+001
  0.100000000000000E+001  0.161807599758791E+002  0.848838064717822E+000  0.692821892344287E+000  0.100050033358353E-002 -0.809037998793955E+001
  0.100000000000000E+001  0.161735120649816E+002  0.848688434154954E+000  0.693136658853069E+000  0.100050033358353E-002 -0.808675603249080E+001
  0.100000000000000E+001  0.161517444412043E+002  0.547396232381477E+000  0.109675795638859E+001  0.100050033358353E-002 -0.807587222060214E+001
  0.100000000000000E+001  0.161508060703506E+002  0.848216624537373E+000  0.694127871737863E+000  0.100050033358353E-002 -0.807540303517530E+001
  0.100000000000000E+001  0.161484305955708E+002  0.848167334339394E+000  0.694231310846627E+000  0.100050033358353E-002 -0.807421529778539E+001
  0.100000000000000E+001  0.161227705723535E+002  0.847643790136606E+000  0.695328686748765E+000  0.100050033358353E-002 -0.806138528617676E+001
  0.100000000000000E+001  0.161122212220446E+002  0.549815504616846E+000  0.109467754903796E+001  0.100050033358353E-002 -0.805611061102232E+001
  0.100000000000000E+001  0.160891182485825E+002  0.551244709224138E+000  0.109344235197931E+001  0.100050033358353E-002 -0.804455912429126E+001
  0.100000000000000E+001  0.160865612625193E+002  0.551399391358995E+000  0.109330839105969E+001  0.100050033358353E-002 -0.804328063125963E+001
  0.100000000000000E+001  0.160569317473413E+002  0.553224583424619E+000  0.109172361784946E+001  0.100050033358353E-002 -0.802846587367065E+001
  0.100000000000000E+001  0.160313202155883E+002  0.554801697816595E+000  0.109034816372238E+001  0.100050033358353E-002 -0.801566010779414E+001
  0.100000000000000E+001  0.160298873639504E+002  0.554890743312168E+000  0.109027033555964E+001  0.100050033358353E-002 -0.801494368197518E+001
  0.100000000000000E+001  0.160017736855932E+002  0.845080015689903E+000  0.700667975692434E+000  0.100050033358353E-002 -0.800088684279661E+001
  0.100000000000000E+001  0.160010950432934E+002  0.845065379668323E+000  0.700698293468111E+000  0.100050033358353E-002 -0.800054752164670E+001
  0.100000000000000E+001  0.159873847802104E+002  0.557505720974816E+000  0.108797671096575E+001  0.100050033358353E-002 -0.799369239010521E+001
  0.100000000000000E+001  0.159794096424210E+002  0.557992412951746E+000  0.108754810236523E+001  0.100050033358353E-002 -0.798970482121051E+001
  0.100000000000000E+001  0.159608374872750E+002  0.844179953861101E+000  0.702529000155334E+000  0.100050033358353E-002 -0.798041874363751E+001
  0.100000000000000E+001  0.158970716734437E+002  0.563096833079125E+000  0.108302001218520E+001  0.100050033358353E-002 -0.794853583672186E+001
  0.100000000000000E+001  0.158962948798408E+002  0.563144683049540E+000  0.108297727979512E+001  0.100050033358353E-002 -0.794814743992039E+001
  0.100000000000000E+001  0.158844574405007E+002  0.842485291770094E+000  0.706014328411334E+000  0.100050033358353E-002 -0.794222872025037E+001
  0.100000000000000E+001  0.158348907164284E+002  0.566958435305585E+000  0.107955425544203E+001  0.100050033358353E-002 -0.791744535821421E+001
  0.100000000000000E+001  0.158324620629774E+002  0.841305040102987E+000  0.708427451335709E+000  0.100050033358353E-002 -0.791623103148872E+001
  0.100000000000000E+001  0.158316121395234E+002  0.567161839931664E+000  0.107937073507275E+001  0.100050033358353E-002 -0.791580606976168E+001
  0.100000000000000E+001  0.158292676881795E+002  0.567306118252239E+000  0.107924050215625E+001  0.100050033358353E-002 -0.791463384408974E+001
  0.100000000000000E+001  0.158255430722027E+002  0.841147419247084E+000  0.708748842913041E+000  0.100050033358353E-002 -0.791277153610134E+001
  0.100000000000000E+001  0.157968837181279E+002  0.569323561582094E+000  0.107741433057141E+001  0.100050033358353E-002 -0.789844185906395E+001
  0.100000000000000E+001  0.157960315992484E+002  0.569375929049486E+000  0.107736680039559E+001  0.100050033358353E-002 -0.789801579962421E+001
  0.100000000000000E+001  0.157931406575700E+002  0.569553356057495E+000  0.107720571459457E+001  0.100050033358353E-002 -0.789657032878501E+001
  0.100000000000000E+001  0.157789448491168E+002  0.570439416612991E+000  0.107640014852749E+001  0.100050033358353E-002 -0.788947242455842E+001
  0.100000000000000E+001  0.157783529229713E+002  0.570476982342376E+000  0.107636595446594E+001  0.100050033358353E-002 -0.788917646148565E+001
  0.100000000000000E+001  0.157775533348429E+002  0.840023332882306E+000  0.711034921666573E+000  0.100050033358353E-002 -0.788877666742144E+001
  0.100000000000000E+001  0.157536843198491E+002  0.572014252181471E+000  0.107496379345081E+001  0.100050033358353E-002 -0.787684215992456E+001
  0.100000000000000E+001  0.157472546912224E+002  0.572420489991962E+000  0.107459232282595E+001  0.100050033358353E-002 -0.787362734561121E+001
  0.100000000000000E+001  0.157373350222400E+002  0.573047959433330E+000  0.107401778320338E+001  0.100050033358353E-002 -0.786866751111999E+001
  0.100000000000000E+001  0.157210978460800E+002  0.574055717700455E+000  0.107309307127171E+001  0.100050033358353E-002 -0.786054892304001E+001
  0.100000000000000E+001  0.157186096217882E+002  0.838632116543599E+000  0.713849921378413E+000  0.100050033358353E-002 -0.785930481089410E+001
  0.100000000000000E+001  0.157061400207666E+002  0.575004429384848E+000  0.107222032469416E+001  0.100050033358353E-002 -0.785307001038331E+001
  0.100000000000000E+001  0.156879983798914E+002  0.576134986478379E+000  0.107117748025475E+001  0.100050033358353E-002 -0.784399918994568E+001
  0.100000000000000E+001  0.156820227234203E+002  0.576515608633049E+000  0.107082569833170E+001  0.100050033358353E-002 -0.784101136171015E+001
  0.100000000000000E+001  0.156706491660039E+002  0.577235032313299E+000  0.107015983539996E+001  0.100050033358353E-002 -0.783532458300195E+001
  0.100000000000000E+001  0.156568086132478E+002  0.578098988629276E+000  0.106935855372658E+001  0.100050033358353E-002 -0.782840430662388E+001
  0.100000000000000E+001  0.156371473981409E+002  0.579363177993746E+000  0.106818282726441E+001  0.100050033358353E-002 -0.781857369907046E+001
  0.100000000000000E+001  0.156069848144390E+002  0.581255925649140E+000  0.106641529155479E+001  0.100050033358353E-002 -0.780349240721952E+001
  0.100000000000000E+001  0.156028842724395E+002  0.835785361408582E+000  0.719561352357609E+000  0.100050033358353E-002 -0.780144213621977E+001
  0.100000000000000E+001  0.155859437161916E+002  0.835363869872326E+000  0.720401498216708E+000  0.100050033358353E-002 -0.779297185809578E+001
  0.100000000000000E+001  0.155601454341816E+002  0.584223295575145E+000  0.106362666759341E+001  0.100050033358353E-002 -0.778007271709081E+001
  0.100000000000000E+001  0.155408633762220E+002  0.585455970955853E+000  0.106246190866709E+001  0.100050033358353E-002 -0.777043168811101E+001
  0.100000000000000E+001  0.155139858108574E+002  0.587166430329435E+000  0.106083949651678E+001  0.100050033358353E-002 -0.775699290542870E+001
  0.100000000000000E+001  0.155051654099378E+002  0.833284747485927E+000  0.724525330365768E+000  0.100050033358353E-002 -0.775258270496889E+001
  0.100000000000000E+001  0.155010125517463E+002  0.833176935776790E+000  0.724738250029759E+000  0.100050033358353E-002 -0.775050627587317E+001
  0.100000000000000E+001  0.154827251773411E+002  0.589179409203267E+000  0.105892087479787E+001  0.100050033358353E-002 -0.774136258867055E+001
  0.100000000000000E+001  0.154756767312052E+002  0.589625855632261E+000  0.105849399328263E+001  0.100050033358353E-002 -0.773783836560259E+001
  0.100000000000000E+001  0.154726024050799E+002  0.589820588998943E+000  0.105830763859415E+001  0.100050033358353E-002 -0.773630120253995E+001
  0.100000000000000E+001  0.154712082991293E+002  0.589911236420310E+000  0.105822085921939E+001  0.100050033358353E-002 -0.773560414956467E+001
  0.100000000000000E+001  0.154689082190252E+002  0.832321322264115E+000  0.726424832117468E+000  0.100050033358353E-002 -0.773445410951260E+001
  0.100000000000000E+001  0.154373930221493E+002  0.592089789194590E+000  0.105612910355706E+001  0.100050033358353E-002 -0.771869651107465E+001
  0.100000000000000E+001  0.154367716932714E+002  0.592130185708192E+000  0.105609020449348E+001  0.100050033358353E-002 -0.771838584663570E+001
  0.100000000000000E+001  0.154314791935057E+002  0.592475487558894E+000  0.105575753574960E+001  0.100050033358353E-002 -0.771573959675287E+001
  0.100000000000000E+001  0.154220230984167E+002  0.593091348621649E+000  0.105516346427921E+001  0.100050033358353E-002 -0.771101154920833E+001
  0.100000000000000E+001  0.154112992055256E+002  0.593778121339408E+000  0.105449986680245E+001  0.100050033358353E-002 -0.770564960276279E+001
  0.100000000000000E+001  0.154106393550824E+002  0.593820544629999E+000  0.105445883620274E+001  0.100050033358353E-002 -0.770531967754118E+001
  0.100000000000000E+001  0.154089238239003E+002  0.593931176992252E+000  0.105435181442635E+001  0.100050033358353E-002 -0.770446191195015E+001
  0.100000000000000E+001  0.154074338952342E+002  0.594027687436923E+000  0.105425842852934E+001  0.100050033358353E-002 -0.770371694761709E+001
  0.100000000000000E+001  0.153951630215866E+002  0.594831525750436E+000  0.105347970308571E+001  0.100050033358353E-002 -0.769758151079328E+001
  0.100000000000000E+001  0.153829620000711E+002  0.595619133549125E+000  0.105271511988053E+001  0.100050033358353E-002 -0.769148100003553E+001
  0.100000000000000E+001  0.153764662047142E+002  0.829805227790599E+000  0.731352051039530E+000  0.100050033358353E-002 -0.768823310235712E+001
  0.100000000000000E+001  0.153732846973637E+002  0.596247568153670E+000  0.105210393176724E+001  0.100050033358353E-002 -0.768664234868184E+001
  0.100000000000000E+001  0.153535416643287E+002  0.597535991511572E+000  0.105084773758167E+001  0.100050033358353E-002 -0.767677083216437E+001
  0.100000000000000E+001  0.153445695020392E+002  0.828920962531299E+000  0.733072303585761E+000  0.100050033358353E-002 -0.767228475101961E+001
  0.100000000000000E+001  0.153396015860495E+002  0.598448687751895E+000  0.104995531936971E+001  0.100050033358353E-002 -0.766980079302473E+001
  0.100000000000000E+001  0.153393566202166E+002  0.598464739557917E+000  0.104993960521714E+001  0.100050033358353E-002 -0.766967831010828E+001
  0.100000000000000E+001  0.153380228015199E+002  0.828734425615833E+000  0.733434443890378E+000  0.100050033358353E-002 -0.766901140075993E+001
  0.100000000000000E+001  0.153000413391611E+002  0.827643327417732E+000  0.735547488474396E+000  0.100050033358353E-002 -0.765002066958053E+001
  0.100000000000000E+001  0.152826704593259E+002  0.827146789489588E+000  0.736506168310907E+000  0.100050033358353E-002 -0.764133522966297E+001
  0.100000000000000E+001  0.152698215036621E+002  0.603044527517259E+000  0.104542921719168E+001  0.100050033358353E-002 -0.763491075183103E+001
  0.100000000000000E+001  0.152666975037004E+002  0.603250189075254E+000  0.104522540688560E+001  0.100050033358353E-002 -0.763334875185021E+001
  0.100000000000000E+001  0.152631520277731E+002  0.826572570348567E+000  0.737612559986159E+000  0.100050033358353E-002 -0.763157601388655E+001
  0.100000000000000E+001  0.152462572184120E+002  0.826067589474672E+000  0.738583541730939E+000  0.100050033358353E-002 -0.762312860920600E+001
  0.100000000000000E+001  0.152426626003094E+002  0.604845159407697E+000  0.104364107914408E+001  0.100050033358353E-002 -0.762133130015472E+001
  0.100000000000000E+001  0.152295019329786E+002  0.605714643616027E+000  0.104277461819612E+001  0.100050033358353E-002 -0.761475096648929E+001
  0.100000000000000E+001  0.152288470150569E+002  0.825553146728738E+000  0.739570797043511E+000  0.100050033358353E-002 -0.761442350752844E+001
  0.100000000000000E+001  0.152235733217331E+002  0.825397617367123E+000  0.739868889601427E+000  0.100050033358353E-002 -0.761178666086655E+001
  0.100000000000000E+001  0.152193082671639E+002  0.606396262709442E+000  0.104209399412788E+001  0.100050033358353E-002 -0.760965413358193E+001
  0.100000000000000E+001  0.152187575063892E+002  0.825254908581630E+000  0.740142254830144E+000  0.100050033358353E-002 -0.760937875319459E+001
  0.100000000000000E+001  0.152081583200172E+002  0.824936692627912E+000  0.740751278780835E+000  0.100050033358353E-002 -0.760407916000861E+001
  0.100000000000000E+001  0.151876671155870E+002  0.608515771778837E+000  0.103996983052886E+001  0.100050033358353E-002 -0.759383355779348E+001
  0.100000000000000E+001  0.151831893032261E+002  0.608819430857315E+000  0.103966454139176E+001  0.100050033358353E-002 -0.759159465161305E+001
  0.100000000000000E+001  0.151753395146009E+002  0.823924857741968E+000  0.742682924335387E+000  0.100050033358353E-002 -0.758766975730045E+001
  0.100000000000000E+001  0.151726057428041E+002  0.609527938013062E+000  0.103895128934360E+001  0.100050033358353E-002 -0.758630287140204E+001
  0.100000000000000E+001  0.151676004728346E+002  0.609862161183016E+000  0.103861436968823E+001  0.100050033358353E-002 -0.758380023641728E+001
  0.100000000000000E+001  0.151507032046060E+002  0.611009846919320E+000  0.103745518373813E+001  0.100050033358353E-002 -0.757535160230298E+001
  0.100000000000000E+001  0.151486526910981E+002  0.823107032225121E+000  0.744238805574090E+000  0.100050033358353E-002 -0.757432634554905E+001
  0.100000000000000E+001  0.151442565915573E+002  0.611443134724289E+000  0.103701665003650E+001  0.100050033358353E-002 -0.757212829577864E+001
  0.100000000000000E+001  0.151287301372087E+002  0.612495496475292E+000  0.103594947814177E+001  0.100050033358353E-002 -0.756436506860435E+001
  0.100000000000000E+001  0.151234942811453E+002  0.612854539669345E+000  0.103558471021162E+001  0.100050033358353E-002 -0.756174714057263E+001
  0.100000000000000E+001  0.151015665965104E+002  0.821609000638532E+000  0.747076360974767E+000  0.100050033358353E-002 -0.755078329825519E+001
  0.100000000000000E+001  0.150784684671001E+002  0.820869255395530E+000  0.748471711499012E+000  0.100050033358353E-002 -0.753923423355004E+001
  0.100000000000000E+001  0.150701275374067E+002  0.820593872130052E+000  0.748990170940961E+000  0.100050033358353E-002 -0.753506376870333E+001
  0.100000000000000E+001  0.150662872267924E+002  0.820466026503588E+000  0.749230682724219E+000  0.100050033358353E-002 -0.753314361339620E+001
  0.100000000000000E+001  0.150518868560759E+002  0.617756838982381E+000  0.103056983842605E+001  0.100050033358353E-002 -0.752594342803793E+001
  0.100000000000000E+001  0.150396866152726E+002  0.618604492068346E+000  0.102969617903604E+001  0.100050033358353E-002 -0.751984330763628E+001
  0.100000000000000E+001  0.150396505959082E+002  0.819585106412609E+000  0.750884818261788E+000  0.100050033358353E-002 -0.751982529795409E+001
  0.100000000000000E+001  0.150193707650474E+002  0.620011520616489E+000  0.102824169410200E+001  0.100050033358353E-002 -0.750968538252370E+001
  0.100000000000000E+001  0.150080339407761E+002  0.620807912659222E+000  0.102741606199211E+001  0.100050033358353E-002 -0.750401697038804E+001
  0.100000000000000E+001  0.150022437977796E+002  0.818323409617668E+000  0.753244542965950E+000  0.100050033358353E-002 -0.750112189888979E+001
  0.100000000000000E+001  0.149993775610040E+002  0.818224331348158E+000  0.753429380304778E+000  0.100050033358353E-002 -0.749968878050202E+001
  0.100000000000000E+001  0.149933548542646E+002  0.621829638200594E+000  0.102635429619957E+001  0.100050033358353E-002 -0.749667742713232E+001
  0.100000000000000E+001  0.149674837495263E+002  0.817133167853637E+000  0.755460553052966E+000  0.100050033358353E-002 -0.748374187476315E+001
  0.100000000000000E+001  0.149661517003679E+002  0.817086998491993E+000  0.755546316037108E+000  0.100050033358353E-002 -0.748307585018396E+001
  0.100000000000000E+001  0.149655524829549E+002  0.623785967488506E+000  0.102431334506717E+001  0.100050033358353E-002 -0.748277624147744E+001
  0.100000000000000E+001  0.149642402204028E+002  0.623878224811656E+000  0.102421683823046E+001  0.100050033358353E-002 -0.748212011020142E+001
  0.100000000000000E+001  0.149627525778162E+002  0.816968490867631E+000  0.755766385937771E+000  0.100050033358353E-002 -0.748137628890811E+001
  0.100000000000000E+001  0.149625162625153E+002  0.816960213817689E+000  0.755781752919774E+000  0.100050033358353E-002 -0.748125813125765E+001
  0.100000000000000E+001  0.149386916799772E+002  0.816109892487088E+000  0.757357950886824E+000  0.100050033358353E-002 -0.746934583998859E+001
  0.100000000000000E+001  0.149312779753808E+002  0.815846160087569E+000  0.757845819400784E+000  0.100050033358353E-002 -0.746563898769041E+001
  0.100000000000000E+001  0.149150031841910E+002  0.815270496341832E+000  0.758909081619734E+000  0.100050033358353E-002 -0.745750159209550E+001
  0.100000000000000E+001  0.149130157084401E+002  0.815199549982232E+000  0.759039965943633E+000  0.100050033358353E-002 -0.745650785422004E+001
  0.100000000000000E+001  0.149100215313539E+002  0.627738251182238E+000  0.102015798912760E+001  0.100050033358353E-002 -0.745501076567694E+001
  0.100000000000000E+001  0.149030622768344E+002  0.814838972247578E+000  0.759704647932420E+000  0.100050033358353E-002 -0.745153113841722E+001
  0.100000000000000E+001  0.149027102549021E+002  0.628263404636476E+000  0.101960259775412E+001  0.100050033358353E-002 -0.745135512745104E+001
  0.100000000000000E+001  0.148762111393478E+002  0.630175753078494E+000  0.101757364219398E+001  0.100050033358353E-002 -0.743810556967392E+001
  0.100000000000000E+001  0.148756561636694E+002  0.630216188804215E+000  0.101753063054616E+001  0.100050033358353E-002 -0.743782808183469E+001
  0.100000000000000E+001  0.148746357582434E+002  0.630290636238073E+000  0.101745142853006E+001  0.100050033358353E-002 -0.743731787912169E+001
  0.100000000000000E+001  0.148631929851399E+002  0.631126155443683E+000  0.101656148340785E+001  0.100050033358353E-002 -0.743159649256996E+001
  0.100000000000000E+001  0.148523188109602E+002  0.631913768416773E+000  0.101572077033225E+001  0.100050033358353E-002 -0.742615940548009E+001
  0.100000000000000E+001  0.148464174446618E+002  0.632346618600163E+000  0.101525799453139E+001  0.100050033358353E-002 -0.742320872233089E+001
  0.100000000000000E+001  0.148394931464769E+002  0.632857529147498E+000  0.101471108191660E+001  0.100050033358353E-002 -0.741974657323845E+001
  0.100000000000000E+001  0.148338097270086E+002  0.812246720215280E+000  0.764457544384052E+000  0.100050033358353E-002 -0.741690486350431E+001
  0.100000000000000E+001  0.148261468168658E+002  0.633833961253495E+000  0.101366379285157E+001  0.100050033358353E-002 -0.741307340843288E+001
  0.100000000000000E+001  0.148053304806043E+002  0.635376576490479E+000  0.101200372817524E+001  0.100050033358353E-002 -0.740266524030213E+001
  0.100000000000000E+001  0.147864450000012E+002  0.636783955653389E+000  0.101048328854992E+001  0.100050033358353E-002 -0.739322250000058E+001
  0.100000000000000E+001  0.147830339371883E+002  0.810267061009867E+000  0.768057324870476E+000  0.100050033358353E-002 -0.739151696859415E+001
  0.100000000000000E+001  0.147797160083715E+002  0.810133527192453E+000  0.768299217998100E+000  0.100050033358353E-002 -0.738985800418574E+001
  0.100000000000000E+001  0.147788839530600E+002  0.637349010793470E+000  0.100987124844256E+001  0.100050033358353E-002 -0.738944197653001E+001
  0.100000000000000E+001  0.147751349691110E+002  0.809950120303688E+000  0.768631265903477E+000  0.100050033358353E-002 -0.738756748455548E+001
  0.100000000000000E+001  0.147689196724796E+002  0.809703085876192E+000  0.769078162582467E+000  0.100050033358353E-002 -0.738445983623981E+001
  0.100000000000000E+001  0.147677681244254E+002  0.809797195725246E+000  0.768907960223418E+000  0.100050033358353E-002 -0.738388406221270E+001
  0.100000000000000E+001  0.147673768001932E+002  0.638210159685767E+000  0.100893673461747E+001  0.100050033358353E-002 -0.738368840009660E+001
  0.100000000000000E+001  0.147635111312476E+002  0.638503232932690E+000  0.100861820772327E+001  0.100050033358353E-002 -0.738175556562379E+001
  0.100000000000000E+001  0.147558989246175E+002  0.639080186095520E+000  0.100799042394306E+001  0.100050033358353E-002 -0.737794946230873E+001
  0.100000000000000E+001  0.147558673467026E+002  0.639082569119858E+000  0.100798782898298E+001  0.100050033358353E-002 -0.737793367335131E+001
  0.100000000000000E+001  0.147509163918117E+002  0.639455210977439E+000  0.100758184465046E+001  0.100050033358353E-002 -0.737545819590585E+001
  0.100000000000000E+001  0.147459063081036E+002  0.639832664762911E+000  0.100717020959832E+001  0.100050033358353E-002 -0.737295315405181E+001
  0.100000000000000E+001  0.147410866100131E+002  0.640199024916290E+000  0.100677027939132E+001  0.100050033358353E-002 -0.737054330500655E+001
  0.100000000000000E+001  0.147396260121826E+002  0.808514996463877E+000  0.771221954919858E+000  0.100050033358353E-002 -0.736981300609130E+001
  0.100000000000000E+001  0.147375829337256E+002  0.640467273230620E+000  0.100647720511272E+001  0.100050033358353E-002 -0.736879146686282E+001
  0.100000000000000E+001  0.147370417913460E+002  0.640508780514281E+000  0.100643183779942E+001  0.100050033358353E-002 -0.736852089567298E+001
  0.100000000000000E+001  0.147304408590576E+002  0.641014487459693E+000  0.100587870132176E+001  0.100050033358353E-002 -0.736522042952878E+001
  0.100000000000000E+001  0.147259952715275E+002  0.641353036752442E+000  0.100550798582752E+001  0.100050033358353E-002 -0.736299763576374E+001
  0.100000000000000E+001  0.147245431138781E+002  0.807884141411165E+000  0.772356577320371E+000  0.100050033358353E-002 -0.736227155693905E+001
  0.100000000000000E+001  0.147188752751476E+002  0.641895374927158E+000  0.100491342581529E+001  0.100050033358353E-002 -0.735943763757379E+001
  0.100000000000000E+001  0.147125120894572E+002  0.642385722607913E+000  0.100437512654202E+001  0.100050033358353E-002 -0.735625604472858E+001
  0.100000000000000E+001  0.147120979901934E+002  0.642417797131151E+000  0.100433989103799E+001  0.100050033358353E-002 -0.735604899509672E+001
  0.100000000000000E+001  0.147005860620321E+002  0.806886075646135E+000  0.774146445321301E+000  0.100050033358353E-002 -0.735029303101604E+001
  0.100000000000000E+001  0.146912736987502E+002  0.644025948211017E+000  0.100256940792572E+001  0.100050033358353E-002 -0.734563684937508E+001
  0.100000000000000E+001  0.146753536279361E+002  0.645270169089520E+000  0.100119439899478E+001  0.100050033358353E-002 -0.733767681396807E+001
  0.100000000000000E+001  0.146715992379050E+002  0.645562182149345E+000  0.100087103196554E+001  0.100050033358353E-002 -0.733579961895251E+001
  0.100000000000000E+001  0.146703565763825E+002  0.805575103654032E+000  0.776487843010282E+000  0.100050033358353E-002 -0.733517828819126E+001
  0.100000000000000E+001  0.146695333465448E+002  0.645723145330021E+000  0.100069267863221E+001  0.100050033358353E-002 -0.733476667327240E+001
  0.100000000000000E+001  0.146663987822396E+002  0.645968442235724E+000  0.100042073362763E+001  0.100050033358353E-002 -0.733319939111980E+001
  0.100000000000000E+001  0.146642001007522E+002  0.646141429558904E+000  0.100022884705627E+001  0.100050033358353E-002 -0.733210005037609E+001
  0.100000000000000E+001  0.146641769405282E+002  0.646143255673447E+000  0.100022682096424E+001  0.100050033358353E-002 -0.733208847026411E+001
  0.100000000000000E+001  0.146605815358925E+002  0.646427517619720E+000  0.999911309637383E+000  0.100050033358353E-002 -0.733029076794623E+001
  0.100000000000000E+001  0.146593962322527E+002  0.805100767254556E+000  0.777332335391269E+000  0.100050033358353E-002 -0.732969811612636E+001
  0.100000000000000E+001  0.146532895062294E+002  0.647005206030436E+000  0.999269380131076E+000  0.100050033358353E-002 -0.732664475311469E+001
  0.100000000000000E+001  0.146518293375020E+002  0.647120497045003E+000  0.999141150290637E+000  0.100050033358353E-002 -0.732591466875101E+001
  0.100000000000000E+001  0.146479041075950E+002  0.647429698804118E+000  0.998797053448648E+000  0.100050033358353E-002 -0.732395205379749E+001
  0.100000000000000E+001  0.146401804919341E+002  0.648040306436408E+000  0.998116703793706E+000  0.100050033358353E-002 -0.732009024596705E+001
  0.100000000000000E+001  0.146341097643901E+002  0.648525858334944E+000  0.997574904047881E+000  0.100050033358353E-002 -0.731705488219507E+001
  0.100000000000000E+001  0.146266300381052E+002  0.649125187823133E+000  0.996905180219898E+000  0.100050033358353E-002 -0.731331501905262E+001
  0.100000000000000E+001  0.146246606617477E+002  0.803535442273897E+000  0.780109185866228E+000  0.100050033358353E-002 -0.731233033087387E+001
  0.100000000000000E+001  0.146032158393824E+002  0.651010895356549E+000  0.994791000295672E+000  0.100050033358353E-002 -0.730160791969121E+001
  0.100000000000000E+001  0.145994144435115E+002  0.802367688389780E+000  0.782170829869845E+000  0.100050033358353E-002 -0.729970722175577E+001
  0.100000000000000E+001  0.145988796049460E+002  0.651361601754814E+000  0.994396629230687E+000  0.100050033358353E-002 -0.729943980247301E+001
  0.100000000000000E+001  0.145984578603417E+002  0.651395669570700E+000  0.994358300148879E+000  0.100050033358353E-002 -0.729922893017086E+001
  0.100000000000000E+001  0.145962844291420E+002  0.651571299339246E+000  0.994160647022062E+000  0.100050033358353E-002 -0.729814221457100E+001
  0.100000000000000E+001  0.145911540947747E+002  0.651987751394731E+000  0.993691603108339E+000  0.100050033358353E-002 -0.729557704738734E+001
  0.100000000000000E+001  0.145901294515429E+002  0.801927860989691E+000  0.782945152622961E+000  0.100050033358353E-002 -0.729506472577145E+001
  0.100000000000000E+001  0.145845250239051E+002  0.801665535821899E+000  0.783406413754721E+000  0.100050033358353E-002 -0.729226251195254E+001
  0.100000000000000E+001  0.145799343890821E+002  0.652908998661229E+000  0.992652162121949E+000  0.100050033358353E-002 -0.728996719454106E+001
  0.100000000000000E+001  0.145681414585319E+002  0.653876668411490E+000  0.991557586337583E+000  0.100050033358353E-002 -0.728407072926593E+001
  0.100000000000000E+001  0.145644891532380E+002  0.654178888700597E+000  0.991215150857932E+000  0.100050033358353E-002 -0.728224457661898E+001
  0.100000000000000E+001  0.145615374303932E+002  0.800565749471632E+000  0.785335643193357E+000  0.100050033358353E-002 -0.728076871519662E+001
  0.100000000000000E+001  0.145603985413597E+002  0.654519371655490E+000  0.990829029827114E+000  0.100050033358353E-002 -0.728019927067986E+001
  0.100000000000000E+001  0.145472926633260E+002  0.799860765746772E+000  0.786568437656004E+000  0.100050033358353E-002 -0.727364633166302E+001
  0.100000000000000E+001  0.145428381461654E+002  0.799643320179637E+000  0.786948072875105E+000  0.100050033358353E-002 -0.727141907308271E+001
  0.100000000000000E+001  0.145421557286567E+002  0.799610069485277E+000  0.787006099565780E+000  0.100050033358353E-002 -0.727107786432837E+001
  0.100000000000000E+001  0.145343454541600E+002  0.799227723442600E+000  0.787672861606822E+000  0.100050033358353E-002 -0.726717272708000E+001
  0.100000000000000E+001  0.145315157414571E+002  0.656937999325222E+000  0.988076068469536E+000  0.100050033358353E-002 -0.726575787072857E+001
  0.100000000000000E+001  0.145290252784681E+002  0.798962160308800E+000  0.788135449926678E+000  0.100050033358353E-002 -0.726451263923405E+001
  0.100000000000000E+001  0.145277316657105E+002  0.657257453874748E+000  0.987711120661049E+000  0.100050033358353E-002 -0.726386583285525E+001
  0.100000000000000E+001  0.145265511527219E+002  0.657356996453605E+000  0.987597338480241E+000  0.100050033358353E-002 -0.726327557636093E+001
  0.100000000000000E+001  0.145264704757367E+002  0.657363798835812E+000  0.987589561907241E+000  0.100050033358353E-002 -0.726323523786833E+001
  0.100000000000000E+001  0.145263656285439E+002  0.657372639205235E+000  0.987579455268641E+000  0.100050033358353E-002 -0.726318281427193E+001
  0.100000000000000E+001  0.145199534382403E+002  0.657914814858074E+000  0.986959162177355E+000  0.100050033358353E-002 -0.725997671912017E+001
  0.100000000000000E+001  0.145192974010889E+002  0.798462369771847E+000  0.789004890544056E+000  0.100050033358353E-002 -0.725964870054445E+001
  0.100000000000000E+001  0.145161356530692E+002  0.658240311007043E+000  0.986586334900540E+000  0.100050033358353E-002 -0.725806782653459E+001
  0.100000000000000E+001  0.145159572883731E+002  0.798288708880341E+000  0.789306641324551E+000  0.100050033358353E-002 -0.725797864418654E+001
  0.100000000000000E+001  0.145020017719127E+002  0.659452099781263E+000  0.985195473029509E+000  0.100050033358353E-002 -0.725100088595635E+001
  0.100000000000000E+001  0.144979675439678E+002  0.659798359229798E+000  0.984797213514549E+000  0.100050033358353E-002 -0.724898377198390E+001
  0.100000000000000E+001  0.144828212918811E+002  0.661114363416291E+000  0.983280194216495E+000  0.100050033358353E-002 -0.724141064594057E+001
  0.100000000000000E+001  0.144805423555663E+002  0.661312720706840E+000  0.983051073106315E+000  0.100050033358353E-002 -0.724027117778316E+001
  0.100000000000000E+001  0.144772839409720E+002  0.661596444432478E+000  0.982723133452102E+000  0.100050033358353E-002 -0.723864197048601E+001
  0.100000000000000E+001  0.144731092127787E+002  0.661961550752906E+000  0.982300760227938E+000  0.100050033358353E-002 -0.723655460638935E+001
  0.100000000000000E+001  0.144719073489344E+002  0.662067153286734E+000  0.982178516615657E+000  0.100050033358353E-002 -0.723595367446721E+001
  0.100000000000000E+001  0.144623807231053E+002  0.662909401207037E+000  0.981202301597844E+000  0.100050033358353E-002 -0.723119036155266E+001
  0.100000000000000E+001  0.144304553273302E+002  0.665766667378024E+000  0.977874017849150E+000  0.100050033358353E-002 -0.721522766366512E+001
  0.100000000000000E+001  0.144268859830787E+002  0.793486614315352E+000  0.797579746175162E+000  0.100050033358353E-002 -0.721344299153935E+001
  0.100000000000000E+001  0.144166394014389E+002  0.792903976374500E+000  0.798574317575942E+000  0.100050033358353E-002 -0.720831970071947E+001
  0.100000000000000E+001  0.144086825050461E+002  0.667758895438157E+000  0.975538149312446E+000  0.100050033358353E-002 -0.720434125252304E+001
  0.100000000000000E+001  0.144081938780594E+002  0.792403522630993E+000  0.799427029237903E+000  0.100050033358353E-002 -0.720409693902971E+001
  0.100000000000000E+001  0.144007776745242E+002  0.668491911409225E+000  0.974675526165379E+000  0.100050033358353E-002 -0.720038883726208E+001
  0.100000000000000E+001  0.143999167004165E+002  0.791911160309923E+000  0.800264542876544E+000  0.100050033358353E-002 -0.719995835020823E+001
  0.100000000000000E+001  0.143881727960063E+002  0.669669938963813E+000  0.973285619330301E+000  0.100050033358353E-002 -0.719408639800313E+001
  0.100000000000000E+001  0.143802654539843E+002  0.790741340599614E+000  0.802248830975469E+000  0.100050033358353E-002 -0.719013272699213E+001
  0.100000000000000E+001  0.143790832228060E+002  0.790667861537695E+000  0.802373207094050E+000  0.100050033358353E-002 -0.718954161140299E+001
  0.100000000000000E+001  0.143659166345871E+002  0.789845229801690E+000  0.803763553193179E+000  0.100050033358353E-002 -0.718295831729356E+001
  0.100000000000000E+001  0.143644442394033E+002  0.671925517399706E+000  0.970611947971339E+000  0.100050033358353E-002 -0.718222211970165E+001
  0.100000000000000E+001  0.143624172195034E+002  0.672120679704145E+000  0.970379840926004E+000  0.100050033358353E-002 -0.718120860975170E+001
  0.100000000000000E+001  0.143547417904157E+002  0.672863887148312E+000  0.969494815862038E+000  0.100050033358353E-002 -0.717737089520787E+001
  0.100000000000000E+001  0.143530238310958E+002  0.789046743748889E+000  0.805109413189853E+000  0.100050033358353E-002 -0.717651191554792E+001
  0.100000000000000E+001  0.143507360584397E+002  0.673253487197444E+000  0.969030158931161E+000  0.100050033358353E-002 -0.717536802921983E+001
  0.100000000000000E+001  0.143505325269246E+002  0.673273303648842E+000  0.969006511673570E+000  0.100050033358353E-002 -0.717526626346232E+001
  0.100000000000000E+001  0.143493136087833E+002  0.673392035645760E+000  0.968864800397649E+000  0.100050033358353E-002 -0.717465680439163E+001
  0.100000000000000E+001  0.143486225390035E+002  0.673459395332016E+000  0.968784383653583E+000  0.100050033358353E-002 -0.717431126950175E+001
  0.100000000000000E+001  0.143472332497125E+002  0.673594976174148E+000  0.968622477070736E+000  0.100050033358353E-002 -0.717361662485623E+001
  0.100000000000000E+001  0.143406859837435E+002  0.788241390513552E+000  0.806463197428455E+000  0.100050033358353E-002 -0.717034299187174E+001
  0.100000000000000E+001  0.143371116721886E+002  0.674590597214851E+000  0.967431706421263E+000  0.100050033358353E-002 -0.716855583609429E+001
  0.100000000000000E+001  0.143351736766948E+002  0.674780775662374E+000  0.967203884502951E+000  0.100050033358353E-002 -0.716758683834741E+001
  0.100000000000000E+001  0.143315992371717E+002  0.675127652492412E+000  0.966788043958528E+000  0.100050033358353E-002 -0.716579961858585E+001
  0.100000000000000E+001  0.143301202524907E+002  0.675271963233173E+000  0.966614926659546E+000  0.100050033358353E-002 -0.716506012624533E+001
  0.100000000000000E+001  0.143207133890766E+002  0.676226215719095E+000  0.965468477547875E+000  0.100050033358353E-002 -0.716035669453832E+001
  0.100000000000000E+001  0.143172283797042E+002  0.786697815125356E+000  0.809047739608628E+000  0.100050033358353E-002 -0.715861418985210E+001
  0.100000000000000E+001  0.143151698256889E+002  0.676786348118439E+000  0.964794138961762E+000  0.100050033358353E-002 -0.715758491284443E+001
  0.100000000000000E+001  0.143019057680733E+002  0.678140404336284E+000  0.963159741194413E+000  0.100050033358353E-002 -0.715095288403664E+001
  0.100000000000000E+001  0.142927221198029E+002  0.679090952714850E+000  0.962008778502998E+000  0.100050033358353E-002 -0.714636105990145E+001
  0.100000000000000E+001  0.142918830161529E+002  0.784948821837198E+000  0.811960198447003E+000  0.100050033358353E-002 -0.714594150807645E+001
  0.100000000000000E+001  0.142891380482615E+002  0.784752012039909E+000  0.812286871565471E+000  0.100050033358353E-002 -0.714456902413077E+001
  0.100000000000000E+001  0.142875910497691E+002  0.679626637648557E+000  0.961358831090441E+000  0.100050033358353E-002 -0.714379552488453E+001
  0.100000000000000E+001  0.142844378613123E+002  0.784407504710341E+000  0.812858186158340E+000  0.100050033358353E-002 -0.714221893065617E+001
  0.100000000000000E+001  0.142762570727975E+002  0.783812213384226E+000  0.813843853440356E+000  0.100050033358353E-002 -0.713812853639873E+001
  0.100000000000000E+001  0.142755263682589E+002  0.783759664885992E+000  0.813930768570911E+000  0.100050033358353E-002 -0.713776318412944E+001
  0.100000000000000E+001  0.142741358080496E+002  0.783659850113462E+000  0.814095820446873E+000  0.100050033358353E-002 -0.713706790402479E+001
  0.100000000000000E+001  0.142680265115364E+002  0.681702748386215E+000  0.958830863587114E+000  0.100050033358353E-002 -0.713401325576818E+001
  0.100000000000000E+001  0.142672529009781E+002  0.783162755464028E+000  0.814916996551542E+000  0.100050033358353E-002 -0.713362645048903E+001
  0.100000000000000E+001  0.142622131228052E+002  0.682330363531789E+000  0.958063816608446E+000  0.100050033358353E-002 -0.713110656140258E+001
  0.100000000000000E+001  0.142549901293450E+002  0.782227349822049E+000  0.816458592276754E+000  0.100050033358353E-002 -0.712749506467252E+001
  0.100000000000000E+001  0.142519040226181E+002  0.781989397957407E+000  0.816849991254311E+000  0.100050033358353E-002 -0.712595201130905E+001
  0.100000000000000E+001  0.142508447594526E+002  0.683572599898430E+000  0.956541704408685E+000  0.100050033358353E-002 -0.712542237972628E+001
  0.100000000000000E+001  0.142491739142536E+002  0.683757104390868E+000  0.956315188034666E+000  0.100050033358353E-002 -0.712458695712682E+001
  0.100000000000000E+001  0.142433089521093E+002  0.781335736558866E+000  0.817923600945129E+000  0.100050033358353E-002 -0.712165447605466E+001
  0.100000000000000E+001  0.142419427568811E+002  0.684831960835876E+000  0.954993300127809E+000  0.100050033358353E-002 -0.712097137844054E+001
  0.100000000000000E+001  0.142390907221740E+002  0.781008626926156E+000  0.818459998596394E+000  0.100050033358353E-002 -0.711954536108701E+001
  0.100000000000000E+001  0.142386609980221E+002  0.684926925028163E+000  0.954876322672019E+000  0.100050033358353E-002 -0.711933049901106E+001
  0.100000000000000E+001  0.142379949575081E+002  0.685001730391042E+000  0.954784155468333E+000  0.100050033358353E-002 -0.711899747875403E+001
  0.100000000000000E+001  0.142338510161436E+002  0.685469375071236E+000  0.954207543398112E+000  0.100050033358353E-002 -0.711692550807180E+001
  0.100000000000000E+001  0.142321433967619E+002  0.780446556779264E+000  0.819380342980236E+000  0.100050033358353E-002 -0.711607169838096E+001
  0.100000000000000E+001  0.142297011864059E+002  0.780245629527108E+000  0.819708933764802E+000  0.100050033358353E-002 -0.711485059320294E+001
  0.100000000000000E+001  0.142222671357284E+002  0.686791450181046E+000  0.952573386008489E+000  0.100050033358353E-002 -0.711113356786421E+001
  0.100000000000000E+001  0.142157368111530E+002  0.687549190864916E+000  0.951634089697901E+000  0.100050033358353E-002 -0.710786840557651E+001
  0.100000000000000E+001  0.142143873415492E+002  0.687707022812558E+000  0.951438193893430E+000  0.100050033358353E-002 -0.710719367077459E+001
  0.100000000000000E+001  0.142111901545327E+002  0.778730891591723E+000  0.822179152506866E+000  0.100050033358353E-002 -0.710559507726634E+001
  0.100000000000000E+001  0.142094810219780E+002  0.688282949566317E+000  0.950722648528763E+000  0.100050033358353E-002 -0.710474051098902E+001
  0.100000000000000E+001  0.142077592125732E+002  0.688485670924570E+000  0.950470511802040E+000  0.100050033358353E-002 -0.710387960628658E+001
  0.100000000000000E+001  0.142065674854599E+002  0.688626310678768E+000  0.950295506750904E+000  0.100050033358353E-002 -0.710328374272996E+001
  0.100000000000000E+001  0.142050772128259E+002  0.778198741867779E+000  0.823044080353560E+000  0.100050033358353E-002 -0.710253860641294E+001
  0.100000000000000E+001  0.142044123074222E+002  0.688881691631168E+000  0.949977549663908E+000  0.100050033358353E-002 -0.710220615371108E+001
  0.100000000000000E+001  0.142044072639931E+002  0.688882291091247E+000  0.949976803053888E+000  0.100050033358353E-002 -0.710220363199654E+001
  0.100000000000000E+001  0.142015715467750E+002  0.777895844793168E+000  0.823535723708814E+000  0.100050033358353E-002 -0.710078577338752E+001
  0.100000000000000E+001  0.142009511191295E+002  0.689295147146313E+000  0.949462309064704E+000  0.100050033358353E-002 -0.710047555956473E+001
  0.100000000000000E+001  0.141997723608653E+002  0.689436803915895E+000  0.949285643566434E+000  0.100050033358353E-002 -0.709988618043267E+001
  0.100000000000000E+001  0.141984878727788E+002  0.777632760032706E+000  0.823962352995150E+000  0.100050033358353E-002 -0.709924393638941E+001
  0.100000000000000E+001  0.141976496427128E+002  0.689692752928114E+000  0.948966264412331E+000  0.100050033358353E-002 -0.709882482135639E+001
  0.100000000000000E+001  0.141926113985357E+002  0.777127994704769E+000  0.824779880193467E+000  0.100050033358353E-002 -0.709630569926787E+001
  0.100000000000000E+001  0.141925873852378E+002  0.690305751702493E+000  0.948200430458072E+000  0.100050033358353E-002 -0.709629369261892E+001
  0.100000000000000E+001  0.141915207193256E+002  0.777031967053441E+000  0.824935256556511E+000  0.100050033358353E-002 -0.709576035966282E+001
  0.100000000000000E+001  0.141895312359689E+002  0.776854018592948E+000  0.825223055808541E+000  0.100050033358353E-002 -0.709476561798447E+001
  0.100000000000000E+001  0.141892249994577E+002  0.776826303879425E+000  0.825267864349944E+000  0.100050033358353E-002 -0.709461249972883E+001
  0.100000000000000E+001  0.141876868656320E+002  0.690903082426222E+000  0.947452920185587E+000  0.100050033358353E-002 -0.709384343281600E+001
  0.100000000000000E+001  0.141863479323336E+002  0.776562395179734E+000  0.825694344285049E+000  0.100050033358353E-002 -0.709317396616681E+001
  0.100000000000000E+001  0.141840937354521E+002  0.691335088302592E+000  0.946911529364055E+000  0.100050033358353E-002 -0.709204686772607E+001
  0.100000000000000E+001  0.141777145133299E+002  0.775766551693268E+000  0.826978230362425E+000  0.100050033358353E-002 -0.708885725666493E+001
  0.100000000000000E+001  0.141735100369943E+002  0.775385549436832E+000  0.827591707935975E+000  0.100050033358353E-002 -0.708675501849715E+001
  0.100000000000000E+001  0.141714165864248E+002  0.775193432578995E+000  0.827900761705859E+000  0.100050033358353E-002 -0.708570829321241E+001
  0.100000000000000E+001  0.141692962754002E+002  0.774994985499140E+000  0.828219797300183E+000  0.100050033358353E-002 -0.708464813770008E+001
  0.100000000000000E+001  0.141686265529518E+002  0.693292282484858E+000  0.944450629058115E+000  0.100050033358353E-002 -0.708431327647588E+001
  0.100000000000000E+001  0.141675733902456E+002  0.693427716326839E+000  0.944279844784311E+000  0.100050033358353E-002 -0.708378669512279E+001
  0.100000000000000E+001  0.141627582254513E+002  0.774356573217812E+000  0.829244761845743E+000  0.100050033358353E-002 -0.708137911272565E+001
  0.100000000000000E+001  0.141571568484898E+002  0.694778655270961E+000  0.942572765605741E+000  0.100050033358353E-002 -0.707857842424490E+001
  0.100000000000000E+001  0.141566343204543E+002  0.773756215085815E+000  0.830206707035623E+000  0.100050033358353E-002 -0.707831716022713E+001
  0.100000000000000E+001  0.141529747543944E+002  0.773402731413092E+000  0.830772219337361E+000  0.100050033358353E-002 -0.707648737719721E+001
  0.100000000000000E+001  0.141506006854599E+002  0.773170274762841E+000  0.831143759036456E+000  0.100050033358353E-002 -0.707530034272996E+001
  0.100000000000000E+001  0.141504091903625E+002  0.695674891186921E+000  0.941436715120473E+000  0.100050033358353E-002 -0.707520459518127E+001
  0.100000000000000E+001  0.141463333605093E+002  0.696222801070570E+000  0.940740797622466E+000  0.100050033358353E-002 -0.707316668025463E+001
  0.100000000000000E+001  0.141450704136520E+002  0.696384192645133E+000  0.940535606432755E+000  0.100050033358353E-002 -0.707253520682601E+001
  0.100000000000000E+001  0.141428520754067E+002  0.696692216105309E+000  0.940143732959020E+000  0.100050033358353E-002 -0.707142603770333E+001
  0.100000000000000E+001  0.141425257007899E+002  0.772334352220046E+000  0.832477537691391E+000  0.100050033358353E-002 -0.707126285039497E+001
  0.100000000000000E+001  0.141412823372515E+002  0.772203749549025E+000  0.832685601135979E+000  0.100050033358353E-002 -0.707064116862573E+001
  0.100000000000000E+001  0.141410240523137E+002  0.772175268949734E+000  0.832730962073722E+000  0.100050033358353E-002 -0.707051202615685E+001
  0.100000000000000E+001  0.141367679015559E+002  0.697529266166241E+000  0.939077118990225E+000  0.100050033358353E-002 -0.706838395077795E+001
  0.100000000000000E+001  0.141356355823260E+002  0.697688421307874E+000  0.938874032870131E+000  0.100050033358353E-002 -0.706781779116299E+001
  0.100000000000000E+001  0.141345006721145E+002  0.697845919683356E+000  0.938672971945470E+000  0.100050033358353E-002 -0.706725033605726E+001
  0.100000000000000E+001  0.141338022762908E+002  0.697943598158964E+000  0.938548232088402E+000  0.100050033358353E-002 -0.706690113814541E+001
  0.100000000000000E+001  0.141323993430068E+002  0.698139799118210E+000  0.938297571657232E+000  0.100050033358353E-002 -0.706619967150339E+001
  0.100000000000000E+001  0.141312488635029E+002  0.698300674270234E+000  0.938091939851807E+000  0.100050033358353E-002 -0.706562443175145E+001
  0.100000000000000E+001  0.141309916466084E+002  0.698336652779173E+000  0.938045939204677E+000  0.100050033358353E-002 -0.706549582330419E+001
  0.100000000000000E+001  0.141308243200757E+002  0.771115150352851E+000  0.834416466873478E+000  0.100050033358353E-002 -0.706541216003784E+001
  0.100000000000000E+001  0.141289983355474E+002  0.770915074051928E+000  0.834733931216009E+000  0.100050033358353E-002 -0.706449916777371E+001
  0.100000000000000E+001  0.141287801910020E+002  0.698648771636127E+000  0.937646682608464E+000  0.100050033358353E-002 -0.706439009550098E+001
  0.100000000000000E+001  0.141287571359296E+002  0.770888618441093E+000  0.834775893564201E+000  0.100050033358353E-002 -0.706437856796478E+001
  0.100000000000000E+001  0.141232636244000E+002  0.770268831544806E+000  0.835757949012045E+000  0.100050033358353E-002 -0.706163181220002E+001
  0.100000000000000E+001  0.141198999498923E+002  0.769889628739364E+000  0.836357840206448E+000  0.100050033358353E-002 -0.705994997494613E+001
  0.100000000000000E+001  0.141159908234908E+002  0.700495374380997E+000  0.935277395720830E+000  0.100050033358353E-002 -0.705799541174542E+001
  0.100000000000000E+001  0.141138894775271E+002  0.700803853875435E+000  0.934880404577791E+000  0.100050033358353E-002 -0.705694473876354E+001
  0.100000000000000E+001  0.141130242367766E+002  0.700932013718092E+000  0.934715370997664E+000  0.100050033358353E-002 -0.705651211838831E+001
  0.100000000000000E+001  0.141037834323199E+002  0.768009414014980E+000  0.839321621937089E+000  0.100050033358353E-002 -0.705189171615994E+001
  0.100000000000000E+001  0.141015998510638E+002  0.767747351468316E+000  0.839733306306122E+000  0.100050033358353E-002 -0.705079992553190E+001
  0.100000000000000E+001  0.140989054544128E+002  0.767426203154880E+000  0.840237344351655E+000  0.100050033358353E-002 -0.704945272720640E+001
  0.100000000000000E+001  0.140987275863568E+002  0.767404888550682E+000  0.840270779182622E+000  0.100050033358353E-002 -0.704936379317840E+001
  0.100000000000000E+001  0.140979153136371E+002  0.703240887356634E+000  0.931732002559066E+000  0.100050033358353E-002 -0.704895765681856E+001
  0.100000000000000E+001  0.140928096614079E+002  0.704056041791946E+000  0.930674081794269E+000  0.100050033358353E-002 -0.704640483070395E+001
  0.100000000000000E+001  0.140927411203246E+002  0.704067004078818E+000  0.930659838207522E+000  0.100050033358353E-002 -0.704637056016229E+001
  0.100000000000000E+001  0.140899236611291E+002  0.704517434008632E+000  0.930074202281035E+000  0.100050033358353E-002 -0.704496183056453E+001
  0.100000000000000E+001  0.140834105765239E+002  0.765434615828579E+000  0.843351697622552E+000  0.100050033358353E-002 -0.704170528826193E+001
  0.100000000000000E+001  0.140821548826300E+002  0.765271126308974E+000  0.843606485757111E+000  0.100050033358353E-002 -0.704107744131502E+001
  0.100000000000000E+001  0.140757945807984E+002  0.706874716522801E+000  0.926997165938798E+000  0.100050033358353E-002 -0.703789729039918E+001
  0.100000000000000E+001  0.140757654374948E+002  0.764382984759964E+000  0.844988307008860E+000  0.100050033358353E-002 -0.703788271874738E+001
  0.100000000000000E+001  0.140720773849546E+002  0.707525945605869E+000  0.926143476822385E+000  0.100050033358353E-002 -0.703603869247730E+001
  0.100000000000000E+001  0.140712828807002E+002  0.707667541835042E+000  0.925957651583293E+000  0.100050033358353E-002 -0.703564144035009E+001
  0.100000000000000E+001  0.140683842898487E+002  0.764063411250262E+000  0.845484573171186E+000  0.100050033358353E-002 -0.703419214492436E+001
  0.100000000000000E+001  0.140671793262852E+002  0.763144275629144E+000  0.846909124777504E+000  0.100050033358353E-002 -0.703358966314258E+001
  0.100000000000000E+001  0.140660530236760E+002  0.763229209949939E+000  0.846777658967902E+000  0.100050033358353E-002 -0.703302651183802E+001
  0.100000000000000E+001  0.140649670055730E+002  0.708794035936416E+000  0.924476628107193E+000  0.100050033358353E-002 -0.703248350278652E+001
  0.100000000000000E+001  0.140647233405612E+002  0.708838142626109E+000  0.924418543958861E+000  0.100050033358353E-002 -0.703236167028059E+001
  0.100000000000000E+001  0.140645410712302E+002  0.708871226052429E+000  0.924374971590264E+000  0.100050033358353E-002 -0.703227053561512E+001
  0.100000000000000E+001  0.140624701067122E+002  0.709252940328986E+000  0.923871940810984E+000  0.100050033358353E-002 -0.703123505335609E+001
  0.100000000000000E+001  0.140619807598701E+002  0.709344601747181E+000  0.923751066419361E+000  0.100050033358353E-002 -0.703099037993504E+001
  0.100000000000000E+001  0.140572906708071E+002  0.761641786029126E+000  0.849228980971189E+000  0.100050033358353E-002 -0.702864533540357E+001
  0.100000000000000E+001  0.140561579033941E+002  0.710445522567255E+000  0.922296816120059E+000  0.100050033358353E-002 -0.702807895169705E+001
  0.100000000000000E+001  0.140525650641534E+002  0.760889489487474E+000  0.850386442358182E+000  0.100050033358353E-002 -0.702628253207669E+001
  0.100000000000000E+001  0.140492640804105E+002  0.711801369449152E+000  0.920499559143487E+000  0.100050033358353E-002 -0.702463204020525E+001
  0.100000000000000E+001  0.140483849258735E+002  0.711979443550769E+000  0.920262995492487E+000  0.100050033358353E-002 -0.702419246293674E+001
  0.100000000000000E+001  0.140478385790212E+002  0.760087325354011E+000  0.851617638154832E+000  0.100050033358353E-002 -0.702391928951061E+001
  0.100000000000000E+001  0.140427350206648E+002  0.713132127109043E+000  0.918728798734476E+000  0.100050033358353E-002 -0.702136751033241E+001
  0.100000000000000E+001  0.140418269043591E+002  0.713326263089000E+000  0.918469911345363E+000  0.100050033358353E-002 -0.702091345217955E+001
  0.100000000000000E+001  0.140406591135439E+002  0.758853289388240E+000  0.853505693420706E+000  0.100050033358353E-002 -0.702032955677197E+001
  0.100000000000000E+001  0.140397680857234E+002  0.713773807384492E+000  0.917872547870085E+000  0.100050033358353E-002 -0.701988404286170E+001
  0.100000000000000E+001  0.140393997042075E+002  0.713854161382672E+000  0.917765213838380E+000  0.100050033358353E-002 -0.701969985210377E+001
  0.100000000000000E+001  0.140363232438867E+002  0.758024969436364E+000  0.854768954281882E+000  0.100050033358353E-002 -0.701816162194333E+001
  0.100000000000000E+001  0.140344487500230E+002  0.714933122397110E+000  0.916321585723566E+000  0.100050033358353E-002 -0.701722437501150E+001
  0.100000000000000E+001  0.140321667349208E+002  0.757246985435198E+000  0.855952496727062E+000  0.100050033358353E-002 -0.701608336746041E+001
  0.100000000000000E+001  0.140321005433326E+002  0.715473972417296E+000  0.915596261136311E+000  0.100050033358353E-002 -0.701605027166632E+001
  0.100000000000000E+001  0.140319655696543E+002  0.715505754182418E+000  0.915553604216482E+000  0.100050033358353E-002 -0.701598278482716E+001
  0.100000000000000E+001  0.140318539728797E+002  0.715532063300819E+000  0.915518289648541E+000  0.100050033358353E-002 -0.701592698643986E+001
  0.100000000000000E+001  0.140297603318042E+002  0.716026525376084E+000  0.914854080963524E+000  0.100050033358353E-002 -0.701488016590208E+001
  0.100000000000000E+001  0.140291862515562E+002  0.716161205218943E+000  0.914673003003109E+000  0.100050033358353E-002 -0.701459312577809E+001
  0.100000000000000E+001  0.140285370689852E+002  0.756506007121016E+000  0.857077095317073E+000  0.100050033358353E-002 -0.701426853449259E+001
  0.100000000000000E+001  0.140281004207900E+002  0.756411519647488E+000  0.857220315824759E+000  0.100050033358353E-002 -0.701405021039500E+001
  0.100000000000000E+001  0.140278807081412E+002  0.716466402437018E+000  0.914262404457897E+000  0.100050033358353E-002 -0.701394035407059E+001
  0.100000000000000E+001  0.140236696155539E+002  0.717498780721173E+000  0.912870821377849E+000  0.100050033358353E-002 -0.701183480777694E+001
  0.100000000000000E+001  0.140233431338708E+002  0.755407233305540E+000  0.858739995073757E+000  0.100050033358353E-002 -0.701167156693539E+001
  0.100000000000000E+001  0.140219978848379E+002  0.755119792725921E+000  0.859174082322618E+000  0.100050033358353E-002 -0.701099894241896E+001
  0.100000000000000E+001  0.140213068834758E+002  0.754965945441966E+000  0.859406261616778E+000  0.100050033358353E-002 -0.701065344173788E+001
  0.100000000000000E+001  0.140210265650271E+002  0.718180148588012E+000  0.911950116154275E+000  0.100050033358353E-002 -0.701051328251357E+001
  0.100000000000000E+001  0.140209250062884E+002  0.754878597300029E+000  0.859538034481908E+000  0.100050033358353E-002 -0.701046250314422E+001
  0.100000000000000E+001  0.140204346580245E+002  0.754764039711258E+000  0.859710801630470E+000  0.100050033358353E-002 -0.701021732901224E+001
  0.100000000000000E+001  0.140199400450958E+002  0.754641140332955E+000  0.859896081499321E+000  0.100050033358353E-002 -0.700997002254792E+001
  0.100000000000000E+001  0.140199125951139E+002  0.754639330813290E+000  0.859898808959967E+000  0.100050033358353E-002 -0.700995629755696E+001
  0.100000000000000E+001  0.140186760032378E+002  0.754337226577141E+000  0.860353953074762E+000  0.100050033358353E-002 -0.700933800161889E+001
  0.100000000000000E+001  0.140181260917162E+002  0.718928890309905E+000  0.910936288726735E+000  0.100050033358353E-002 -0.700906304585809E+001
  0.100000000000000E+001  0.140165102214272E+002  0.719364285447523E+000  0.910345740078688E+000  0.100050033358353E-002 -0.700825511071361E+001
  0.100000000000000E+001  0.140154142984939E+002  0.719686112232592E+000  0.909908753633199E+000  0.100050033358353E-002 -0.700770714924693E+001
  0.100000000000000E+001  0.140141439368974E+002  0.720048677853125E+000  0.909415964880404E+000  0.100050033358353E-002 -0.700707196844869E+001
  0.100000000000000E+001  0.140138411751624E+002  0.720134292470717E+000  0.909299524741674E+000  0.100050033358353E-002 -0.700692058758122E+001
  0.100000000000000E+001  0.140137716386747E+002  0.720153915362506E+000  0.909272832581895E+000  0.100050033358353E-002 -0.700688581933734E+001
  0.100000000000000E+001  0.140117726098573E+002  0.752643051402078E+000  0.862898549144104E+000  0.100050033358353E-002 -0.700588630492867E+001
  0.100000000000000E+001  0.140115105268380E+002  0.720794500632672E+000  0.908400641985699E+000  0.100050033358353E-002 -0.700575526341900E+001
  0.100000000000000E+001  0.140099739187068E+002  0.721257268307814E+000  0.907769555021173E+000  0.100050033358353E-002 -0.700498695935341E+001
  0.100000000000000E+001  0.140089273670953E+002  0.751850217542735E+000  0.864084826303865E+000  0.100050033358353E-002 -0.700446368354764E+001
  0.100000000000000E+001  0.140086117675746E+002  0.721691017756286E+000  0.907177274181813E+000  0.100050033358353E-002 -0.700430588378731E+001
  0.100000000000000E+001  0.140079795075488E+002  0.751595588740449E+000  0.864465204170633E+000  0.100050033358353E-002 -0.700398975377442E+001
  0.100000000000000E+001  0.140073131232612E+002  0.722105949675127E+000  0.906609992828640E+000  0.100050033358353E-002 -0.700365656163062E+001
  0.100000000000000E+001  0.140039620700101E+002  0.750707587362291E+000  0.865789433159074E+000  0.100050033358353E-002 -0.700198103500506E+001
  0.100000000000000E+001  0.140033872980462E+002  0.723398095111104E+000  0.904839042106274E+000  0.100050033358353E-002 -0.700169364902311E+001
  0.100000000000000E+001  0.140032396612411E+002  0.750167915476766E+000  0.866592464903009E+000  0.100050033358353E-002 -0.700161983062056E+001
  0.100000000000000E+001  0.140007696271237E+002  0.749384410659508E+000  0.867755971446656E+000  0.100050033358353E-002 -0.700038481356185E+001
  0.100000000000000E+001  0.140007139460497E+002  0.749366675139856E+000  0.867782276617504E+000  0.100050033358353E-002 -0.700035697302484E+001
  0.100000000000000E+001  0.140004178655240E+002  0.749271422643809E+000  0.867923530015778E+000  0.100050033358353E-002 -0.700020893276198E+001
  0.100000000000000E+001  0.140004096829623E+002  0.724477365284099E+000  0.903354753700695E+000  0.100050033358353E-002 -0.700020484148115E+001
  0.100000000000000E+001  0.140003168965253E+002  0.724510615352400E+000  0.903308951969657E+000  0.100050033358353E-002 -0.700015844826263E+001
  0.100000000000000E+001  0.139985782505870E+002  0.725168434420892E+000  0.902401900355900E+000  0.100050033358353E-002 -0.699928912529351E+001
  0.100000000000000E+001  0.139979198757285E+002  0.748355993516612E+000  0.869278968931832E+000  0.100050033358353E-002 -0.699895993786426E+001
  0.100000000000000E+001  0.139978835643589E+002  0.748342226470331E+000  0.869299324472810E+000  0.100050033358353E-002 -0.699894178217945E+001
  0.100000000000000E+001  0.139978616105485E+002  0.748334941045097E+000  0.869310096139287E+000  0.100050033358353E-002 -0.699893080527423E+001
  0.100000000000000E+001  0.139945759917628E+002  0.726860045074272E+000  0.900061387636771E+000  0.100050033358353E-002 -0.699728799588138E+001
  0.100000000000000E+001  0.139940816708364E+002  0.727086854692052E+000  0.899746695637270E+000  0.100050033358353E-002 -0.699704083541819E+001
  0.100000000000000E+001  0.139939626559886E+002  0.746801176786318E+000  0.871572508410496E+000  0.100050033358353E-002 -0.699698132799428E+001
  0.100000000000000E+001  0.139929187320938E+002  0.746294217036894E+000  0.872318001647896E+000  0.100050033358353E-002 -0.699645936604691E+001
  0.100000000000000E+001  0.139929134586703E+002  0.727676537912432E+000  0.898927551165124E+000  0.100050033358353E-002 -0.699645672933516E+001
  0.100000000000000E+001  0.139927297574192E+002  0.727772277936697E+000  0.898794423035422E+000  0.100050033358353E-002 -0.699636487870960E+001
  0.100000000000000E+001  0.139919001758851E+002  0.745802078192365E+000  0.873040607895376E+000  0.100050033358353E-002 -0.699595008794255E+001
  0.100000000000000E+001  0.139915272982670E+002  0.745633703700088E+000  0.873287585104902E+000  0.100050033358353E-002 -0.699576364913351E+001
  0.100000000000000E+001  0.139908994054548E+002  0.728697957439275E+000  0.897505326803546E+000  0.100050033358353E-002 -0.699544970272741E+001
  0.100000000000000E+001  0.139907428767729E+002  0.728779822834003E+000  0.897391153442992E+000  0.100050033358353E-002 -0.699537143838645E+001
  0.100000000000000E+001  0.139907022760036E+002  0.745247134863988E+000  0.873854141993044E+000  0.100050033358353E-002 -0.699535113800179E+001
  0.100000000000000E+001  0.139906965208999E+002  0.728804435569490E+000  0.897356822007014E+000  0.100050033358353E-002 -0.699534826044996E+001
  0.100000000000000E+001  0.139906064902399E+002  0.745200039120776E+000  0.873923120540530E+000  0.100050033358353E-002 -0.699530324511993E+001
  0.100000000000000E+001  0.139897619154275E+002  0.740468429840991E+000  0.880803670641535E+000  0.100050033358353E-002 -0.699488095771374E+001
  0.100000000000000E+001  0.139891266189767E+002  0.729770266151075E+000  0.896007663576345E+000  0.100050033358353E-002 -0.699456330948834E+001
  0.100000000000000E+001  0.139874965953761E+002  0.743326440793532E+000  0.876659349072147E+000  0.100050033358353E-002 -0.699374829768803E+001
  0.100000000000000E+001  0.139867701249755E+002  0.731384448953707E+000  0.893744281020812E+000  0.100050033358353E-002 -0.699338506248777E+001
  0.100000000000000E+001  0.139866226089008E+002  0.742689129224143E+000  0.877586577147470E+000  0.100050033358353E-002 -0.699331130445040E+001
  0.100000000000000E+001  0.139858091087575E+002  0.732250161833709E+000  0.892525961301018E+000  0.100050033358353E-002 -0.699290455437873E+001
  0.100000000000000E+001  0.139852975714656E+002  0.732688461038013E+000  0.891907956954982E+000  0.100050033358353E-002 -0.699264878573281E+001
  0.100000000000000E+001  0.139851429226761E+002  0.741372187978718E+000  0.879496992125822E+000  0.100050033358353E-002 -0.699257146133803E+001
  0.100000000000000E+001  0.139849699044777E+002  0.741210073820596E+000  0.879731641471407E+000  0.100050033358353E-002 -0.699248495223883E+001
  0.100000000000000E+001  0.139848627873318E+002  0.733154380676664E+000  0.891250131815594E+000  0.100050033358353E-002 -0.699243139366588E+001
  0.100000000000000E+001  0.139847802081357E+002  0.733241915539405E+000  0.891126441746518E+000  0.100050033358353E-002 -0.699239010406783E+001
  0.100000000000000E+001  0.139843594828785E+002  0.740170211597249E+000  0.881234068368595E+000  0.100050033358353E-002 -0.699217974143927E+001
  0.100000000000000E+001  0.139842159023797E+002  0.734080357256471E+000  0.889940071797135E+000  0.100050033358353E-002 -0.699210795118984E+001
  0.100000000000000E+001  0.139842151551547E+002  0.740149636355037E+000  0.881263749046645E+000  0.100050033358353E-002 -0.699210757757734E+001
  0.100000000000000E+001  0.139841978375512E+002  0.740149145689690E+000  0.881264456830385E+000  0.100050033358353E-002 -0.699209891877559E+001
  0.100000000000000E+001  0.139841446194447E+002  0.740359868065102E+000  0.880960394741318E+000  0.100050033358353E-002 -0.699207230972237E+001
  0.100000000000000E+001  0.139839324258210E+002  0.734445359109553E+000  0.889422686579472E+000  0.100050033358353E-002 -0.699196621291049E+001
  0.100000000000000E+001  0.139836749974839E+002  0.739244912639461E+000  0.882567050724226E+000  0.100050033358353E-002 -0.699183749874193E+001
  0.100000000000000E+001  0.139835418989272E+002  0.735097874941730E+000  0.888496361706421E+000  0.100050033358353E-002 -0.699177094946360E+001
  0.100000000000000E+001  0.139834968127766E+002  0.738455899071504E+000  0.883700798132060E+000  0.100050033358353E-002 -0.699174840638832E+001
  0.100000000000000E+001  0.139834783764897E+002  0.735277985133296E+000  0.888240358466607E+000  0.100050033358353E-002 -0.699173918824486E+001
  0.100000000000000E+001  0.139834064775590E+002  0.735586620504415E+000  0.887801355839000E+000  0.100050033358353E-002 -0.699170323877952E+001
  0.100000000000000E+001  0.139833554387572E+002  0.735850048334805E+000  0.887426338755053E+000  0.100050033358353E-002 -0.699167771937860E+001
  0.100000000000000E+001  0.139833528557031E+002  0.738575516886599E+000  0.883529088586833E+000  0.100050033358353E-002 -0.699167642785154E+001
  0.100000000000000E+001  0.139833337607104E+002  0.736522362302049E+000  0.886467900877503E+000  0.100050033358353E-002 -0.699166688035521E+001
  0.100000000000000E+001  0.139833264096233E+002  0.739757949568184E+000  0.881828426421453E+000  0.100050033358353E-002 -0.699166320481165E+001
  0.100000000000000E+001  0.139832806119823E+002  0.736208821266743E+000  0.886915116753915E+000  0.100050033358353E-002 -0.699164030599116E+001
  0.100000000000000E+001  0.139832771360654E+002  0.738125145963605E+000  0.884175270901871E+000  0.100050033358353E-002 -0.699163856803271E+001
  0.100000000000000E+001  0.139832570830856E+002  0.737743002062994E+000  0.884722883651256E+000  0.100050033358353E-002 -0.699162854154279E+001
  0.100000000000000E+001  0.139832493663877E+002  0.738024571782925E+000  0.884319454224613E+000  0.100050033358353E-002 -0.699162468319383E+001
  0.100000000000000E+001  0.139830793382452E+002  0.736874327394322E+000  0.885965383282401E+000  0.100050033358353E-002 -0.699153966912260E+001
