  0.837643967471803E+000  0.882582775684602E+001  0.445111687111099E-002  0.151362808322644E+000 -0.693147180559945E+000 -0.441291387842301E+001
  0.837643967471803E+000  0.883768886422761E+001 -0.217917980216531E-003  0.130351368553864E+000 -0.693147180559945E+000 -0.441884443211380E+001
  0.837643967471803E+000  0.995158858462063E+001  0.591253555002513E-002  0.158617613556546E+000 -0.693147180559945E+000 -0.497579429231031E+001
  0.837643967471803E+000  0.104472162669520E+002  0.782307103795254E-002  0.140093428207887E+000 -0.693147180559945E+000 -0.522360813347600E+001
  0.837643967471803E+000  0.109899779161792E+002  0.232500993588485E-001  0.120711926213992E+000 -0.693147180559945E+000 -0.549498895808962E+001
  0.837643967471803E+000  0.111397957330907E+002  0.648000979580197E-001  0.133717906663115E+000 -0.693147180559945E+000 -0.556989786654537E+001
  0.837643967471803E+000  0.211631290114011E+002  0.801913871932847E-004  0.168174553473384E+000 -0.693147180559945E+000 -0.105815645057006E+002
  0.837643967471803E+000  0.212463725953477E+002 -0.338338029943508E-002  0.142079289632994E+000 -0.693147180559945E+000 -0.106231862976739E+002
  0.837643967471803E+000  0.207715324040911E+002  0.191919172420369E-001  0.104413336286644E+000 -0.693147180559945E+000 -0.103857662020456E+002
  0.837643967471803E+000  0.155245341174752E+002 -0.277398501619562E-001  0.179953029824320E+000 -0.693147180559945E+000 -0.776226705873761E+001
  0.837643967471803E+000  0.194889905846802E+002 -0.474185440563504E-001  0.962888062146870E-001 -0.693147180559945E+000 -0.974449529234009E+001
  0.837643967471803E+000  0.192830816546207E+002 -0.310764606382208E-001  0.965983517052846E-001 -0.693147180559945E+000 -0.964154082731035E+001
  0.837643967471803E+000  0.189816474211367E+002 -0.272173262344948E-001  0.128198790361666E+000 -0.693147180559945E+000 -0.949082371056836E+001
  0.837643967471803E+000  0.173359979346130E+002  0.256731857747599E-001  0.134244781512032E+000 -0.693147180559945E+000 -0.866799896730651E+001
  0.837643967471803E+000  0.158780431712269E+002 -0.159314872259594E-001  0.156458065059959E+000 -0.693147180559945E+000 -0.793902158561344E+001
  0.837643967471803E+000  0.184020704295438E+002 -0.230066108620093E-001  0.126531718268857E+000 -0.693147180559945E+000 -0.920103521477188E+001
  0.837643967471803E+000  0.160322975579709E+002  0.175948846236367E-001  0.143212462872097E+000 -0.693147180559945E+000 -0.801614877898545E+001
  0.837643967471803E+000  0.147910088593457E+002  0.271664305473169E-001  0.135307197399128E+000 -0.693147180559945E+000 -0.739550442967287E+001
  0.837643967471803E+000  0.166045889630437E+002  0.827478977666143E-001  0.103594711240057E+000 -0.693147180559945E+000 -0.830229448152186E+001
  0.837643967471803E+000  0.165593861149598E+002  0.448229262498567E-002  0.151343942422510E+000 -0.693147180559945E+000 -0.827969305747988E+001
  0.837643967471803E+000  0.165412900922838E+002 -0.703643337318016E-002  0.133129130757965E+000 -0.693147180559945E+000 -0.827064504614190E+001
  0.837643967471803E+000  0.140033057305837E+002 -0.162260810900283E-002  0.129200197736382E+000 -0.693147180559945E+000 -0.700165286529185E+001
  0.837643967471803E+000  0.138200297173867E+002 -0.100302506912898E-001  0.104353945061531E+000 -0.693147180559945E+000 -0.691001485869336E+001
  0.837643967471803E+000  0.133550539006938E+002 -0.100859473289405E-002  0.719065880458810E-001 -0.693147180559945E+000 -0.667752695034688E+001
  0.837643967471803E+000  0.132747625826217E+002 -0.212054224666781E-001  0.101593271763361E+000 -0.693147180559945E+000 -0.663738129131085E+001
  0.837643967471803E+000  0.201551363775586E+002  0.501925439927255E-001  0.198722684380426E+000 -0.693147180559945E+000 -0.100775681887793E+002
  0.837643967471803E+000  0.128996166231530E+002 -0.237101775626759E-001  0.130816001025183E+000 -0.693147180559945E+000 -0.644980831157651E+001
  0.837643967471803E+000  0.143740666018357E+002  0.174493611233795E-001  0.138219168353299E+000 -0.693147180559945E+000 -0.718703330091785E+001
  0.837643967471803E+000  0.127005476932919E+002  0.459048456385136E-002  0.140589037831600E+000 -0.693147180559945E+000 -0.635027384664595E+001
  0.837643967471803E+000  0.143634323890180E+002 -0.440071646365248E-002  0.149982692541701E+000 -0.693147180559945E+000 -0.718171619450900E+001
  0.837643967471803E+000  0.125013832942004E+002  0.379298150287717E-001  0.995129666028846E-001 -0.693147180559945E+000 -0.625069164710021E+001
  0.837643967471803E+000  0.313168044894290E+002  0.571716288902573E-001  0.200274316665755E+000 -0.693147180559945E+000 -0.156706228122941E+002
  0.837643967471803E+000  0.123441745474949E+002  0.716867921989817E-002  0.141270784081020E+000 -0.693147180559945E+000 -0.617208727374744E+001
  0.837643967471803E+000  0.858169173165780E+001 -0.606196369875511E-002  0.133588969437671E+000 -0.693147180559945E+000 -0.429084586582890E+001
  0.837643967471803E+000  0.854878312728216E+001  0.348861798014628E-001  0.123742856445528E+000 -0.693147180559945E+000 -0.427439156364108E+001
  0.837643967471803E+000  0.787167177308248E+001 -0.218565694187823E-001  0.166137452354266E+000 -0.693147180559945E+000 -0.393583588654124E+001
  0.837643967471803E+000  0.782235186439767E+001 -0.703436671244650E-002  0.130127858469461E+000 -0.693147180559945E+000 -0.391117593219884E+001
  0.837643967471803E+000  0.732232137742239E+001 -0.107957995282060E-001  0.132089019292085E+000 -0.693147180559945E+000 -0.366116068871120E+001
  0.837643967471803E+000  0.686210926934724E+001 -0.237046639803133E-001  0.130801543286129E+000 -0.693147180559945E+000 -0.343105463467362E+001
  0.837643967471803E+000  0.663323734942005E+001  0.801937214955917E-004  0.168174552337985E+000 -0.693147180559945E+000 -0.331661867471002E+001
  0.837643967471803E+000  0.573954011927573E+001  0.144354262173487E-001  0.120003302192023E+000 -0.693147180559945E+000 -0.286977005963787E+001
  0.837643967471803E+000  0.415749265866312E+001 -0.100302407678031E-001  0.104353941187275E+000 -0.693147180559945E+000 -0.207874632933156E+001
