  0.419444008667412E+000  0.000000000000000E+000 -0.748522071052918E+002 -0.748522071052918E+002
  0.416747854063402E+000  0.000000000000000E+000 -0.842439019799330E+002 -0.842439019799330E+002
  0.420036238324805E+000  0.000000000000000E+000 -0.725674817524353E+002 -0.725674817524353E+002
  0.418874335534646E+000  0.000000000000000E+000 -0.694536589823091E+002 -0.694536589823091E+002
  0.419445013478267E+000  0.000000000000000E+000 -0.674739022164619E+002 -0.674739022164619E+002
  0.418874335534648E+000  0.000000000000000E+000 -0.862093172762501E+002 -0.862093172762501E+002
  0.416747853931077E+000  0.000000000000000E+000 -0.842917469683376E+002 -0.842917469683376E+002
  0.436389938016154E+000  0.000000000000000E+000 -0.869472330780876E+002 -0.869472330780876E+002
  0.436389938016078E+000  0.000000000000000E+000 -0.719848550759047E+002 -0.719848550759047E+002
  0.302403634903180E+000  0.000000000000000E+000 -0.855095691906513E+002 -0.855095691906513E+002
  0.302001950655087E+000  0.000000000000000E+000 -0.860667681752101E+002 -0.860667681752101E+002
  0.305928946945527E+000  0.000000000000000E+000 -0.848082471474483E+002 -0.848082471474483E+002
  0.307888197658490E+000  0.000000000000000E+000 -0.593118842162381E+002 -0.593118842162381E+002
  0.303991253643576E+000  0.000000000000000E+000 -0.868445523076019E+002 -0.868445523076019E+002
  0.303992191745789E+000  0.000000000000000E+000 -0.787528574436347E+002 -0.787528574436347E+002
  0.304733613023455E+000  0.000000000000000E+000 -0.886155201994493E+002 -0.886155201994493E+002
  0.304732493461189E+000  0.000000000000000E+000 -0.856405805122437E+002 -0.856405805122437E+002
  0.305549608074718E+000  0.000000000000000E+000 -0.782974913653269E+002 -0.782974913653269E+002
  0.305577665911505E+000  0.000000000000000E+000 -0.869849844467559E+002 -0.869849844467559E+002
  0.303992563330820E+000  0.000000000000000E+000 -0.823065325773557E+002 -0.823065325773557E+002
  0.307737214372775E+000  0.000000000000000E+000 -0.835649065562981E+002 -0.835649065562981E+002
  0.305577667033355E+000  0.000000000000000E+000 -0.788996838879802E+002 -0.788996838879802E+002
  0.305469567874771E+000  0.000000000000000E+000 -0.882994735873350E+002 -0.882994735873350E+002
  0.303577143790752E+000  0.000000000000000E+000 -0.846335320801682E+002 -0.846335320801682E+002
  0.303577143773695E+000  0.000000000000000E+000 -0.789990883667389E+002 -0.789990883667389E+002
  0.299998206095416E+000  0.000000000000000E+000 -0.841960074090424E+002 -0.841960074090424E+002
  0.301621576304338E+000  0.000000000000000E+000 -0.777266052835160E+002 -0.777266052835160E+002
  0.302403469368564E+000  0.000000000000000E+000 -0.861946387231297E+002 -0.861946387231297E+002
  0.304732516079336E+000  0.000000000000000E+000 -0.874780126465342E+002 -0.874780126465342E+002
  0.305577665930382E+000  0.000000000000000E+000 -0.861522918309549E+002 -0.861522918309549E+002
  0.305577665911493E+000  0.000000000000000E+000 -0.773668045649904E+002 -0.773668045649904E+002
  0.301621576304287E+000  0.000000000000000E+000 -0.844327495236500E+002 -0.844327495236500E+002
  0.303971105819104E+000  0.000000000000000E+000 -0.841265122695077E+002 -0.841265122695077E+002
  0.304002436956726E+000  0.000000000000000E+000 -0.863736871878490E+002 -0.863736871878490E+002
  0.305547443784029E+000  0.000000000000000E+000 -0.856962201270950E+002 -0.856962201270950E+002
  0.301096244599802E+000  0.000000000000000E+000 -0.855643121478288E+002 -0.855643121478288E+002
  0.303992192758060E+000  0.000000000000000E+000 -0.825108386625353E+002 -0.825108386625353E+002
  0.302001951568538E+000  0.000000000000000E+000 -0.806910635815953E+002 -0.806910635815953E+002
  0.303577247610927E+000  0.000000000000000E+000 -0.885543843555268E+002 -0.885543843555268E+002
  0.303992192758067E+000  0.000000000000000E+000 -0.776995511706324E+002 -0.776995511706324E+002
  0.305554913019338E+000  0.000000000000000E+000 -0.868990358359423E+002 -0.868990358359423E+002
  0.305577665994344E+000  0.000000000000000E+000 -0.815353778389589E+002 -0.815353778389589E+002
  0.303510604308579E+000  0.000000000000000E+000 -0.846306534642401E+002 -0.846306534642401E+002
  0.302001950655087E+000  0.000000000000000E+000 -0.875522929078428E+002 -0.875522929078428E+002
  0.303577233580275E+000  0.000000000000000E+000 -0.733064549509535E+002 -0.733064549509535E+002
  0.303577143773696E+000  0.000000000000000E+000 -0.860611622197916E+002 -0.860611622197916E+002
  0.303576934040186E+000  0.000000000000000E+000 -0.867345941910671E+002 -0.867345941910671E+002
  0.305549608074723E+000  0.000000000000000E+000 -0.874519716535948E+002 -0.874519716535948E+002
  0.305577665911493E+000  0.000000000000000E+000 -0.752907617685482E+002 -0.752907617685482E+002
  0.302001951568538E+000  0.000000000000000E+000 -0.881724876873693E+002 -0.881724876873693E+002
  0.305577665885817E+000  0.000000000000000E+000 -0.757975230570214E+002 -0.757975230570214E+002
  0.302403473851415E+000  0.000000000000000E+000 -0.861578379994884E+002 -0.861578379994884E+002
  0.299996833968037E+000  0.000000000000000E+000 -0.640195107022128E+002 -0.640195107022128E+002
  0.303986537725401E+000  0.000000000000000E+000 -0.886590468747909E+002 -0.886590468747909E+002
  0.305928946945336E+000  0.000000000000000E+000 -0.878599085968446E+002 -0.878599085968446E+002
  0.301979203567652E+000  0.000000000000000E+000 -0.854074250776538E+002 -0.854074250776538E+002
  0.303577247610926E+000  0.000000000000000E+000 -0.838902927613346E+002 -0.838902927613346E+002
  0.302001951568510E+000  0.000000000000000E+000 -0.836201068650171E+002 -0.836201068650171E+002
  0.305577153627326E+000  0.000000000000000E+000 -0.887005829341588E+002 -0.887005829341588E+002
  0.304733859172380E+000  0.000000000000000E+000 -0.808015085255465E+002 -0.808015085255465E+002
  0.302001951568527E+000  0.000000000000000E+000 -0.863088494600446E+002 -0.863088494600446E+002
  0.305577666561238E+000  0.000000000000000E+000 -0.774328399943869E+002 -0.774328399943869E+002
  0.304732493461572E+000  0.000000000000000E+000 -0.692359642318077E+002 -0.692359642318077E+002
  0.301621576300601E+000  0.000000000000000E+000 -0.876531483979930E+002 -0.876531483979930E+002
  0.305577665994336E+000  0.000000000000000E+000 -0.777769781504294E+002 -0.777769781504294E+002
  0.407464113468622E+000  0.000000000000000E+000 -0.708801846121439E+002 -0.708801846121439E+002
  0.407464199360514E+000  0.000000000000000E+000 -0.863502848623037E+002 -0.863502848623037E+002
  0.407464113468812E+000  0.000000000000000E+000 -0.654813700508294E+002 -0.654813700508294E+002
  0.407464199360514E+000  0.000000000000000E+000 -0.682984822113489E+002 -0.682984822113489E+002
  0.407483633035317E+000  0.000000000000000E+000 -0.771527974396348E+002 -0.771527974396348E+002
  0.407543862232750E+000  0.000000000000000E+000 -0.743866717689025E+002 -0.743866717689025E+002
  0.407483633032634E+000  0.000000000000000E+000 -0.832403179490516E+002 -0.832403179490516E+002
  0.407545854304769E+000  0.000000000000000E+000 -0.815652221507227E+002 -0.815652221507227E+002
  0.407542737632947E+000  0.000000000000000E+000 -0.868295410920788E+002 -0.868295410920788E+002
  0.407543862195856E+000  0.000000000000000E+000 -0.859624227599224E+002 -0.859624227599224E+002
  0.407483633055205E+000  0.000000000000000E+000 -0.806273745856199E+002 -0.806273745856199E+002
  0.407543862322493E+000  0.000000000000000E+000 -0.844551195564682E+002 -0.844551195564682E+002
  0.254634705752892E+000  0.000000000000000E+000 -0.738074015339516E+002 -0.738074015339516E+002
  0.254634913383789E+000  0.000000000000000E+000 -0.879505234862899E+002 -0.879505234862899E+002
  0.254634913416074E+000  0.000000000000000E+000 -0.853151637472861E+002 -0.853151637472861E+002
  0.253618287775171E+000  0.000000000000000E+000 -0.867491514166440E+002 -0.867491514166440E+002
  0.253860389317895E+000  0.000000000000000E+000 -0.883882123676665E+002 -0.883882123676665E+002
  0.254634913418458E+000  0.000000000000000E+000 -0.874304104439990E+002 -0.874304104439990E+002
  0.253860389319352E+000  0.000000000000000E+000 -0.862436882911072E+002 -0.862436882911072E+002
  0.254634936654259E+000  0.000000000000000E+000 -0.866103668267282E+002 -0.866103668267282E+002
  0.188393592825627E+000  0.000000000000000E+000 -0.855695128513458E+002 -0.855695128513458E+002
  0.188393592827326E+000  0.000000000000000E+000 -0.870376097332153E+002 -0.870376097332153E+002
  0.188393592825915E+000  0.000000000000000E+000 -0.819147105800325E+002 -0.819147105800325E+002
  0.260442685867110E+000  0.000000000000000E+000 -0.772860222784914E+002 -0.772860222784914E+002
  0.260442698815644E+000  0.000000000000000E+000 -0.842718374024883E+002 -0.842718374024883E+002
  0.260372535902452E+000  0.000000000000000E+000 -0.712493213750444E+002 -0.712493213750444E+002
  0.260381501691318E+000  0.000000000000000E+000 -0.768130620457025E+002 -0.768130620457025E+002
  0.260366973051090E+000  0.000000000000000E+000 -0.825927494669195E+002 -0.825927494669195E+002
  0.260228596825613E+000  0.000000000000000E+000 -0.797379374234759E+002 -0.797379374234759E+002
  0.260532785127691E+000  0.000000000000000E+000 -0.843070352425770E+002 -0.843070352425770E+002
  0.260493890132344E+000  0.000000000000000E+000 -0.824021577906869E+002 -0.824021577906869E+002
  0.260442698815644E+000  0.000000000000000E+000 -0.877124839569821E+002 -0.877124839569821E+002
  0.260442853917842E+000  0.000000000000000E+000 -0.774022965500522E+002 -0.774022965500522E+002
  0.260228585419532E+000  0.000000000000000E+000 -0.812099338645634E+002 -0.812099338645634E+002
  0.279483919167805E+000  0.000000000000000E+000 -0.880706083218718E+002 -0.880706083218718E+002
  0.279513575051771E+000  0.000000000000000E+000 -0.825268337832470E+002 -0.825268337832470E+002
  0.279483918990554E+000  0.000000000000000E+000 -0.664270079217785E+002 -0.664270079217785E+002
  0.279510801322983E+000  0.000000000000000E+000 -0.812424523722274E+002 -0.812424523722274E+002
  0.279483919168250E+000  0.000000000000000E+000 -0.784642446862886E+002 -0.784642446862886E+002
  0.272715659863441E+000  0.000000000000000E+000 -0.805104122216385E+002 -0.805104122216385E+002
  0.278586703313892E+000  0.000000000000000E+000 -0.686008008491516E+002 -0.686008008491516E+002
  0.278738304627918E+000  0.000000000000000E+000 -0.862477310027896E+002 -0.862477310027896E+002
  0.278586705061191E+000  0.000000000000000E+000 -0.807862617585787E+002 -0.807862617585787E+002
  0.272714871304586E+000  0.000000000000000E+000 -0.849388424270014E+002 -0.849388424270014E+002
  0.272714871312331E+000  0.000000000000000E+000 -0.707863337432475E+002 -0.707863337432475E+002
  0.270380695937474E+000  0.000000000000000E+000 -0.857035850547149E+002 -0.857035850547149E+002
  0.278586703313887E+000  0.000000000000000E+000 -0.808258064929928E+002 -0.808258064929928E+002
  0.278586950277626E+000  0.000000000000000E+000 -0.847094577378212E+002 -0.847094577378212E+002
  0.292337311198698E+000  0.000000000000000E+000 -0.788864200097114E+002 -0.788864200097114E+002
  0.293446526934990E+000  0.000000000000000E+000 -0.835315679720992E+002 -0.835315679720992E+002
  0.291509934869185E+000  0.000000000000000E+000 -0.870061226595484E+002 -0.870061226595484E+002
  0.292215674099980E+000  0.000000000000000E+000 -0.746002895604689E+002 -0.746002895604689E+002
  0.292000259755513E+000  0.000000000000000E+000 -0.734079021763133E+002 -0.734079021763133E+002
  0.293446564004723E+000  0.000000000000000E+000 -0.819682034402873E+002 -0.819682034402873E+002
  0.292341966055364E+000  0.000000000000000E+000 -0.709325091434984E+002 -0.709325091434984E+002
  0.292341966055288E+000  0.000000000000000E+000 -0.867623186286460E+002 -0.867623186286460E+002
  0.292341966055430E+000  0.000000000000000E+000 -0.866525774814703E+002 -0.866525774814703E+002
  0.292339722378575E+000  0.000000000000000E+000 -0.678085980095246E+002 -0.678085980095246E+002
  0.292215674099980E+000  0.000000000000000E+000 -0.822328013101472E+002 -0.822328013101472E+002
  0.292340105141257E+000  0.000000000000000E+000 -0.781357131784739E+002 -0.781357131784739E+002
  0.289194187149424E+000  0.000000000000000E+000 -0.870385061110686E+002 -0.870385061110686E+002
  0.288800882538320E+000  0.000000000000000E+000 -0.883805013071244E+002 -0.883805013071244E+002
  0.289194187229405E+000  0.000000000000000E+000 -0.846195493681867E+002 -0.846195493681867E+002
  0.288621006205087E+000  0.000000000000000E+000 -0.798719960728668E+002 -0.798719960728668E+002
  0.215918036040672E+000  0.000000000000000E+000 -0.775827445174324E+002 -0.775827445174324E+002
  0.215918032289235E+000  0.000000000000000E+000 -0.813861892877235E+002 -0.813861892877235E+002
  0.215687006458270E+000  0.000000000000000E+000 -0.809565898253213E+002 -0.809565898253213E+002
  0.220969197461854E+000  0.000000000000000E+000 -0.875823550168532E+002 -0.875823550168532E+002
  0.240512988854174E+000  0.000000000000000E+000 -0.868611972979184E+002 -0.868611972979184E+002
  0.242006915601073E+000  0.000000000000000E+000 -0.876365409590655E+002 -0.876365409590655E+002
  0.240541280348613E+000  0.000000000000000E+000 -0.873882456117171E+002 -0.873882456117171E+002
  0.242006792298075E+000  0.000000000000000E+000 -0.856793891298035E+002 -0.856793891298035E+002
  0.240512985798007E+000  0.000000000000000E+000 -0.787230769500484E+002 -0.787230769500484E+002
  0.242006918015360E+000  0.000000000000000E+000 -0.827314665311515E+002 -0.827314665311515E+002
  0.240592168225482E+000  0.000000000000000E+000 -0.729080848351901E+002 -0.729080848351901E+002
  0.237268641938120E+000  0.000000000000000E+000 -0.745699086827029E+002 -0.745699086827029E+002
  0.314255871494063E+000  0.000000000000000E+000 -0.876153144601019E+002 -0.876153144601019E+002
  0.313756081374601E+000  0.000000000000000E+000 -0.743568457077235E+002 -0.743568457077235E+002
  0.312986741068413E+000  0.000000000000000E+000 -0.880225127778690E+002 -0.880225127778690E+002
  0.312986741068414E+000  0.000000000000000E+000 -0.884579980262602E+002 -0.884579980262602E+002
  0.312985235559724E+000  0.000000000000000E+000 -0.825682905182036E+002 -0.825682905182036E+002
  0.312986741068770E+000  0.000000000000000E+000 -0.858742024600248E+002 -0.858742024600248E+002
  0.312986543096762E+000  0.000000000000000E+000 -0.757575462279435E+002 -0.757575462279435E+002
  0.312985235559674E+000  0.000000000000000E+000 -0.733758972199160E+002 -0.733758972199160E+002
  0.315705560996977E+000  0.000000000000000E+000 -0.773204952169460E+002 -0.773204952169460E+002
  0.315967444470780E+000  0.000000000000000E+000 -0.708687804833593E+002 -0.708687804833593E+002
  0.315705560996977E+000  0.000000000000000E+000 -0.847195674518877E+002 -0.847195674518877E+002
  0.315705546791033E+000  0.000000000000000E+000 -0.881217168687760E+002 -0.881217168687760E+002
  0.315705546791029E+000  0.000000000000000E+000 -0.858827483647335E+002 -0.858827483647335E+002
  0.315705540118711E+000  0.000000000000000E+000 -0.824411389190427E+002 -0.824411389190427E+002
  0.315705560997011E+000  0.000000000000000E+000 -0.762115598758175E+002 -0.762115598758175E+002
  0.315967444470781E+000  0.000000000000000E+000 -0.865252158373083E+002 -0.865252158373083E+002
  0.315429913485113E+000  0.000000000000000E+000 -0.738464623177420E+002 -0.738464623177420E+002
  0.315429860626732E+000  0.000000000000000E+000 -0.876095978427221E+002 -0.876095978427221E+002
  0.315430677450875E+000  0.000000000000000E+000 -0.834592059560360E+002 -0.834592059560360E+002
  0.319890161611603E+000  0.000000000000000E+000 -0.860586843653642E+002 -0.860586843653642E+002
  0.319857114039211E+000  0.000000000000000E+000 -0.820488692299988E+002 -0.820488692299988E+002
  0.319857114039213E+000  0.000000000000000E+000 -0.855925137985507E+002 -0.855925137985507E+002
  0.319857839066770E+000  0.000000000000000E+000 -0.867515940417957E+002 -0.867515940417957E+002
  0.319857114449748E+000  0.000000000000000E+000 -0.872651838076567E+002 -0.872651838076567E+002
  0.319857839066777E+000  0.000000000000000E+000 -0.707670920554457E+002 -0.707670920554457E+002
  0.338225652869594E+000  0.000000000000000E+000 -0.886302815446307E+002 -0.886302815446307E+002
  0.333168319486814E+000  0.000000000000000E+000 -0.875241593045500E+002 -0.875241593045500E+002
  0.333168319486934E+000  0.000000000000000E+000 -0.753898706065450E+002 -0.753898706065450E+002
  0.338838694738004E+000  0.000000000000000E+000 -0.771604740656881E+002 -0.771604740656881E+002
  0.335347022113277E+000  0.000000000000000E+000 -0.861607294663336E+002 -0.861607294663336E+002
  0.333627177509316E+000  0.000000000000000E+000 -0.843310835562342E+002 -0.843310835562342E+002
  0.335347080808874E+000  0.000000000000000E+000 -0.849286780580267E+002 -0.849286780580267E+002
  0.333168319486813E+000  0.000000000000000E+000 -0.884668584912829E+002 -0.884668584912829E+002
  0.333168319475729E+000  0.000000000000000E+000 -0.814320871672995E+002 -0.814320871672995E+002
  0.333627177669787E+000  0.000000000000000E+000 -0.850712055735303E+002 -0.850712055735303E+002
  0.338838690401668E+000  0.000000000000000E+000 -0.823952183246453E+002 -0.823952183246453E+002
  0.333168207896550E+000  0.000000000000000E+000 -0.672301636803610E+002 -0.672301636803610E+002
  0.338847914118125E+000  0.000000000000000E+000 -0.776965506191096E+002 -0.776965506191096E+002
  0.333168103725605E+000  0.000000000000000E+000 -0.869254972117041E+002 -0.869254972117041E+002
  0.333605499684585E+000  0.000000000000000E+000 -0.883901319540264E+002 -0.883901319540264E+002
  0.332852005189560E+000  0.000000000000000E+000 -0.777744172543120E+002 -0.777744172543120E+002
  0.341759738935048E+000  0.000000000000000E+000 -0.789252031735313E+002 -0.789252031735313E+002
  0.329642350925346E+000  0.000000000000000E+000 -0.844427908150212E+002 -0.844427908150212E+002
  0.329648052957771E+000  0.000000000000000E+000 -0.850267585570652E+002 -0.850267585570652E+002
  0.329647691973856E+000  0.000000000000000E+000 -0.886371818101695E+002 -0.886371818101695E+002
  0.329647691910319E+000  0.000000000000000E+000 -0.828366512922738E+002 -0.828366512922738E+002
  0.329647691973699E+000  0.000000000000000E+000 -0.858417070580682E+002 -0.858417070580682E+002
  0.329648056663139E+000  0.000000000000000E+000 -0.809863862334157E+002 -0.809863862334157E+002
  0.329648052957768E+000  0.000000000000000E+000 -0.877146344164357E+002 -0.877146344164357E+002
  0.329648167851317E+000  0.000000000000000E+000 -0.883024040790938E+002 -0.883024040790938E+002
  0.329648052957765E+000  0.000000000000000E+000 -0.870977241946196E+002 -0.870977241946196E+002
  0.377917197202328E+000  0.000000000000000E+000 -0.810312500472464E+002 -0.810312500472464E+002
  0.377917197202317E+000  0.000000000000000E+000 -0.769453709973858E+002 -0.769453709973858E+002
  0.363099052408153E+000  0.000000000000000E+000 -0.883445299546284E+002 -0.883445299546284E+002
  0.363099052507501E+000  0.000000000000000E+000 -0.877146464935041E+002 -0.877146464935041E+002
  0.363099052490192E+000  0.000000000000000E+000 -0.875348369257969E+002 -0.875348369257969E+002
  0.353023259884178E+000  0.000000000000000E+000 -0.878660575136225E+002 -0.878660575136225E+002
  0.353023259882576E+000  0.000000000000000E+000 -0.883768983331088E+002 -0.883768983331088E+002
  0.353023259884172E+000  0.000000000000000E+000 -0.844261939780607E+002 -0.844261939780607E+002
