  0.100000000000000E+001  0.148666423759225E+002  0.150672363395609E+000  0.000000000000000E+000 -0.743332118796124E+001
  0.100000000000000E+001  0.947612970996106E+001  0.176115446546137E+000  0.000000000000000E+000 -0.473806485498053E+001
  0.100000000000000E+001  0.152435171598324E+002  0.126465922360781E+000  0.000000000000000E+000 -0.762175857991619E+001
  0.100000000000000E+001  0.115361916781514E+002  0.190343167815039E+000  0.000000000000000E+000 -0.576809583907568E+001
  0.100000000000000E+001  0.777509472124659E+001  0.183615611628513E+000  0.000000000000000E+000 -0.388754736062330E+001
  0.100000000000000E+001  0.945387738502010E+001  0.162691529902082E+000  0.000000000000000E+000 -0.472693869251005E+001
  0.100000000000000E+001  0.102684010890552E+002  0.183615606970536E+000  0.000000000000000E+000 -0.513420054452761E+001
  0.100000000000000E+001  0.999496882167653E+001  0.176981372438308E+000  0.000000000000000E+000 -0.499748441083827E+001
  0.100000000000000E+001  0.143314353900656E+002  0.102927489644724E+000  0.000000000000000E+000 -0.716571769503278E+001
  0.100000000000000E+001  0.908445758837390E+001  0.119747771180116E+000  0.000000000000000E+000 -0.454222879418695E+001
  0.100000000000000E+001  0.965071758392352E+001  0.891820412412472E-001  0.000000000000000E+000 -0.482535879196176E+001
  0.100000000000000E+001  0.118554175325848E+002  0.119747771180140E+000  0.000000000000000E+000 -0.592770876629242E+001
  0.100000000000000E+001  0.208410743661112E+002  0.932418583509349E-001  0.000000000000000E+000 -0.104205371830556E+002
  0.100000000000000E+001  0.127843263175748E+002  0.176983313933694E+000  0.000000000000000E+000 -0.639216315878738E+001
  0.100000000000000E+001  0.141101523795673E+002  0.181083342218023E+000  0.000000000000000E+000 -0.705507618978365E+001
  0.100000000000000E+001  0.112096295206785E+002  0.165522021121201E+000  0.000000000000000E+000 -0.560481476033924E+001
  0.100000000000000E+001  0.108522094936527E+002  0.130803173939125E+000  0.000000000000000E+000 -0.542610474682636E+001
  0.100000000000000E+001  0.936245199079339E+001  0.190317705743099E+000  0.000000000000000E+000 -0.468122599539670E+001
  0.100000000000000E+001  0.922507876702870E+001  0.989429182820943E-001  0.000000000000000E+000 -0.461253938351435E+001
  0.100000000000000E+001  0.148299489710173E+002  0.170497171462167E+000  0.000000000000000E+000 -0.741497448550863E+001
  0.100000000000000E+001  0.115944792456793E+002  0.891821059980623E-001  0.000000000000000E+000 -0.579723962283965E+001
  0.100000000000000E+001  0.835933739643962E+001  0.981132173256894E-001  0.000000000000000E+000 -0.417966869821981E+001
  0.100000000000000E+001  0.159747228167366E+002  0.165994409513622E+000  0.000000000000000E+000 -0.798736140836829E+001
  0.100000000000000E+001  0.157123625875132E+002  0.120710020022576E+000  0.000000000000000E+000 -0.785618129375659E+001
  0.100000000000000E+001  0.153785826335059E+002  0.892007879851788E-001  0.000000000000000E+000 -0.768929131675297E+001
  0.100000000000000E+001  0.177391042533281E+002  0.140480687013614E+000  0.000000000000000E+000 -0.886955212666405E+001
  0.100000000000000E+001  0.748101180906027E+001  0.162328094632160E+000  0.000000000000000E+000 -0.374050590453014E+001
  0.100000000000000E+001  0.179436851589378E+002  0.120513385196323E+000  0.000000000000000E+000 -0.897184257946890E+001
  0.100000000000000E+001  0.121654395211448E+002  0.107218111107221E+000  0.000000000000000E+000 -0.608271976057238E+001
  0.100000000000000E+001  0.995197876985613E+001  0.977873878609246E-001  0.000000000000000E+000 -0.497598938492807E+001
  0.100000000000000E+001  0.168427505169159E+002  0.181177441658312E+000  0.000000000000000E+000 -0.842137525845794E+001
  0.100000000000000E+001  0.360020827026746E+001  0.143409508231278E+000  0.000000000000000E+000 -0.180010413513373E+001
