  0.176981372438308E+000  0.000000000000000E+000 -0.499748441083827E+001 -0.499748441083827E+001 -0.732332848517614E+001
  0.176115446546137E+000  0.000000000000000E+000 -0.473806485498053E+001 -0.473806485498053E+001 -0.955006982084833E+001
  0.176983313911638E+000  0.000000000000000E+000 -0.591183897264713E+001 -0.591183897264713E+001 -0.666391499337094E+001
  0.176981372583343E+000  0.000000000000000E+000 -0.485254713210314E+001 -0.485254713210314E+001 -0.732332848517614E+001
  0.176981373350619E+000  0.000000000000000E+000 -0.569040752763247E+001 -0.569040752763247E+001 -0.732332848517614E+001
  0.176981373357974E+000  0.000000000000000E+000 -0.558813816325030E+001 -0.558813816325030E+001 -0.666391499337094E+001
  0.176983313911628E+000  0.000000000000000E+000 -0.392267049207200E+001 -0.392267049207200E+001 -0.639216315878738E+001
  0.176115446546132E+000  0.000000000000000E+000 -0.627103060697123E+001 -0.627103060697123E+001 -0.639216315878738E+001
  0.176936960005727E+000  0.000000000000000E+000 -0.496894210355780E+001 -0.496894210355780E+001 -0.627103060697123E+001
  0.176115446587628E+000  0.000000000000000E+000 -0.570649697071019E+001 -0.570649697071019E+001 -0.627103060697123E+001
  0.176115446586948E+000  0.000000000000000E+000 -0.519705824992408E+001 -0.519705824992408E+001 -0.627103060697123E+001
  0.176983438714730E+000  0.000000000000000E+000 -0.626469415313757E+001 -0.626469415313757E+001 -0.627103060697123E+001
  0.162327952181306E+000  0.000000000000000E+000 -0.543741324279129E+001 -0.543741324279129E+001 -0.648474667225531E+001
  0.162328094632160E+000  0.000000000000000E+000 -0.374050590453014E+001 -0.374050590453014E+001 -0.761591243247115E+001
  0.162328804745968E+000  0.000000000000000E+000 -0.545490324501959E+001 -0.545490324501959E+001 -0.718068861965468E+001
  0.162328793312465E+000  0.000000000000000E+000 -0.630300479153125E+001 -0.630300479153125E+001 -0.648474667225531E+001
  0.164213842156907E+000  0.000000000000000E+000 -0.416719077694512E+001 -0.416719077694512E+001 -0.738415277107441E+001
  0.165465675684142E+000  0.000000000000000E+000 -0.488626652236772E+001 -0.488626652236772E+001 -0.804905506364754E+001
  0.166456586138704E+000  0.000000000000000E+000 -0.599184586658780E+001 -0.599184586658780E+001 -0.645626292386280E+001
  0.164214378667991E+000  0.000000000000000E+000 -0.498577538592348E+001 -0.498577538592348E+001 -0.743028396132399E+001
  0.165537569550382E+000  0.000000000000000E+000 -0.528380949484359E+001 -0.528380949484359E+001 -0.804905506364754E+001
  0.164213902942064E+000  0.000000000000000E+000 -0.331997209479032E+001 -0.331997209479032E+001 -0.715594962538100E+001
  0.164998766189504E+000  0.000000000000000E+000 -0.481951904415760E+001 -0.481951904415760E+001 -0.695172666886540E+001
  0.164998766199380E+000  0.000000000000000E+000 -0.554858682609006E+001 -0.554858682609006E+001 -0.888861018822385E+001
  0.165537505504481E+000  0.000000000000000E+000 -0.589946020656108E+001 -0.589946020656108E+001 -0.770755084773924E+001
  0.164843659377783E+000  0.000000000000000E+000 -0.552474962947371E+001 -0.552474962947371E+001 -0.793721148297644E+001
  0.164214282846618E+000  0.000000000000000E+000 -0.622560281947022E+001 -0.622560281947022E+001 -0.665413269808496E+001
  0.165272675265940E+000  0.000000000000000E+000 -0.341193426736715E+001 -0.341193426736715E+001 -0.793796961536301E+001
  0.164998766199200E+000  0.000000000000000E+000 -0.554367164527558E+001 -0.554367164527558E+001 -0.665413269808496E+001
  0.165465675684062E+000  0.000000000000000E+000 -0.580645633508445E+001 -0.580645633508445E+001 -0.747292374687218E+001
  0.164214378884539E+000  0.000000000000000E+000 -0.509355619956122E+001 -0.509355619956122E+001 -0.748852977853534E+001
  0.165522021105995E+000  0.000000000000000E+000 -0.617112540431433E+001 -0.617112540431433E+001 -0.913783887746429E+001
  0.166454657329381E+000  0.000000000000000E+000 -0.537217215942462E+001 -0.537217215942462E+001 -0.665413269808496E+001
  0.164998766199380E+000  0.000000000000000E+000 -0.429940077445091E+001 -0.429940077445091E+001 -0.665413269808496E+001
  0.165537569550381E+000  0.000000000000000E+000 -0.618766886221303E+001 -0.618766886221303E+001 -0.665413269808496E+001
  0.162691529901063E+000  0.000000000000000E+000 -0.565319063135987E+001 -0.565319063135987E+001 -0.683379802058387E+001
  0.162691529902082E+000  0.000000000000000E+000 -0.472693869251005E+001 -0.472693869251005E+001 -0.634276174565072E+001
  0.162691529901064E+000  0.000000000000000E+000 -0.624959400210731E+001 -0.624959400210731E+001 -0.775794810920448E+001
  0.181083344361461E+000  0.000000000000000E+000 -0.498426373280109E+001 -0.498426373280109E+001 -0.653806495845205E+001
  0.181083342274561E+000  0.000000000000000E+000 -0.604798400933259E+001 -0.604798400933259E+001 -0.665293160820446E+001
  0.181083342274551E+000  0.000000000000000E+000 -0.597067094218605E+001 -0.597067094218605E+001 -0.735214944474697E+001
  0.181083342274551E+000  0.000000000000000E+000 -0.432875356670968E+001 -0.432875356670968E+001 -0.735214944474697E+001
  0.124009483998388E+000  0.000000000000000E+000 -0.612348507225171E+001 -0.612348507225171E+001 -0.799061011623246E+001
  0.123427006986263E+000  0.000000000000000E+000 -0.552318101499001E+001 -0.552318101499001E+001 -0.650795273193539E+001
  0.124026699946303E+000  0.000000000000000E+000 -0.402528115075897E+001 -0.402528115075897E+001 -0.730321223485627E+001
  0.122184234639150E+000  0.000000000000000E+000 -0.612999053359880E+001 -0.612999053359880E+001 -0.637093937629104E+001
  0.121321436278101E+000  0.000000000000000E+000 -0.556796121897275E+001 -0.556796121897275E+001 -0.137627638758231E+002
  0.121376838038629E+000  0.000000000000000E+000 -0.623557524086313E+001 -0.623557524086313E+001 -0.643971926139889E+001
  0.123320650252859E+000  0.000000000000000E+000 -0.574030606438774E+001 -0.574030606438774E+001 -0.115383060063580E+002
  0.119757048102512E+000  0.000000000000000E+000 -0.605160279809901E+001 -0.605160279809901E+001 -0.687901858342729E+001
  0.122184149265014E+000  0.000000000000000E+000 -0.545322922180281E+001 -0.545322922180281E+001 -0.650795273193539E+001
  0.121379972621930E+000  0.000000000000000E+000 -0.485679624640680E+001 -0.485679624640680E+001 -0.120153509666579E+002
  0.121379972621930E+000  0.000000000000000E+000 -0.408260764519844E+001 -0.408260764519844E+001 -0.785618129375659E+001
  0.124009483998243E+000  0.000000000000000E+000 -0.545099510718309E+001 -0.545099510718309E+001 -0.708156172094292E+001
  0.122764294937106E+000  0.000000000000000E+000 -0.614944477485486E+001 -0.614944477485486E+001 -0.677135679286252E+001
  0.122184149003627E+000  0.000000000000000E+000 -0.505915509351646E+001 -0.505915509351646E+001 -0.799061011623246E+001
  0.117853534994746E+000  0.000000000000000E+000 -0.532820650412008E+001 -0.532820650412008E+001 -0.774139933287975E+001
  0.122184149263516E+000  0.000000000000000E+000 -0.594516868726490E+001 -0.594516868726490E+001 -0.645020827394426E+001
  0.122184149262092E+000  0.000000000000000E+000 -0.491852199895735E+001 -0.491852199895735E+001 -0.782321428072508E+001
  0.122764294833637E+000  0.000000000000000E+000 -0.462305130983803E+001 -0.462305130983803E+001 -0.677135679286252E+001
  0.124235270049191E+000  0.000000000000000E+000 -0.443265982722877E+001 -0.443265982722877E+001 -0.692067482065676E+001
  0.119747771180116E+000  0.000000000000000E+000 -0.454222879418695E+001 -0.454222879418695E+001 -0.673063743953745E+001
  0.118627023099226E+000  0.000000000000000E+000 -0.627541689582157E+001 -0.627541689582157E+001 -0.891761772054534E+001
  0.120510462518765E+000  0.000000000000000E+000 -0.613131465916014E+001 -0.613131465916014E+001 -0.745719189089454E+001
  0.121382672469033E+000  0.000000000000000E+000 -0.629274147730052E+001 -0.629274147730052E+001 -0.643971926139889E+001
  0.121366688358561E+000  0.000000000000000E+000 -0.574862307637472E+001 -0.574862307637472E+001 -0.792938499524813E+001
  0.119757048103139E+000  0.000000000000000E+000 -0.573683794586989E+001 -0.573683794586989E+001 -0.728740687329923E+001
  0.121377013777727E+000  0.000000000000000E+000 -0.613835714646825E+001 -0.613835714646825E+001 -0.705196126786202E+001
  0.121379729513453E+000  0.000000000000000E+000 -0.553698027101251E+001 -0.553698027101251E+001 -0.645020827394426E+001
  0.122184149003636E+000  0.000000000000000E+000 -0.508799143853707E+001 -0.508799143853707E+001 -0.697806305105728E+001
  0.117851473149290E+000  0.000000000000000E+000 -0.599600174280689E+001 -0.599600174280689E+001 -0.887814100415556E+001
  0.121379972624797E+000  0.000000000000000E+000 -0.622564840478687E+001 -0.622564840478687E+001 -0.846090391546416E+001
  0.121322545189688E+000  0.000000000000000E+000 -0.520835098232441E+001 -0.520835098232441E+001 -0.764429365901109E+001
  0.124026699952356E+000  0.000000000000000E+000 -0.600912416063320E+001 -0.600912416063320E+001 -0.768294470306436E+001
  0.119747771180140E+000  0.000000000000000E+000 -0.592770876629242E+001 -0.592770876629242E+001 -0.847019285472309E+001
  0.119759870981778E+000  0.000000000000000E+000 -0.579493802477518E+001 -0.579493802477518E+001 -0.795868537935152E+001
  0.122184149266457E+000  0.000000000000000E+000 -0.622800726607567E+001 -0.622800726607567E+001 -0.833152826966120E+001
  0.122330970542900E+000  0.000000000000000E+000 -0.534298924337806E+001 -0.534298924337806E+001 -0.743299081687948E+001
  0.122184149266459E+000  0.000000000000000E+000 -0.574968367919004E+001 -0.574968367919004E+001 -0.662007113389483E+001
  0.122184149003636E+000  0.000000000000000E+000 -0.629716975589358E+001 -0.629716975589358E+001 -0.639636784616347E+001
  0.117853536255115E+000  0.000000000000000E+000 -0.538217826593664E+001 -0.538217826593664E+001 -0.637093937629104E+001
  0.122184213392368E+000  0.000000000000000E+000 -0.460345002576902E+001 -0.460345002576902E+001 -0.634470980575257E+001
  0.121372576726030E+000  0.000000000000000E+000 -0.536420867032264E+001 -0.536420867032264E+001 -0.629716975589358E+001
  0.119747771316559E+000  0.000000000000000E+000 -0.503088726160569E+001 -0.503088726160569E+001 -0.629716975589358E+001
  0.892698356981158E-001  0.000000000000000E+000 -0.616017497071336E+001 -0.616017497071336E+001 -0.965073731276218E+001
  0.891821059980623E-001  0.000000000000000E+000 -0.579723962283965E+001 -0.579723962283965E+001 -0.858337496091106E+001
  0.891820682705682E-001  0.000000000000000E+000 -0.627078511375462E+001 -0.627078511375462E+001 -0.902994348459461E+001
  0.891820412412472E-001  0.000000000000000E+000 -0.482535879196176E+001 -0.482535879196176E+001 -0.732960085921783E+001
  0.904890433979614E-001  0.000000000000000E+000 -0.574339591697433E+001 -0.574339591697433E+001 -0.866355613229171E+001
  0.885236299866293E-001  0.000000000000000E+000 -0.626122105025234E+001 -0.626122105025234E+001 -0.680950272094283E+001
  0.891819217908885E-001  0.000000000000000E+000 -0.563613296934048E+001 -0.563613296934048E+001 -0.768929131675297E+001
  0.899654758093820E-001  0.000000000000000E+000 -0.526117148235203E+001 -0.526117148235203E+001 -0.661410571021134E+001
  0.989429182820943E-001  0.000000000000000E+000 -0.461253938351435E+001 -0.461253938351435E+001 -0.716571769503278E+001
  0.108216671593414E+000  0.000000000000000E+000 -0.620012435639802E+001 -0.620012435639802E+001 -0.664496003006212E+001
  0.108230761651999E+000  0.000000000000000E+000 -0.531417683215468E+001 -0.531417683215468E+001 -0.775667656050566E+001
  0.108216673213662E+000  0.000000000000000E+000 -0.580725414174593E+001 -0.580725414174593E+001 -0.742885001362867E+001
  0.108216673213667E+000  0.000000000000000E+000 -0.621515253640632E+001 -0.621515253640632E+001 -0.684315204696744E+001
  0.108967901592002E+000  0.000000000000000E+000 -0.544388959725143E+001 -0.544388959725143E+001 -0.718534670913177E+001
  0.108216673220208E+000  0.000000000000000E+000 -0.510755386969419E+001 -0.510755386969419E+001 -0.718534670913177E+001
  0.108216673216409E+000  0.000000000000000E+000 -0.578495880075665E+001 -0.578495880075665E+001 -0.684315204696744E+001
  0.108216664171000E+000  0.000000000000000E+000 -0.540511784872844E+001 -0.540511784872844E+001 -0.621515253640632E+001
  0.107218111107221E+000  0.000000000000000E+000 -0.608271976057238E+001 -0.608271976057238E+001 -0.634461479061676E+001
  0.105817126195077E+000  0.000000000000000E+000 -0.538651683110407E+001 -0.538651683110407E+001 -0.808815407356009E+001
  0.107229055464477E+000  0.000000000000000E+000 -0.618118676003647E+001 -0.618118676003647E+001 -0.634461479061676E+001
  0.107229105536562E+000  0.000000000000000E+000 -0.630413131497157E+001 -0.630413131497157E+001 -0.634461479061676E+001
  0.107229105536544E+000  0.000000000000000E+000 -0.534845183542005E+001 -0.534845183542005E+001 -0.630413131497157E+001
  0.183615611269957E+000  0.000000000000000E+000 -0.424034596556770E+001 -0.424034596556770E+001 -0.825864534837840E+001
  0.183615611985971E+000  0.000000000000000E+000 -0.488607058326830E+001 -0.488607058326830E+001 -0.701938680970563E+001
  0.183590836760162E+000  0.000000000000000E+000 -0.593686338210890E+001 -0.593686338210890E+001 -0.100086387434193E+002
  0.184244736752496E+000  0.000000000000000E+000 -0.454997465271085E+001 -0.454997465271085E+001 -0.696828738907558E+001
  0.183615212339089E+000  0.000000000000000E+000 -0.441176724094070E+001 -0.441176724094070E+001 -0.666839439202121E+001
  0.183615606970537E+000  0.000000000000000E+000 -0.544926052283246E+001 -0.544926052283246E+001 -0.130559643268612E+002
  0.183615606981832E+000  0.000000000000000E+000 -0.581945666142381E+001 -0.581945666142381E+001 -0.701938680970563E+001
  0.183539283266080E+000  0.000000000000000E+000 -0.579538859328168E+001 -0.579538859328168E+001 -0.696828738907558E+001
  0.183615606924570E+000  0.000000000000000E+000 -0.579669944305909E+001 -0.579669944305909E+001 -0.773268504954469E+001
  0.184225902166823E+000  0.000000000000000E+000 -0.530007544141953E+001 -0.530007544141953E+001 -0.656796568625833E+001
  0.183615611628513E+000  0.000000000000000E+000 -0.388754736062330E+001 -0.388754736062330E+001 -0.701938680970563E+001
  0.183615606529496E+000  0.000000000000000E+000 -0.494560236842461E+001 -0.494560236842461E+001 -0.666839439202121E+001
  0.183540152905027E+000  0.000000000000000E+000 -0.510138755654974E+001 -0.510138755654974E+001 -0.666839439202121E+001
  0.183615606970537E+000  0.000000000000000E+000 -0.536700419198880E+001 -0.536700419198880E+001 -0.656796568625833E+001
  0.183195620170466E+000  0.000000000000000E+000 -0.587506578683471E+001 -0.587506578683471E+001 -0.593686338210890E+001
  0.183599289754913E+000  0.000000000000000E+000 -0.581130347246771E+001 -0.581130347246771E+001 -0.593686338210890E+001
  0.183583021193085E+000  0.000000000000000E+000 -0.512159690003454E+001 -0.512159690003454E+001 -0.593686338210890E+001
  0.190602799662923E+000  0.000000000000000E+000 -0.559042021631159E+001 -0.559042021631159E+001 -0.634518537704912E+001
  0.190349003914259E+000  0.000000000000000E+000 -0.528089081825611E+001 -0.528089081825611E+001 -0.788198266374221E+001
  0.190331461361327E+000  0.000000000000000E+000 -0.498112114123823E+001 -0.498112114123823E+001 -0.737608683064225E+001
  0.190331461361328E+000  0.000000000000000E+000 -0.537334429341670E+001 -0.537334429341670E+001 -0.634518537704912E+001
  0.190343167815039E+000  0.000000000000000E+000 -0.576809583907568E+001 -0.576809583907568E+001 -0.737608683064225E+001
  0.190331461361250E+000  0.000000000000000E+000 -0.580108062913608E+001 -0.580108062913608E+001 -0.634518537704912E+001
  0.981132173256894E-001  0.000000000000000E+000 -0.417966869821981E+001 -0.417966869821981E+001 -0.710177930776497E+001
  0.981132173256894E-001  0.000000000000000E+000 -0.540878877253837E+001 -0.540878877253837E+001 -0.807131630633243E+001
  0.977873878609246E-001  0.000000000000000E+000 -0.497598938492807E+001 -0.497598938492807E+001 -0.687826813092127E+001
  0.978315490612871E-001  0.000000000000000E+000 -0.560046995343289E+001 -0.560046995343289E+001 -0.662393059896438E+001
  0.978315490612867E-001  0.000000000000000E+000 -0.571450531525732E+001 -0.571450531525732E+001 -0.647502446584848E+001
  0.977873878042999E-001  0.000000000000000E+000 -0.596012145417091E+001 -0.596012145417091E+001 -0.647502446584848E+001
  0.140914627578587E+000  0.000000000000000E+000 -0.584209941968899E+001 -0.584209941968899E+001 -0.648640777121155E+001
  0.138084496666997E+000  0.000000000000000E+000 -0.629570514558644E+001 -0.629570514558644E+001 -0.668682659928462E+001
  0.140914627578587E+000  0.000000000000000E+000 -0.615343973350461E+001 -0.615343973350461E+001 -0.116418864961713E+002
  0.136136479450077E+000  0.000000000000000E+000 -0.565652729677505E+001 -0.565652729677505E+001 -0.646840788081677E+001
  0.141530029324276E+000  0.000000000000000E+000 -0.559820003232920E+001 -0.559820003232920E+001 -0.789915704078732E+001
  0.141955126559736E+000  0.000000000000000E+000 -0.621778532353543E+001 -0.621778532353543E+001 -0.104887382505535E+002
  0.140480687879908E+000  0.000000000000000E+000 -0.524061852879376E+001 -0.524061852879376E+001 -0.756105049933218E+001
  0.138084496666999E+000  0.000000000000000E+000 -0.570007708342734E+001 -0.570007708342734E+001 -0.668682659928462E+001
  0.141072744582603E+000  0.000000000000000E+000 -0.599439745261868E+001 -0.599439745261868E+001 -0.664044689682137E+001
  0.140918265850481E+000  0.000000000000000E+000 -0.623375344250851E+001 -0.623375344250851E+001 -0.648640777121155E+001
  0.140480687879908E+000  0.000000000000000E+000 -0.600203520989135E+001 -0.600203520989135E+001 -0.714487328469022E+001
  0.140919681904561E+000  0.000000000000000E+000 -0.410584359985941E+001 -0.410584359985941E+001 -0.664044689682137E+001
  0.138060482487037E+000  0.000000000000000E+000 -0.589722998197725E+001 -0.589722998197725E+001 -0.778178310854794E+001
  0.140480656030217E+000  0.000000000000000E+000 -0.571200977775456E+001 -0.571200977775456E+001 -0.854646496753847E+001
  0.143404852078850E+000  0.000000000000000E+000 -0.524211559457188E+001 -0.524211559457188E+001 -0.101566270613404E+002
  0.140914876273972E+000  0.000000000000000E+000 -0.628925123205845E+001 -0.628925123205845E+001 -0.813579432913130E+001
  0.141072744191304E+000  0.000000000000000E+000 -0.625264323369115E+001 -0.625264323369115E+001 -0.887702643298950E+001
  0.143264813666932E+000  0.000000000000000E+000 -0.564761678269934E+001 -0.564761678269934E+001 -0.854646496753847E+001
  0.143265359899087E+000  0.000000000000000E+000 -0.520770531920512E+001 -0.520770531920512E+001 -0.674924572421632E+001
  0.143410117899073E+000  0.000000000000000E+000 -0.624096120008849E+001 -0.624096120008849E+001 -0.678975948818659E+001
  0.143409508231278E+000  0.000000000000000E+000 -0.180010413513373E+001 -0.180010413513373E+001 -0.690971150195319E+001
  0.140918265852786E+000  0.000000000000000E+000 -0.588919162699830E+001 -0.588919162699830E+001 -0.648640777121155E+001
  0.136135167244465E+000  0.000000000000000E+000 -0.460503213092056E+001 -0.460503213092056E+001 -0.107272501447701E+002
  0.138060447251101E+000  0.000000000000000E+000 -0.540640230742735E+001 -0.540640230742735E+001 -0.768641079096826E+001
  0.141765261944175E+000  0.000000000000000E+000 -0.485851747348737E+001 -0.485851747348737E+001 -0.740297405236888E+001
  0.140914876299095E+000  0.000000000000000E+000 -0.518854931016756E+001 -0.518854931016756E+001 -0.707673559363920E+001
  0.142446213232813E+000  0.000000000000000E+000 -0.612365818863858E+001 -0.612365818863858E+001 -0.131978869015711E+002
  0.143410226595962E+000  0.000000000000000E+000 -0.394479821500245E+001 -0.394479821500245E+001 -0.689831678821987E+001
  0.139736033290750E+000  0.000000000000000E+000 -0.555588617032360E+001 -0.555588617032360E+001 -0.716166205902993E+001
  0.139985517216535E+000  0.000000000000000E+000 -0.611084276407666E+001 -0.611084276407666E+001 -0.773144742948446E+001
  0.141955126560438E+000  0.000000000000000E+000 -0.571877952447986E+001 -0.571877952447986E+001 -0.645072970828939E+001
  0.140955289085657E+000  0.000000000000000E+000 -0.343221431846696E+001 -0.343221431846696E+001 -0.845292491651520E+001
  0.138084496839499E+000  0.000000000000000E+000 -0.511434486034797E+001 -0.511434486034797E+001 -0.648640777121155E+001
  0.143409508230954E+000  0.000000000000000E+000 -0.567863184791298E+001 -0.567863184791298E+001 -0.953748045290777E+001
  0.144088010306343E+000  0.000000000000000E+000 -0.595311001994902E+001 -0.595311001994902E+001 -0.678975948818659E+001
  0.142399629791100E+000  0.000000000000000E+000 -0.537832962640135E+001 -0.537832962640135E+001 -0.632261669133792E+001
  0.140274275204865E+000  0.000000000000000E+000 -0.607301718460236E+001 -0.607301718460236E+001 -0.723781311496588E+001
  0.142034652109947E+000  0.000000000000000E+000 -0.625663751598538E+001 -0.625663751598538E+001 -0.713240055993252E+001
  0.141765138103914E+000  0.000000000000000E+000 -0.604722932601656E+001 -0.604722932601656E+001 -0.739047879579393E+001
  0.140918265850450E+000  0.000000000000000E+000 -0.535798485084168E+001 -0.535798485084168E+001 -0.646840788081677E+001
  0.140480573342252E+000  0.000000000000000E+000 -0.598094746200933E+001 -0.598094746200933E+001 -0.675990191646422E+001
  0.140480952166323E+000  0.000000000000000E+000 -0.424744542557792E+001 -0.424744542557792E+001 -0.730622555255005E+001
  0.139733342017650E+000  0.000000000000000E+000 -0.564319997963443E+001 -0.564319997963443E+001 -0.723781311496588E+001
  0.140914627578586E+000  0.000000000000000E+000 -0.538010455342370E+001 -0.538010455342370E+001 -0.716166205902993E+001
  0.140893581178703E+000  0.000000000000000E+000 -0.492932935153599E+001 -0.492932935153599E+001 -0.645576997934865E+001
  0.143434652424666E+000  0.000000000000000E+000 -0.503737883352729E+001 -0.503737883352729E+001 -0.648640777121155E+001
  0.143418380602736E+000  0.000000000000000E+000 -0.613491272492095E+001 -0.613491272492095E+001 -0.648640777121155E+001
  0.139986721093713E+000  0.000000000000000E+000 -0.554508560524576E+001 -0.554508560524576E+001 -0.648640777121155E+001
  0.136135167244365E+000  0.000000000000000E+000 -0.465667231629329E+001 -0.465667231629329E+001 -0.632261669133792E+001
  0.142182648183908E+000  0.000000000000000E+000 -0.563710814198000E+001 -0.563710814198000E+001 -0.632261669133792E+001
  0.126536451421735E+000  0.000000000000000E+000 -0.628266546224965E+001 -0.628266546224965E+001 -0.669829919748758E+001
  0.126465545952406E+000  0.000000000000000E+000 -0.484780505234816E+001 -0.484780505234816E+001 -0.946162084922321E+001
  0.126465545952406E+000  0.000000000000000E+000 -0.560280121482097E+001 -0.560280121482097E+001 -0.666172344947415E+001
  0.130877068428790E+000  0.000000000000000E+000 -0.550466313607476E+001 -0.550466313607476E+001 -0.635556719534201E+001
  0.131326728044471E+000  0.000000000000000E+000 -0.480002647829093E+001 -0.480002647829093E+001 -0.722566691137255E+001
  0.130803176171519E+000  0.000000000000000E+000 -0.621659637575232E+001 -0.621659637575232E+001 -0.854646496753847E+001
  0.130877068428907E+000  0.000000000000000E+000 -0.585461052700456E+001 -0.585461052700456E+001 -0.789915704078732E+001
  0.130877068431878E+000  0.000000000000000E+000 -0.609965965869673E+001 -0.609965965869673E+001 -0.635556719534201E+001
  0.150844099200772E+000  0.000000000000000E+000 -0.598340587657219E+001 -0.598340587657219E+001 -0.743332118796124E+001
  0.150663975535035E+000  0.000000000000000E+000 -0.474185727162190E+001 -0.474185727162190E+001 -0.669903855416361E+001
  0.150844099200666E+000  0.000000000000000E+000 -0.417757447955931E+001 -0.417757447955931E+001 -0.633842933367222E+001
  0.150672363401141E+000  0.000000000000000E+000 -0.608066135213327E+001 -0.608066135213327E+001 -0.786297843526319E+001
  0.152015953939385E+000  0.000000000000000E+000 -0.611087461224656E+001 -0.611087461224656E+001 -0.648747369229137E+001
  0.151917293760806E+000  0.000000000000000E+000 -0.613730794824349E+001 -0.613730794824349E+001 -0.104431172754457E+002
  0.151663011722825E+000  0.000000000000000E+000 -0.567234752494028E+001 -0.567234752494028E+001 -0.675236502658446E+001
