  0.333770116485257E+000  0.000000000000000E+000 -0.526316645834644E+002 -0.526316645834644E+002
  0.331941403159479E+000  0.000000000000000E+000 -0.504956481899805E+002 -0.504956481899805E+002
  0.333770116485249E+000  0.000000000000000E+000 -0.522455782216783E+002 -0.522455782216783E+002
  0.346193931466979E+000  0.000000000000000E+000 -0.494660572760291E+002 -0.494660572760291E+002
  0.335260594179980E+000  0.000000000000000E+000 -0.517960133226013E+002 -0.517960133226013E+002
  0.328987836427780E+000  0.000000000000000E+000 -0.464135364931007E+002 -0.464135364931007E+002
  0.331954059698092E+000  0.000000000000000E+000 -0.519909945222495E+002 -0.519909945222495E+002
  0.322378085881598E+000  0.000000000000000E+000 -0.510062886342500E+002 -0.510062886342500E+002
  0.354498420263532E+000  0.000000000000000E+000 -0.516907137519605E+002 -0.516907137519605E+002
  0.346445281764322E+000  0.000000000000000E+000 -0.503533395328103E+002 -0.503533395328103E+002
  0.346445278916427E+000  0.000000000000000E+000 -0.458931401130098E+002 -0.458931401130098E+002
  0.332495376889410E+000  0.000000000000000E+000 -0.451809821301022E+002 -0.451809821301022E+002
  0.334849736381760E+000  0.000000000000000E+000 -0.497988134200987E+002 -0.497988134200987E+002
  0.326557997712895E+000  0.000000000000000E+000 -0.438246219526835E+002 -0.438246219526835E+002
  0.330029386846791E+000  0.000000000000000E+000 -0.426887128848328E+002 -0.426887128848328E+002
  0.326557910140789E+000  0.000000000000000E+000 -0.507828730623721E+002 -0.507828730623721E+002
  0.355504718078126E+000  0.000000000000000E+000 -0.523805407653504E+002 -0.523805407653504E+002
  0.333770116485258E+000  0.000000000000000E+000 -0.518335148912400E+002 -0.518335148912400E+002
  0.326557997712895E+000  0.000000000000000E+000 -0.404288504918439E+002 -0.404288504918439E+002
  0.333770116486142E+000  0.000000000000000E+000 -0.491778374811842E+002 -0.491778374811842E+002
  0.355536459890966E+000  0.000000000000000E+000 -0.519056549441672E+002 -0.519056549441672E+002
  0.332495376889466E+000  0.000000000000000E+000 -0.491979124944234E+002 -0.491979124944234E+002
  0.333772794917997E+000  0.000000000000000E+000 -0.401043384551145E+002 -0.401043384551145E+002
  0.331941288273084E+000  0.000000000000000E+000 -0.508538721826367E+002 -0.508538721826367E+002
  0.355505778472865E+000  0.000000000000000E+000 -0.523995297523631E+002 -0.523995297523631E+002
  0.330027959375293E+000  0.000000000000000E+000 -0.490657838975022E+002 -0.490657838975022E+002
  0.328091263502386E+000  0.000000000000000E+000 -0.370960421617626E+002 -0.370960421617626E+002
  0.355504718078182E+000  0.000000000000000E+000 -0.429483210279765E+002 -0.429483210279765E+002
  0.331237369764834E+000  0.000000000000000E+000 -0.438678815066825E+002 -0.438678815066825E+002
  0.335260591923728E+000  0.000000000000000E+000 -0.487507674350177E+002 -0.487507674350177E+002
  0.333772794895637E+000  0.000000000000000E+000 -0.284257402487492E+002 -0.284257402487492E+002
  0.355504727067401E+000  0.000000000000000E+000 -0.511120954163392E+002 -0.511120954163392E+002
  0.359127510758257E+000  0.000000000000000E+000 -0.394220950399329E+002 -0.394220950399329E+002
  0.349623987312670E+000  0.000000000000000E+000 -0.524639924368200E+002 -0.524639924368200E+002
  0.328091263502386E+000  0.000000000000000E+000 -0.510412017927551E+002 -0.510412017927551E+002
  0.354417749651188E+000  0.000000000000000E+000 -0.463481507769300E+002 -0.463481507769300E+002
  0.355505778475191E+000  0.000000000000000E+000 -0.453371046451094E+002 -0.453371046451094E+002
  0.344034421555672E+000  0.000000000000000E+000 -0.506888561134866E+002 -0.506888561134866E+002
  0.329167860551506E+000  0.000000000000000E+000 -0.524082653166780E+002 -0.524082653166780E+002
  0.349617585764797E+000  0.000000000000000E+000 -0.430069506852503E+002 -0.430069506852503E+002
  0.346445279943385E+000  0.000000000000000E+000 -0.430182613607845E+002 -0.430182613607845E+002
  0.349617322218612E+000  0.000000000000000E+000 -0.501037806235865E+002 -0.501037806235865E+002
  0.334441204592783E+000  0.000000000000000E+000 -0.475379769988150E+002 -0.475379769988150E+002
  0.346193928405644E+000  0.000000000000000E+000 -0.515524560874554E+002 -0.515524560874554E+002
  0.355503865510490E+000  0.000000000000000E+000 -0.331165504637944E+002 -0.331165504637944E+002
  0.326881814701964E+000  0.000000000000000E+000 -0.412229125035034E+002 -0.412229125035034E+002
  0.332297684510134E+000  0.000000000000000E+000 -0.495696028819474E+002 -0.495696028819474E+002
