  0.546430549032575E+000  0.000000000000000E+000 -0.446760804656781E+002 -0.446760804656781E+002
  0.550092964111868E+000  0.000000000000000E+000 -0.470364668155400E+002 -0.470364668155400E+002
  0.562571842034044E+000  0.000000000000000E+000 -0.481216573145931E+002 -0.481216573145931E+002
  0.547571923800562E+000  0.000000000000000E+000 -0.480601057333639E+002 -0.480601057333639E+002
  0.553634615069631E+000  0.000000000000000E+000 -0.457786575118941E+002 -0.457786575118941E+002
  0.547480083248052E+000  0.000000000000000E+000 -0.499485173897982E+002 -0.499485173897982E+002
  0.560865159706455E+000  0.000000000000000E+000 -0.346616017906067E+002 -0.346616017906067E+002
  0.546432224158639E+000  0.000000000000000E+000 -0.428463837393666E+002 -0.428463837393666E+002
  0.560865159707550E+000  0.000000000000000E+000 -0.466828813697066E+002 -0.466828813697066E+002
  0.547480115165198E+000  0.000000000000000E+000 -0.364659018465947E+002 -0.364659018465947E+002
  0.546305326014953E+000  0.000000000000000E+000 -0.302119792695947E+002 -0.302119792695947E+002
  0.547480115165175E+000  0.000000000000000E+000 -0.496705075138489E+002 -0.496705075138489E+002
  0.553422394434372E+000  0.000000000000000E+000 -0.428451484011198E+002 -0.428451484011198E+002
