  0.309667475325942E+000  0.000000000000000E+000 -0.447052385591705E+002 -0.447052385591705E+002
  0.297876809743575E+000  0.000000000000000E+000 -0.404418052923092E+002 -0.404418052923092E+002
  0.310214053157283E+000  0.000000000000000E+000 -0.508474419505211E+002 -0.508474419505211E+002
  0.312942371762261E+000  0.000000000000000E+000 -0.458065430341746E+002 -0.458065430341746E+002
  0.312941963566732E+000  0.000000000000000E+000 -0.381404028775234E+002 -0.381404028775234E+002
  0.313627136217494E+000  0.000000000000000E+000 -0.525481554161591E+002 -0.525481554161591E+002
  0.313638251553147E+000  0.000000000000000E+000 -0.398701546882955E+002 -0.398701546882955E+002
  0.274770194514686E+000  0.000000000000000E+000 -0.407546511625758E+002 -0.407546511625758E+002
  0.312942321593937E+000  0.000000000000000E+000 -0.419161415838546E+002 -0.419161415838546E+002
  0.312941963566731E+000  0.000000000000000E+000 -0.478155867109397E+002 -0.478155867109397E+002
  0.312942321594828E+000  0.000000000000000E+000 -0.520610448826417E+002 -0.520610448826417E+002
  0.312942322658705E+000  0.000000000000000E+000 -0.520928557742081E+002 -0.520928557742081E+002
  0.309667475322682E+000  0.000000000000000E+000 -0.508405551750161E+002 -0.508405551750161E+002
  0.298549451790810E+000  0.000000000000000E+000 -0.517692169232369E+002 -0.517692169232369E+002
  0.312945842827430E+000  0.000000000000000E+000 -0.447788530096147E+002 -0.447788530096147E+002
  0.312924297690683E+000  0.000000000000000E+000 -0.505857807945742E+002 -0.505857807945742E+002
  0.313627171013290E+000  0.000000000000000E+000 -0.523598281945329E+002 -0.523598281945329E+002
  0.312903052582144E+000  0.000000000000000E+000 -0.455040565969366E+002 -0.455040565969366E+002
  0.277304393457397E+000  0.000000000000000E+000 -0.421268758265203E+002 -0.421268758265203E+002
