  0.426204952974796E+000  0.000000000000000E+000 -0.461941546915224E+002 -0.461941546915224E+002
  0.421940361086389E+000  0.000000000000000E+000 -0.436148931060893E+002 -0.436148931060893E+002
  0.425859910293671E+000  0.000000000000000E+000 -0.507297308771170E+002 -0.507297308771170E+002
  0.426204952893491E+000  0.000000000000000E+000 -0.483765921646412E+002 -0.483765921646412E+002
  0.425861454823199E+000  0.000000000000000E+000 -0.475129027523267E+002 -0.475129027523267E+002
  0.426196965570850E+000  0.000000000000000E+000 -0.504165850416201E+002 -0.504165850416201E+002
  0.426204952941094E+000  0.000000000000000E+000 -0.458325879692740E+002 -0.458325879692740E+002
  0.425859910293658E+000  0.000000000000000E+000 -0.490404812138054E+002 -0.490404812138054E+002
  0.424169869606398E+000  0.000000000000000E+000 -0.469919410210002E+002 -0.469919410210002E+002
  0.426204952170049E+000  0.000000000000000E+000 -0.329339645206765E+002 -0.329339645206765E+002
  0.426204952873952E+000  0.000000000000000E+000 -0.458887587562254E+002 -0.458887587562254E+002
  0.425861454823204E+000  0.000000000000000E+000 -0.347827850417507E+002 -0.347827850417507E+002
  0.425859910439296E+000  0.000000000000000E+000 -0.404742725466080E+002 -0.404742725466080E+002
