  0.456226046003178E+000  0.000000000000000E+000 -0.509555859112908E+002 -0.509555859112908E+002
  0.453828009823069E+000  0.000000000000000E+000 -0.490490916301872E+002 -0.490490916301872E+002
  0.453264157131339E+000  0.000000000000000E+000 -0.476066326492421E+002 -0.476066326492421E+002
  0.453264151264424E+000  0.000000000000000E+000 -0.384108616174608E+002 -0.384108616174608E+002
  0.462003726003463E+000  0.000000000000000E+000 -0.419238418400241E+002 -0.419238418400241E+002
  0.453264157131340E+000  0.000000000000000E+000 -0.364242662452943E+002 -0.364242662452943E+002
  0.452719902159596E+000  0.000000000000000E+000 -0.258595448836156E+002 -0.258595448836156E+002
  0.456657039078838E+000  0.000000000000000E+000 -0.409311327459481E+002 -0.409311327459481E+002
  0.456226046003016E+000  0.000000000000000E+000 -0.481632699952279E+002 -0.481632699952279E+002
  0.453264151352711E+000  0.000000000000000E+000 -0.495333339343769E+002 -0.495333339343769E+002
  0.453149012233386E+000  0.000000000000000E+000 -0.487396922304281E+002 -0.487396922304281E+002
