  0.429560975763154E+000  0.000000000000000E+000 -0.341084023296048E+002 -0.341084023296048E+002
  0.429186974273788E+000  0.000000000000000E+000 -0.526401849078075E+002 -0.526401849078075E+002
  0.433424197232652E+000  0.000000000000000E+000 -0.383483114678068E+002 -0.383483114678068E+002
  0.433424197232600E+000  0.000000000000000E+000 -0.300118807514095E+002 -0.300118807514095E+002
  0.429560944300555E+000  0.000000000000000E+000 -0.456883969676809E+002 -0.456883969676809E+002
  0.427300816585917E+000  0.000000000000000E+000 -0.492312464915155E+002 -0.492312464915155E+002
  0.427303784446902E+000  0.000000000000000E+000 -0.492099092610034E+002 -0.492099092610034E+002
  0.441166023543431E+000  0.000000000000000E+000 -0.496319109287888E+002 -0.496319109287888E+002
  0.429186923027694E+000  0.000000000000000E+000 -0.474656064251249E+002 -0.474656064251249E+002
  0.427300814168203E+000  0.000000000000000E+000 -0.452598936018029E+002 -0.452598936018029E+002
  0.427312230427257E+000  0.000000000000000E+000 -0.441397695071934E+002 -0.441397695071934E+002
  0.432897805451853E+000  0.000000000000000E+000 -0.501679733774040E+002 -0.501679733774040E+002
  0.429186923027694E+000  0.000000000000000E+000 -0.425797664045413E+002 -0.425797664045413E+002
  0.427300816585921E+000  0.000000000000000E+000 -0.526565389669681E+002 -0.526565389669681E+002
  0.433568407026018E+000  0.000000000000000E+000 -0.517385380381172E+002 -0.517385380381172E+002
  0.427303984185744E+000  0.000000000000000E+000 -0.465566081946111E+002 -0.465566081946111E+002
  0.427312515585015E+000  0.000000000000000E+000 -0.331409528352650E+002 -0.331409528352650E+002
  0.427312514861544E+000  0.000000000000000E+000 -0.422775399822677E+002 -0.422775399822677E+002
  0.441166023544928E+000  0.000000000000000E+000 -0.413333357291469E+002 -0.413333357291469E+002
  0.433424170060024E+000  0.000000000000000E+000 -0.508327177600477E+002 -0.508327177600477E+002
  0.431515384056830E+000  0.000000000000000E+000 -0.524891380324138E+002 -0.524891380324138E+002
  0.427300742449979E+000  0.000000000000000E+000 -0.505054112360413E+002 -0.505054112360413E+002
  0.433453710265513E+000  0.000000000000000E+000 -0.479421164772345E+002 -0.479421164772345E+002
  0.433247622319786E+000  0.000000000000000E+000 -0.518753398359516E+002 -0.518753398359516E+002
  0.433424197347456E+000  0.000000000000000E+000 -0.445385167499110E+002 -0.445385167499110E+002
  0.427300742448922E+000  0.000000000000000E+000 -0.435663715647206E+002 -0.435663715647206E+002
  0.441152077049465E+000  0.000000000000000E+000 -0.507795982367940E+002 -0.507795982367940E+002
  0.429186974392989E+000  0.000000000000000E+000 -0.507387867519170E+002 -0.507387867519170E+002
  0.441165782945057E+000  0.000000000000000E+000 -0.400781223952319E+002 -0.400781223952319E+002
  0.429560944300554E+000  0.000000000000000E+000 -0.351061563412069E+002 -0.351061563412069E+002
  0.433907224434047E+000  0.000000000000000E+000 -0.500035768694726E+002 -0.500035768694726E+002
  0.429560945031715E+000  0.000000000000000E+000 -0.490149196484539E+002 -0.490149196484539E+002
  0.431410967635034E+000  0.000000000000000E+000 -0.382866376494122E+002 -0.382866376494122E+002
  0.441166023544956E+000  0.000000000000000E+000 -0.427964233586978E+002 -0.427964233586978E+002
