  0.416138085315503E+000  0.000000000000000E+000 -0.474141059056233E+002 -0.474141059056233E+002
  0.416683629259364E+000  0.000000000000000E+000 -0.519343178008062E+002 -0.519343178008062E+002
  0.416125333192031E+000  0.000000000000000E+000 -0.402586649935184E+002 -0.402586649935184E+002
  0.416138085769769E+000  0.000000000000000E+000 -0.494365111105560E+002 -0.494365111105560E+002
  0.416683644125638E+000  0.000000000000000E+000 -0.399716934531290E+002 -0.399716934531290E+002
  0.416121879408314E+000  0.000000000000000E+000 -0.482559083741990E+002 -0.482559083741990E+002
  0.416138085769563E+000  0.000000000000000E+000 -0.467603762239521E+002 -0.467603762239521E+002
  0.416138607226105E+000  0.000000000000000E+000 -0.329706453030010E+002 -0.329706453030010E+002
  0.416138085769770E+000  0.000000000000000E+000 -0.412332579876636E+002 -0.412332579876636E+002
  0.416148011319963E+000  0.000000000000000E+000 -0.516195423127434E+002 -0.516195423127434E+002
  0.416138085315488E+000  0.000000000000000E+000 -0.322238967157981E+002 -0.322238967157981E+002
  0.416228636052026E+000  0.000000000000000E+000 -0.382710155970277E+002 -0.382710155970277E+002
