  0.383669225638900E+000  0.000000000000000E+000 -0.471516069787157E+002 -0.471516069787157E+002
  0.383669049333189E+000  0.000000000000000E+000 -0.479682460025438E+002 -0.479682460025438E+002
  0.383667418143079E+000  0.000000000000000E+000 -0.429092348565328E+002 -0.429092348565328E+002
  0.383669049333189E+000  0.000000000000000E+000 -0.309063028088181E+002 -0.309063028088181E+002
  0.383669354745538E+000  0.000000000000000E+000 -0.475103598082602E+002 -0.475103598082602E+002
  0.383669049195979E+000  0.000000000000000E+000 -0.425375476693282E+002 -0.425375476693282E+002
  0.383669049333249E+000  0.000000000000000E+000 -0.517143164962795E+002 -0.517143164962795E+002
  0.383669226560363E+000  0.000000000000000E+000 -0.462240621149618E+002 -0.462240621149618E+002
  0.383669049333189E+000  0.000000000000000E+000 -0.400124541824521E+002 -0.400124541824521E+002
  0.383667418143078E+000  0.000000000000000E+000 -0.483803325336200E+002 -0.483803325336200E+002
