  0.514813396311831E+000  0.113147949516847E+002  0.127232560966214E+000  0.000000000000000E+000 -0.565739747584236E+001
  0.514813396311831E+000  0.114809491925456E+002  0.244499001610021E+000  0.000000000000000E+000 -0.574047459627280E+001
  0.514813396311831E+000  0.173048318139680E+002  0.184293439721370E+000  0.000000000000000E+000 -0.865241590698400E+001
  0.514813396311831E+000  0.133647459713956E+002  0.118870219076505E+000  0.000000000000000E+000 -0.668237298569781E+001
  0.514813396311831E+000  0.163419809233868E+002  0.118740825900795E+000  0.000000000000000E+000 -0.817099046169341E+001
  0.514813396311831E+000  0.178463774854169E+002  0.991032671456104E-001  0.000000000000000E+000 -0.948318231683486E+001
  0.514813396311831E+000  0.176615317497504E+002  0.120554393898398E+000  0.000000000000000E+000 -0.939075944900163E+001
  0.514813396311831E+000  0.168448089469627E+002  0.143477332153282E-001  0.000000000000000E+000 -0.898239804760778E+001
  0.514813396311831E+000  0.890949629827351E+001  0.197118179446632E+000  0.000000000000000E+000 -0.445474814913675E+001
  0.514813396311831E+000  0.878004836177110E+001  0.151475150592869E+000  0.000000000000000E+000 -0.439002418088555E+001
  0.514813396311831E+000  0.806345985944141E+001  0.168886802614669E+000  0.000000000000000E+000 -0.403172992972071E+001
  0.514813396311831E+000  0.661816907800700E+001  0.160861824734765E+000  0.000000000000000E+000 -0.330908453900350E+001
