  0.109954478786572E+000  0.000000000000000E+000 -0.694157053029978E+001 -0.694157053029978E+001
  0.232194834051216E+000  0.000000000000000E+000 -0.665345864156967E+001 -0.665345864156967E+001
  0.126417538030108E+000  0.000000000000000E+000 -0.720438544263612E+001 -0.720438544263612E+001
  0.127871993575059E+000  0.000000000000000E+000 -0.739397155267853E+001 -0.739397155267853E+001
  0.251301317102870E+000  0.000000000000000E+000 -0.742407379852333E+001 -0.742407379852333E+001
  0.145289569983937E+000  0.000000000000000E+000 -0.701796576438089E+001 -0.701796576438089E+001
  0.179853461994614E+000  0.000000000000000E+000 -0.693325634936859E+001 -0.693325634936859E+001
  0.133116557440936E+000  0.000000000000000E+000 -0.714257949193363E+001 -0.714257949193363E+001
  0.180889896033466E+000  0.000000000000000E+000 -0.794790625209460E+001 -0.794790625209460E+001
  0.225752930179086E+000  0.000000000000000E+000 -0.745206887564082E+001 -0.745206887564082E+001
  0.165984966333308E+000  0.000000000000000E+000 -0.813092584423907E+001 -0.813092584423907E+001
  0.220182279628532E+000  0.000000000000000E+000 -0.771749651354791E+001 -0.771749651354791E+001
  0.131185257297903E+000  0.000000000000000E+000 -0.681371568718487E+001 -0.681371568718487E+001
  0.202586994386316E+000  0.000000000000000E+000 -0.734779946178371E+001 -0.734779946178371E+001
  0.232196355434609E+000  0.000000000000000E+000 -0.787585082461404E+001 -0.787585082461404E+001
  0.114435232533026E+000  0.000000000000000E+000 -0.657865551558672E+001 -0.657865551558672E+001
  0.120544248428902E+000  0.000000000000000E+000 -0.775381412908153E+001 -0.775381412908153E+001
  0.165294331941514E+000  0.000000000000000E+000 -0.771070277692930E+001 -0.771070277692930E+001
  0.227504320361135E+000  0.000000000000000E+000 -0.622198547460828E+001 -0.622198547460828E+001
  0.158619158777515E+000  0.000000000000000E+000 -0.762831848629071E+001 -0.762831848629071E+001
  0.197118179446632E+000  0.000000000000000E+000 -0.445474814913675E+001 -0.445474814913675E+001
  0.122801408546028E+000  0.000000000000000E+000 -0.695841731934841E+001 -0.695841731934841E+001
  0.188268076124421E+000  0.000000000000000E+000 -0.803588503145827E+001 -0.803588503145827E+001
  0.181172820637863E+000  0.000000000000000E+000 -0.596234386133444E+001 -0.596234386133444E+001
  0.217552703369983E+000  0.000000000000000E+000 -0.714065954618339E+001 -0.714065954618339E+001
  0.113431033398791E+000  0.000000000000000E+000 -0.798701435394031E+001 -0.798701435394031E+001
  0.115574645471586E+000  0.000000000000000E+000 -0.717854261622917E+001 -0.717854261622917E+001
  0.224067848790743E+000  0.000000000000000E+000 -0.760430807347638E+001 -0.760430807347638E+001
  0.151353082179463E+000  0.000000000000000E+000 -0.792385546629482E+001 -0.792385546629482E+001
  0.118836962314507E+000  0.000000000000000E+000 -0.758604951571647E+001 -0.758604951571647E+001
  0.121208627728161E+000  0.000000000000000E+000 -0.781917537489125E+001 -0.781917537489125E+001
  0.133348546308489E+000  0.000000000000000E+000 -0.772850291795148E+001 -0.772850291795148E+001
  0.187428400837769E+000  0.000000000000000E+000 -0.817776242577109E+001 -0.817776242577109E+001
  0.179827832035013E+000  0.000000000000000E+000 -0.708460767498576E+001 -0.708460767498576E+001
  0.227504320357683E+000  0.000000000000000E+000 -0.602791460841489E+001 -0.602791460841489E+001
  0.127400288366307E+000  0.000000000000000E+000 -0.641015923448898E+001 -0.641015923448898E+001
  0.188316420857446E+000  0.000000000000000E+000 -0.709333892482330E+001 -0.709333892482330E+001
  0.135321273826921E+000  0.000000000000000E+000 -0.789373077772423E+001 -0.789373077772423E+001
  0.168407055330095E+000  0.000000000000000E+000 -0.683400897821647E+001 -0.683400897821647E+001
  0.197436716183487E+000  0.000000000000000E+000 -0.702599168590499E+001 -0.702599168590499E+001
  0.188268073197802E+000  0.000000000000000E+000 -0.795807231264429E+001 -0.795807231264429E+001
  0.202078466484138E+000  0.000000000000000E+000 -0.795434994723261E+001 -0.795434994723261E+001
  0.138806359975024E+000  0.000000000000000E+000 -0.738789604351398E+001 -0.738789604351398E+001
  0.213754461188422E+000  0.000000000000000E+000 -0.679811425068300E+001 -0.679811425068300E+001
  0.141383698338928E+000  0.000000000000000E+000 -0.618407989851362E+001 -0.618407989851362E+001
  0.128525894622973E+000  0.000000000000000E+000 -0.811724947931433E+001 -0.811724947931433E+001
  0.138321317086300E+000  0.000000000000000E+000 -0.396438051959974E+001 -0.396438051959974E+001
  0.115683920933408E+000  0.000000000000000E+000 -0.610578832039698E+001 -0.610578832039698E+001
  0.144855495908471E+000  0.000000000000000E+000 -0.790994639312261E+001 -0.790994639312261E+001
  0.244482575340153E+000  0.000000000000000E+000 -0.654695930571858E+001 -0.654695930571858E+001
  0.160861824229521E+000  0.000000000000000E+000 -0.759457772268186E+001 -0.759457772268186E+001
  0.138893220070110E+000  0.000000000000000E+000 -0.799107132776758E+001 -0.799107132776758E+001
  0.140316108613741E+000  0.000000000000000E+000 -0.707989061096824E+001 -0.707989061096824E+001
  0.220235480636149E+000  0.000000000000000E+000 -0.818520520765602E+001 -0.818520520765602E+001
  0.132045978087570E+000  0.000000000000000E+000 -0.808331094928547E+001 -0.808331094928547E+001
  0.186851185280750E+000  0.000000000000000E+000 -0.813916883130628E+001 -0.813916883130628E+001
  0.225753140650266E+000  0.000000000000000E+000 -0.678707856133547E+001 -0.678707856133547E+001
  0.127235747692859E+000  0.000000000000000E+000 -0.759741405390707E+001 -0.759741405390707E+001
  0.180151973875242E+000  0.000000000000000E+000 -0.687252313721949E+001 -0.687252313721949E+001
  0.142307546617569E+000  0.000000000000000E+000 -0.788426123628683E+001 -0.788426123628683E+001
  0.152338402536064E+000  0.000000000000000E+000 -0.751401110145576E+001 -0.751401110145576E+001
  0.180203416339258E+000  0.000000000000000E+000 -0.816808531365993E+001 -0.816808531365993E+001
  0.146473858634432E+000  0.000000000000000E+000 -0.576949034304320E+001 -0.576949034304320E+001
  0.133653888225491E+000  0.000000000000000E+000 -0.722619456439659E+001 -0.722619456439659E+001
  0.136355060941497E+000  0.000000000000000E+000 -0.762546494200774E+001 -0.762546494200774E+001
  0.135718473517962E+000  0.000000000000000E+000 -0.699607492373576E+001 -0.699607492373576E+001
  0.225766784505323E+000  0.000000000000000E+000 -0.720420786181013E+001 -0.720420786181013E+001
  0.134555793618913E+000  0.000000000000000E+000 -0.754608202597163E+001 -0.754608202597163E+001
  0.118740825900795E+000  0.000000000000000E+000 -0.817099046169341E+001 -0.817099046169341E+001
  0.227464793979030E+000  0.000000000000000E+000 -0.585178413859414E+001 -0.585178413859414E+001
  0.144187765086628E+000  0.000000000000000E+000 -0.768201277342867E+001 -0.768201277342867E+001
  0.139165201969580E+000  0.000000000000000E+000 -0.667600638140080E+001 -0.667600638140080E+001
  0.227142576685184E+000  0.000000000000000E+000 -0.752808323155917E+001 -0.752808323155917E+001
  0.108538571655442E+000  0.000000000000000E+000 -0.793645208520165E+001 -0.793645208520165E+001
  0.121366760673944E+000  0.000000000000000E+000 -0.665702496513588E+001 -0.665702496513588E+001
  0.121902888260280E+000  0.000000000000000E+000 -0.759564371408866E+001 -0.759564371408866E+001
  0.120363967784611E+000  0.000000000000000E+000 -0.814833689361234E+001 -0.814833689361234E+001
  0.190082528636806E+000  0.000000000000000E+000 -0.789865034685895E+001 -0.789865034685895E+001
  0.232194833805868E+000  0.000000000000000E+000 -0.746951372594240E+001 -0.746951372594240E+001
  0.151020581003263E+000  0.000000000000000E+000 -0.738737805339310E+001 -0.738737805339310E+001
  0.168886394912630E+000  0.000000000000000E+000 -0.606878157216841E+001 -0.606878157216841E+001
  0.151163855369884E+000  0.000000000000000E+000 -0.769363949857963E+001 -0.769363949857963E+001
  0.133892947909970E+000  0.000000000000000E+000 -0.664835567869675E+001 -0.664835567869675E+001
  0.139975078391291E+000  0.000000000000000E+000 -0.797025538027056E+001 -0.797025538027056E+001
  0.220235408590628E+000  0.000000000000000E+000 -0.521910719841441E+001 -0.521910719841441E+001
  0.112897721931077E+000  0.000000000000000E+000 -0.747764534184542E+001 -0.747764534184542E+001
  0.233886938986328E+000  0.000000000000000E+000 -0.658995853169945E+001 -0.658995853169945E+001
  0.127232560966214E+000  0.000000000000000E+000 -0.565739747584236E+001 -0.565739747584236E+001
  0.114736752087421E+000  0.000000000000000E+000 -0.663711041282945E+001 -0.663711041282945E+001
  0.147464445735020E+000  0.000000000000000E+000 -0.806065644833926E+001 -0.806065644833926E+001
  0.147422874583988E+000  0.000000000000000E+000 -0.756473993800092E+001 -0.756473993800092E+001
  0.220231607547906E+000  0.000000000000000E+000 -0.813885771121170E+001 -0.813885771121170E+001
  0.140347175151069E+000  0.000000000000000E+000 -0.798349252729718E+001 -0.798349252729718E+001
  0.192400928147879E+000  0.000000000000000E+000 -0.686275339384975E+001 -0.686275339384975E+001
  0.140740083951269E+000  0.000000000000000E+000 -0.769167028447666E+001 -0.769167028447666E+001
  0.140660914072835E+000  0.000000000000000E+000 -0.758806307548026E+001 -0.758806307548026E+001
  0.196522096270832E+000  0.000000000000000E+000 -0.790009100002009E+001 -0.790009100002009E+001
