  0.847218186254909E-001  0.000000000000000E+000 -0.791985211590076E+001 -0.791985211590076E+001
  0.654962670858898E-001  0.000000000000000E+000 -0.816397966587312E+001 -0.816397966587312E+001
  0.640159572254416E-001  0.000000000000000E+000 -0.799712810796566E+001 -0.799712810796566E+001
  0.626128485819621E-001  0.000000000000000E+000 -0.735302320219758E+001 -0.735302320219758E+001
  0.963515630108106E-001  0.000000000000000E+000 -0.702548886992680E+001 -0.702548886992680E+001
  0.744910498300781E-001  0.000000000000000E+000 -0.773172301685866E+001 -0.773172301685866E+001
  0.973097183986360E-001  0.000000000000000E+000 -0.691966075616500E+001 -0.691966075616500E+001
  0.848919000082305E-001  0.000000000000000E+000 -0.704419688108363E+001 -0.704419688108363E+001
  0.860155878936513E-001  0.000000000000000E+000 -0.755014612992675E+001 -0.755014612992675E+001
  0.688224356107160E-001  0.000000000000000E+000 -0.804320828551539E+001 -0.804320828551539E+001
  0.714591506395500E-001  0.000000000000000E+000 -0.744121385189571E+001 -0.744121385189571E+001
  0.923113039335877E-001  0.000000000000000E+000 -0.816406826300505E+001 -0.816406826300505E+001
  0.468088700790581E-001  0.000000000000000E+000 -0.770496210282630E+001 -0.770496210282630E+001
  0.779026313641847E-001  0.000000000000000E+000 -0.799365032926297E+001 -0.799365032926297E+001
  0.220545343047109E-001  0.000000000000000E+000 -0.812174095026304E+001 -0.812174095026304E+001
  0.277199491380632E-001  0.000000000000000E+000 -0.738046042535426E+001 -0.738046042535426E+001
  0.512001709846889E-001  0.000000000000000E+000 -0.782003902985319E+001 -0.782003902985319E+001
  0.104473196664777E+000  0.000000000000000E+000 -0.760506056323753E+001 -0.760506056323753E+001
  0.776101224050689E-001  0.000000000000000E+000 -0.602075674952464E+001 -0.602075674952464E+001
  0.549238161571908E-001  0.000000000000000E+000 -0.809669852392736E+001 -0.809669852392736E+001
  0.543436860999421E-001  0.000000000000000E+000 -0.778595055113296E+001 -0.778595055113296E+001
  0.804930601932853E-001  0.000000000000000E+000 -0.585760546306316E+001 -0.585760546306316E+001
  0.305090958405176E-001  0.000000000000000E+000 -0.777541203865612E+001 -0.777541203865612E+001
  0.549098698651553E-001  0.000000000000000E+000 -0.709337480651215E+001 -0.709337480651215E+001
  0.355381698613667E-001  0.000000000000000E+000 -0.788714249898779E+001 -0.788714249898779E+001
  0.848651012063659E-001  0.000000000000000E+000 -0.792525075603223E+001 -0.792525075603223E+001
  0.970278082247783E-001  0.000000000000000E+000 -0.781233009356136E+001 -0.781233009356136E+001
  0.880611607856938E-001  0.000000000000000E+000 -0.758246062900999E+001 -0.758246062900999E+001
  0.841327244382107E-001  0.000000000000000E+000 -0.750043980182309E+001 -0.750043980182309E+001
  0.918930564595243E-001  0.000000000000000E+000 -0.704954228711434E+001 -0.704954228711434E+001
  0.587193908639707E-001  0.000000000000000E+000 -0.750261725568498E+001 -0.750261725568498E+001
  0.379080925753756E-001  0.000000000000000E+000 -0.810739462877434E+001 -0.810739462877434E+001
  0.869068201586616E-001  0.000000000000000E+000 -0.788578342747713E+001 -0.788578342747713E+001
  0.855864195468096E-001  0.000000000000000E+000 -0.813162858169945E+001 -0.813162858169945E+001
  0.907518901539617E-001  0.000000000000000E+000 -0.663397596221851E+001 -0.663397596221851E+001
  0.965778453535209E-001  0.000000000000000E+000 -0.687657442424602E+001 -0.687657442424602E+001
  0.628913720408457E-001  0.000000000000000E+000 -0.786044701397254E+001 -0.786044701397254E+001
  0.925956583710376E-001  0.000000000000000E+000 -0.813002276374428E+001 -0.813002276374428E+001
  0.889181938718189E-001  0.000000000000000E+000 -0.734581154575694E+001 -0.734581154575694E+001
  0.538740462139825E-001  0.000000000000000E+000 -0.767423282351363E+001 -0.767423282351363E+001
  0.877589878416608E-001  0.000000000000000E+000 -0.554885193270506E+001 -0.554885193270506E+001
  0.803992258795137E-001  0.000000000000000E+000 -0.815040770345924E+001 -0.815040770345924E+001
  0.100286541639048E+000  0.000000000000000E+000 -0.717906854242389E+001 -0.717906854242389E+001
  0.925542892693493E-001  0.000000000000000E+000 -0.651557291352469E+001 -0.651557291352469E+001
  0.667549214491665E-001  0.000000000000000E+000 -0.693210425753122E+001 -0.693210425753122E+001
  0.816701769971950E-001  0.000000000000000E+000 -0.771163269256633E+001 -0.771163269256633E+001
  0.914105374829171E-001  0.000000000000000E+000 -0.760876996056834E+001 -0.760876996056834E+001
  0.878836101287679E-001  0.000000000000000E+000 -0.723636527468602E+001 -0.723636527468602E+001
  0.103587911255084E+000  0.000000000000000E+000 -0.754581007513759E+001 -0.754581007513759E+001
  0.946673383468489E-001  0.000000000000000E+000 -0.742401082176171E+001 -0.742401082176171E+001
  0.548342987376080E-001  0.000000000000000E+000 -0.794222075053836E+001 -0.794222075053836E+001
  0.646317295762396E-001  0.000000000000000E+000 -0.795611217654855E+001 -0.795611217654855E+001
  0.932215805146926E-001  0.000000000000000E+000 -0.673310520189975E+001 -0.673310520189975E+001
  0.742061183473710E-001  0.000000000000000E+000 -0.612093634448560E+001 -0.612093634448560E+001
  0.850717381657739E-001  0.000000000000000E+000 -0.754094019956020E+001 -0.754094019956020E+001
  0.818625602451461E-001  0.000000000000000E+000 -0.739953189856360E+001 -0.739953189856360E+001
  0.861946920237034E-001  0.000000000000000E+000 -0.808958825028050E+001 -0.808958825028050E+001
  0.798045949117248E-001  0.000000000000000E+000 -0.739963490085320E+001 -0.739963490085320E+001
  0.102465868543397E+000  0.000000000000000E+000 -0.809698172821573E+001 -0.809698172821573E+001
  0.762536459552775E-001  0.000000000000000E+000 -0.672797592118802E+001 -0.672797592118802E+001
  0.104054213395416E+000  0.000000000000000E+000 -0.616110942874360E+001 -0.616110942874360E+001
  0.372820015520795E-001  0.000000000000000E+000 -0.810686152737773E+001 -0.810686152737773E+001
  0.547820417800904E-001  0.000000000000000E+000 -0.792826616271958E+001 -0.792826616271958E+001
  0.536393889999651E-001  0.000000000000000E+000 -0.715750705735539E+001 -0.715750705735539E+001
  0.837201648185980E-001  0.000000000000000E+000 -0.728729689500533E+001 -0.728729689500533E+001
  0.640394486520362E-001  0.000000000000000E+000 -0.818267201056178E+001 -0.818267201056178E+001
  0.481968834021751E-001  0.000000000000000E+000 -0.813673526711462E+001 -0.813673526711462E+001
  0.830700535343431E-001  0.000000000000000E+000 -0.739830493394064E+001 -0.739830493394064E+001
  0.762988183932284E-001  0.000000000000000E+000 -0.753513268400587E+001 -0.753513268400587E+001
  0.974894060222983E-001  0.000000000000000E+000 -0.749156874455446E+001 -0.749156874455446E+001
  0.858049290000856E-001  0.000000000000000E+000 -0.789578790901964E+001 -0.789578790901964E+001
  0.490497853725058E-001  0.000000000000000E+000 -0.776830042908847E+001 -0.776830042908847E+001
  0.896007645323287E-001  0.000000000000000E+000 -0.672494877503404E+001 -0.672494877503404E+001
  0.540707833150515E-001  0.000000000000000E+000 -0.796907663253171E+001 -0.796907663253171E+001
  0.549744704877893E-001  0.000000000000000E+000 -0.757318597063451E+001 -0.757318597063451E+001
  0.100917848725398E+000  0.000000000000000E+000 -0.734209390743923E+001 -0.734209390743923E+001
  0.535719300437288E-001  0.000000000000000E+000 -0.806164724556834E+001 -0.806164724556834E+001
  0.526846308308275E-001  0.000000000000000E+000 -0.745545983006408E+001 -0.745545983006408E+001
  0.906908368297255E-001  0.000000000000000E+000 -0.701513316935093E+001 -0.701513316935093E+001
  0.756095172441093E-001  0.000000000000000E+000 -0.646337792958808E+001 -0.646337792958808E+001
  0.909127462071554E-001  0.000000000000000E+000 -0.708903116421491E+001 -0.708903116421491E+001
  0.572689936509434E-001  0.000000000000000E+000 -0.711601128361494E+001 -0.711601128361494E+001
  0.990491019597308E-001  0.000000000000000E+000 -0.762458439789033E+001 -0.762458439789033E+001
  0.218015597662883E-001  0.000000000000000E+000 -0.810051167882383E+001 -0.810051167882383E+001
  0.709762436668675E-001  0.000000000000000E+000 -0.713836754002987E+001 -0.713836754002987E+001
  0.100409146641776E+000  0.000000000000000E+000 -0.732771709488794E+001 -0.732771709488794E+001
  0.397531370984083E-001  0.000000000000000E+000 -0.761289088364125E+001 -0.761289088364125E+001
  0.738112819431739E-001  0.000000000000000E+000 -0.771872786647324E+001 -0.771872786647324E+001
  0.843031615197564E-001  0.000000000000000E+000 -0.787430142494882E+001 -0.787430142494882E+001
  0.709451819172911E-001  0.000000000000000E+000 -0.805636389188606E+001 -0.805636389188606E+001
  0.791192332833728E-001  0.000000000000000E+000 -0.800100908392626E+001 -0.800100908392626E+001
  0.677041818960462E-001  0.000000000000000E+000 -0.817035730074584E+001 -0.817035730074584E+001
  0.871907145781177E-001  0.000000000000000E+000 -0.803407549581476E+001 -0.803407549581476E+001
  0.541108596792870E-001  0.000000000000000E+000 -0.806708794315758E+001 -0.806708794315758E+001
  0.853048892014892E-001  0.000000000000000E+000 -0.754035061597458E+001 -0.754035061597458E+001
  0.839848959217150E-001  0.000000000000000E+000 -0.782787984185552E+001 -0.782787984185552E+001
  0.669690594282575E-001  0.000000000000000E+000 -0.810133405577243E+001 -0.810133405577243E+001
  0.876636177838890E-001  0.000000000000000E+000 -0.711863412548528E+001 -0.711863412548528E+001
  0.347400865047467E-001  0.000000000000000E+000 -0.787931117323357E+001 -0.787931117323357E+001
  0.750518073977432E-001  0.000000000000000E+000 -0.631990846317255E+001 -0.631990846317255E+001
  0.949695376157969E-001  0.000000000000000E+000 -0.694623837766191E+001 -0.694623837766191E+001
  0.607130558746631E-001  0.000000000000000E+000 -0.805268814573739E+001 -0.805268814573739E+001
  0.700573701266318E-001  0.000000000000000E+000 -0.678878142457549E+001 -0.678878142457549E+001
