  0.194813221337278E+000  0.130843044045991E-001  0.128543248506240E+001  0.100050033358353E-002 -0.132034944547105E+002 -0.132034944547105E+002 -0.100000000000000E+031
  0.572771485949198E+000  0.823445443351875E-001  0.107427105036903E+001  0.100050033358353E-002 -0.135859921561096E+002 -0.135859921561096E+002 -0.100000000000000E+031
  0.454927843280130E+000  0.669756162536974E-001  0.116707474250823E+001  0.100050033358353E-002 -0.134584670861431E+002 -0.134584670861431E+002 -0.100000000000000E+031
  0.365131469147136E+000  0.854075493508146E-001  0.122005689331728E+001  0.100050033358353E-002 -0.135365520191976E+002 -0.135365520191976E+002 -0.100000000000000E+031
  0.150430282240772E+000  0.237110114280852E-001  0.129562884450696E+001  0.100050033358353E-002 -0.132441255740406E+002 -0.132441255740406E+002 -0.100000000000000E+031
  0.184981317303413E+000  0.118708058707158E+000  0.128792471529535E+001  0.100050033358353E-002 -0.136812460032583E+002 -0.136812460032583E+002 -0.100000000000000E+031
  0.648462798345502E+000  0.180752304945221E-001  0.997645308662094E+000  0.100050033358353E-002 -0.132400861120792E+002 -0.132400861120792E+002 -0.100000000000000E+031
  0.713907840881974E+000  0.726958860887779E-001  0.917693496932552E+000  0.100050033358353E-002 -0.136244383560681E+002 -0.136244383560681E+002 -0.100000000000000E+031
  0.360536772734223E+000  0.294476976039614E-001  0.122240149812819E+001  0.100050033358353E-002 -0.132722843911640E+002 -0.132722843911640E+002 -0.100000000000000E+031
  0.762458447815944E+000  0.434517682699742E-002  0.847969403042144E+000  0.100050033358353E-002 -0.131781907258795E+002 -0.131781907258795E+002 -0.100000000000000E+031
  0.174951112118725E+000  0.109177157459457E+000  0.129032967008944E+001  0.100050033358353E-002 -0.136307311914794E+002 -0.136307311914794E+002 -0.100000000000000E+031
  0.279236868245654E+000  0.114017827014560E+000  0.125841158933614E+001  0.100050033358353E-002 -0.136712800787174E+002 -0.136712800787174E+002 -0.100000000000000E+031
  0.294345962487538E+000  0.780806344602816E-001  0.125248359367767E+001  0.100050033358353E-002 -0.134890084780346E+002 -0.134890084780346E+002 -0.100000000000000E+031
  0.294551978038069E+000  0.535207205195698E-002  0.125240040689895E+001  0.100050033358353E-002 -0.131748829783946E+002 -0.131748829783946E+002 -0.100000000000000E+031
  0.969194462963185E+000  0.228341948413705E-001  0.322782245716930E+000  0.100050033358353E-002 -0.136900056334989E+002 -0.136900056334989E+002 -0.100000000000000E+031
  0.211133124161170E-001  0.818136146135842E-001  0.131024986600131E+001  0.100050033358353E-002 -0.134874957474525E+002 -0.134874957474525E+002 -0.100000000000000E+031
  0.146161686638082E+000  0.913083851435844E-001  0.129646771537251E+001  0.100050033358353E-002 -0.135397552972039E+002 -0.135397552972039E+002 -0.100000000000000E+031
  0.125926804211651E+000  0.648542954574529E-001  0.130010947692398E+001  0.100050033358353E-002 -0.134160064113881E+002 -0.134160064113881E+002 -0.100000000000000E+031
  0.267515353071515E+000  0.576291776358093E-001  0.126277745919364E+001  0.100050033358353E-002 -0.133905191036218E+002 -0.133905191036218E+002 -0.100000000000000E+031
  0.491520938474759E+000  0.819086860438321E-001  0.114130615115537E+001  0.100050033358353E-002 -0.135495437672594E+002 -0.135495437672594E+002 -0.100000000000000E+031
  0.283131355481959E+000  0.532173864515600E-001  0.125691611704444E+001  0.100050033358353E-002 -0.133716805199832E+002 -0.133716805199832E+002 -0.100000000000000E+031
  0.763514089834413E+000  0.136592387377699E-002  0.846336450879315E+000  0.100050033358353E-002 -0.131621812194349E+002 -0.131621812194349E+002 -0.100000000000000E+031
  0.929640859983013E+000  0.206322721272318E-001  0.482891374832175E+000  0.100050033358353E-002 -0.134346167546211E+002 -0.134346167546211E+002 -0.100000000000000E+031
  0.370571294602281E-001  0.670175456346689E-001  0.130964185251800E+001  0.100050033358353E-002 -0.134224482659750E+002 -0.134224482659750E+002 -0.100000000000000E+031
  0.774733149246475E-001  0.295226257269020E-001  0.130660306903857E+001  0.100050033358353E-002 -0.132377020987326E+002 -0.132377020987326E+002 -0.100000000000000E+031
  0.230750842703595E+000  0.356597065081340E-001  0.127517423496926E+001  0.100050033358353E-002 -0.132937180245758E+002 -0.132937180245758E+002 -0.100000000000000E+031
  0.622944070013706E+000  0.397214982435476E-001  0.102519294312592E+001  0.100050033358353E-002 -0.133503629204538E+002 -0.133503629204538E+002 -0.100000000000000E+031
  0.497879591359567E+000  0.411854039123750E-001  0.113656252493179E+001  0.100050033358353E-002 -0.133357846615848E+002 -0.133357846615848E+002 -0.100000000000000E+031
  0.423720454129946E+000  0.887038252202461E-001  0.118707978275737E+001  0.100050033358353E-002 -0.135674044738618E+002 -0.135674044738618E+002 -0.100000000000000E+031
  0.348485998924439E-001  0.453332437422740E-001  0.130974598082208E+001  0.100050033358353E-002 -0.133296612182824E+002 -0.133296612182824E+002 -0.100000000000000E+031
  0.234422547141125E+000  0.121228103307105E+000  0.127402348507564E+001  0.100050033358353E-002 -0.137019513337338E+002 -0.137019513337338E+002 -0.100000000000000E+031
  0.885909099079783E+000  0.290559224473989E-001  0.607906555067185E+000  0.100050033358353E-002 -0.134505379007031E+002 -0.134505379007031E+002 -0.100000000000000E+031
  0.213850571025374E+000  0.106252870792966E+000  0.128022442534652E+001  0.100050033358353E-002 -0.136202278868334E+002 -0.136202278868334E+002 -0.100000000000000E+031
  0.166448814657105E+000  0.241541324789157E-001  0.129226006509653E+001  0.100050033358353E-002 -0.132460391615066E+002 -0.132460391615066E+002 -0.100000000000000E+031
  0.455102886664567E+000  0.532409316900491E-001  0.116695752383770E+001  0.100050033358353E-002 -0.133888760953849E+002 -0.133888760953849E+002 -0.100000000000000E+031
  0.549492424173584E+000  0.103139260488276E+000  0.109495613578498E+001  0.100050033358353E-002 -0.137079985922575E+002 -0.137079985922575E+002 -0.100000000000000E+031
  0.156505122063203E+000  0.927878698775018E-001  0.129439238362476E+001  0.100050033358353E-002 -0.135475577370498E+002 -0.135475577370498E+002 -0.100000000000000E+031
  0.412323639001451E-001  0.109383644780834E+000  0.130942749474401E+001  0.100050033358353E-002 -0.136212750669985E+002 -0.136212750669985E+002 -0.100000000000000E+031
  0.791956922242205E+000  0.397858497030201E-002  0.800186760217752E+000  0.100050033358353E-002 -0.131777707145974E+002 -0.131777707145974E+002 -0.100000000000000E+031
  0.306214451028756E+000  0.118271456901068E+000  0.124758691341112E+001  0.100050033358353E-002 -0.137003930651663E+002 -0.137003930651663E+002 -0.100000000000000E+031
  0.491589521957482E+000  0.461308926783413E-001  0.114125541690603E+001  0.100050033358353E-002 -0.133591147267206E+002 -0.133591147267206E+002 -0.100000000000000E+031
  0.535006641748309E+000  0.443310004952974E-001  0.110720859385448E+001  0.100050033358353E-002 -0.133568801775126E+002 -0.133568801775126E+002 -0.100000000000000E+031
  0.257798801575893E+000  0.114356116763581E+000  0.126624387498268E+001  0.100050033358353E-002 -0.136691589473789E+002 -0.136691589473789E+002 -0.100000000000000E+031
  0.749445909080427E+000  0.306405936163012E-001  0.867664746515567E+000  0.100050033358353E-002 -0.133364271104456E+002 -0.133364271104456E+002 -0.100000000000000E+031
  0.462968481105270E+000  0.103045001001536E-001  0.116163132879168E+001  0.100050033358353E-002 -0.131959412236073E+002 -0.131959412236073E+002 -0.100000000000000E+031
  0.136725020385825E+000  0.106933547401754E+000  0.129823475162042E+001  0.100050033358353E-002 -0.136160030368233E+002 -0.136160030368233E+002 -0.100000000000000E+031
  0.335300981385463E+000  0.572395051390354E-001  0.123467611453866E+001  0.100050033358353E-002 -0.133940196511029E+002 -0.133940196511029E+002 -0.100000000000000E+031
  0.148338887081846E-001  0.534520178010068E-001  0.131039780344866E+001  0.100050033358353E-002 -0.133699496098653E+002 -0.133699496098653E+002 -0.100000000000000E+031
  0.242583580739337E+000  0.112086984990981E+000  0.127139677878429E+001  0.100050033358353E-002 -0.136545446572410E+002 -0.136545446572410E+002 -0.100000000000000E+031
  0.236339680702217E+000  0.395299591152373E-001  0.127341499687412E+001  0.100050033358353E-002 -0.133100698652452E+002 -0.133100698652452E+002 -0.100000000000000E+031
  0.509349457740936E+000  0.636375081495203E-001  0.112779973135192E+001  0.100050033358353E-002 -0.134530145159265E+002 -0.134530145159265E+002 -0.100000000000000E+031
  0.644948605535643E+000  0.761304327426060E-001  0.100155019944667E+001  0.100050033358353E-002 -0.135887207415283E+002 -0.135887207415283E+002 -0.100000000000000E+031
  0.908704026589413E+000  0.353662307155859E-001  0.547073968640370E+000  0.100050033358353E-002 -0.136006787737172E+002 -0.136006787737172E+002 -0.100000000000000E+031
  0.155421663060435E+000  0.494068704397910E-001  0.129461658252850E+001  0.100050033358353E-002 -0.133464170688426E+002 -0.133464170688426E+002 -0.100000000000000E+031
  0.859842572908190E+000  0.159604169494174E-001  0.669109343249760E+000  0.100050033358353E-002 -0.132822687929453E+002 -0.132822687929453E+002 -0.100000000000000E+031
  0.199212866636138E+000  0.987769121483720E-001  0.128427381165278E+001  0.100050033358353E-002 -0.135806436998939E+002 -0.135806436998939E+002 -0.100000000000000E+031
  0.343601025998758E+000  0.105490225398208E-002  0.123075059348867E+001  0.100050033358353E-002 -0.131589233196839E+002 -0.131589233196839E+002 -0.100000000000000E+031
  0.115631427460032E+000  0.696586086417149E-001  0.130175113212476E+001  0.100050033358353E-002 -0.134371823821134E+002 -0.134371823821134E+002 -0.100000000000000E+031
  0.118826830114619E-001  0.894512841382737E-001  0.131044947367716E+001  0.100050033358353E-002 -0.135103117013277E+002 -0.135103117013277E+002 -0.100000000000000E+031
  0.143607882215107E-001  0.896558567898549E-001  0.131040685502678E+001  0.100050033358353E-002 -0.135153980782233E+002 -0.135153980782233E+002 -0.100000000000000E+031
  0.587374156395637E+000  0.468012551166042E-001  0.106064197169878E+001  0.100050033358353E-002 -0.133807171048138E+002 -0.133807171048138E+002 -0.100000000000000E+031
  0.287545624078667E+000  0.471243699882343E-001  0.125519380293984E+001  0.100050033358353E-002 -0.133449339461637E+002 -0.133449339461637E+002 -0.100000000000000E+031
  0.232086195343473E+000  0.660278823956548E-001  0.127475794367110E+001  0.100050033358353E-002 -0.134264141959545E+002 -0.134264141959545E+002 -0.100000000000000E+031
  0.458399720591920E-001  0.863596193405406E-001  0.130916435296267E+001  0.100050033358353E-002 -0.135128623735010E+002 -0.135128623735010E+002 -0.100000000000000E+031
  0.807832676630839E+000  0.576309105703438E-001  0.772449026576300E+000  0.100050033358353E-002 -0.136208097400124E+002 -0.136208097400124E+002 -0.100000000000000E+031
  0.692329192609015E+000  0.829877758347528E-001  0.945663250767938E+000  0.100050033358353E-002 -0.136837971173847E+002 -0.136837971173847E+002 -0.100000000000000E+031
  0.223828680092757E+000  0.358162443817044E-001  0.127729158966817E+001  0.100050033358353E-002 -0.132941894642026E+002 -0.132941894642026E+002 -0.100000000000000E+031
  0.381628506920193E+000  0.597385590305455E-001  0.121135466622929E+001  0.100050033358353E-002 -0.134107057293072E+002 -0.134107057293072E+002 -0.100000000000000E+031
  0.460612708012125E+000  0.700764576998892E-001  0.116323868357762E+001  0.100050033358353E-002 -0.134759701999671E+002 -0.134759701999671E+002 -0.100000000000000E+031
  0.774621199226304E+000  0.486110783814721E-001  0.828820163725778E+000  0.100050033358353E-002 -0.134902080847156E+002 -0.134902080847156E+002 -0.100000000000000E+031
  0.494656898106969E+000  0.365128228284581E-001  0.113897677914517E+001  0.100050033358353E-002 -0.133130244643787E+002 -0.133130244643787E+002 -0.100000000000000E+031
  0.423512669704532E+000  0.639545125242567E-001  0.118720712855193E+001  0.100050033358353E-002 -0.134373005597216E+002 -0.134373005597216E+002 -0.100000000000000E+031
  0.333949517226169E+000  0.158680268096452E-001  0.123530504333982E+001  0.100050033358353E-002 -0.132158792844606E+002 -0.132158792844606E+002 -0.100000000000000E+031
  0.759163137063225E+000  0.135089645638160E-001  0.853032312625019E+000  0.100050033358353E-002 -0.132302018592702E+002 -0.132302018592702E+002 -0.100000000000000E+031
  0.542836711440468E+000  0.245259193286743E-001  0.110064331430441E+001  0.100050033358353E-002 -0.132613632012172E+002 -0.132613632012172E+002 -0.100000000000000E+031
  0.102255687521949E+000  0.293870148516771E-001  0.130367233369012E+001  0.100050033358353E-002 -0.132660637090563E+002 -0.132660637090563E+002 -0.100000000000000E+031
  0.882949910400990E+000  0.268429478260154E-001  0.615256488592011E+000  0.100050033358353E-002 -0.134186108713636E+002 -0.134186108713636E+002 -0.100000000000000E+031
  0.417999786152876E-001  0.886066376577940E-001  0.130939658492244E+001  0.100050033358353E-002 -0.135237527327887E+002 -0.135237527327887E+002 -0.100000000000000E+031
  0.872971032027801E-001  0.270131999519331E-001  0.130553877073562E+001  0.100050033358353E-002 -0.132565184483268E+002 -0.132565184483268E+002 -0.100000000000000E+031
  0.449310699650509E+000  0.600327158515350E-001  0.117080619606855E+001  0.100050033358353E-002 -0.134218419527188E+002 -0.134218419527188E+002 -0.100000000000000E+031
  0.523673124500447E+000  0.667645926990614E-001  0.111647599631153E+001  0.100050033358353E-002 -0.134740305248170E+002 -0.134740305248170E+002 -0.100000000000000E+031
  0.383284164313049E+000  0.778986943725035E-002  0.121045652644724E+001  0.100050033358353E-002 -0.131848013785524E+002 -0.131848013785524E+002 -0.100000000000000E+031
  0.689280207192097E+000  0.617615354071163E-001  0.949480937212667E+000  0.100050033358353E-002 -0.135187209154259E+002 -0.135187209154259E+002 -0.100000000000000E+031
  0.442852786511559E+000  0.637143873985009E-001  0.117502453877141E+001  0.100050033358353E-002 -0.134393765426250E+002 -0.134393765426250E+002 -0.100000000000000E+031
  0.329273259238065E+000  0.588051865721716E-001  0.123745919894307E+001  0.100050033358353E-002 -0.134007454441554E+002 -0.134007454441554E+002 -0.100000000000000E+031
  0.895430972909019E-001  0.108830686232931E+000  0.130527748530940E+001  0.100050033358353E-002 -0.136227957484575E+002 -0.136227957484575E+002 -0.100000000000000E+031
  0.206993596093005E+000  0.395215637585247E-001  0.128215867131649E+001  0.100050033358353E-002 -0.133091139796352E+002 -0.133091139796352E+002 -0.100000000000000E+031
  0.639426701478950E+000  0.581338312020206E-001  0.100761291920303E+001  0.100050033358353E-002 -0.134653854054564E+002 -0.134653854054564E+002 -0.100000000000000E+031
  0.348527272971912E-001  0.692886952564482E-001  0.130974579219547E+001  0.100050033358353E-002 -0.134326536214158E+002 -0.134326536214158E+002 -0.100000000000000E+031
  0.986355786865529E+000  0.650843562847658E-002  0.215751444003832E+000  0.100050033358353E-002 -0.133397287790357E+002 -0.133397287790357E+002 -0.100000000000000E+031
  0.343469951295250E+000  0.510456747660395E-001  0.123081342988051E+001  0.100050033358353E-002 -0.133662244220724E+002 -0.133662244220724E+002 -0.100000000000000E+031
  0.825919204653839E+000  0.177694146435234E-001  0.738868502150888E+000  0.100050033358353E-002 -0.132787419489601E+002 -0.132787419489601E+002 -0.100000000000000E+031
  0.145757246933609E+000  0.112562218935305E+000  0.129654591652178E+001  0.100050033358353E-002 -0.136454073614288E+002 -0.136454073614288E+002 -0.100000000000000E+031
  0.524367435466975E+000  0.478420320849301E-001  0.111591615683958E+001  0.100050033358353E-002 -0.133729738572539E+002 -0.133729738572539E+002 -0.100000000000000E+031
  0.247479806607125E+000  0.757648300219949E-001  0.126977503755080E+001  0.100050033358353E-002 -0.134730454817095E+002 -0.134730454817095E+002 -0.100000000000000E+031
  0.405247300025383E+000  0.821373292082992E-001  0.119810680420967E+001  0.100050033358353E-002 -0.135275616935772E+002 -0.135275616935772E+002 -0.100000000000000E+031
  0.367983100711671E+000  0.212109420615592E-002  0.121858451569809E+001  0.100050033358353E-002 -0.131629675876152E+002 -0.131629675876152E+002 -0.100000000000000E+031
  0.510863238931611E+000  0.473316422934870E-001  0.112662315441384E+001  0.100050033358353E-002 -0.133680572038304E+002 -0.133680572038304E+002 -0.100000000000000E+031
  0.246724559911397E+000  0.387679838699555E-001  0.127002744220375E+001  0.100050033358353E-002 -0.133072048349332E+002 -0.133072048349332E+002 -0.100000000000000E+031
  0.697339914397284E+000  0.442672161421315E-001  0.939318619270207E+000  0.100050033358353E-002 -0.134033040202162E+002 -0.134033040202162E+002 -0.100000000000000E+031
  0.162765322092813E+000  0.270307562581404E-001  0.129306567517479E+001  0.100050033358353E-002 -0.132573508427052E+002 -0.132573508427052E+002 -0.100000000000000E+031
  0.118993931703171E-001  0.733773974975456E-001  0.131044921325257E+001  0.100050033358353E-002 -0.134386928578473E+002 -0.134386928578473E+002 -0.100000000000000E+031
  0.146464523649590E+000  0.536537503922865E-001  0.129640901481960E+001  0.100050033358353E-002 -0.133674343785822E+002 -0.133674343785822E+002 -0.100000000000000E+031
  0.880041453395939E+000  0.430113390508515E-001  0.622372298176136E+000  0.100050033358353E-002 -0.136174994752129E+002 -0.136174994752129E+002 -0.100000000000000E+031
  0.376406163061231E+000  0.119800032200468E+000  0.121415785857818E+001  0.100050033358353E-002 -0.137291546064552E+002 -0.137291546064552E+002 -0.100000000000000E+031
  0.575314930665880E+000  0.437241427587691E-001  0.107193421825763E+001  0.100050033358353E-002 -0.133613406951212E+002 -0.133613406951212E+002 -0.100000000000000E+031
  0.383348503925820E+000  0.105792987313779E+000  0.121042153235457E+001  0.100050033358353E-002 -0.136510917653269E+002 -0.136510917653269E+002 -0.100000000000000E+031
  0.911427644460037E+000  0.110863988431809E-001  0.539236116658511E+000  0.100050033358353E-002 -0.132723577014317E+002 -0.132723577014317E+002 -0.100000000000000E+031
  0.534247481433692E-001  0.612621793644830E-001  0.130867038663224E+001  0.100050033358353E-002 -0.133984413315235E+002 -0.133984413315235E+002 -0.100000000000000E+031
  0.120987259173294E+000  0.460719025604546E-001  0.130091483728750E+001  0.100050033358353E-002 -0.133344691063089E+002 -0.133344691063089E+002 -0.100000000000000E+031
  0.255103950360727E+000  0.748178346073821E-001  0.126718092698096E+001  0.100050033358353E-002 -0.134692113777504E+002 -0.134692113777504E+002 -0.100000000000000E+031
  0.431261747016060E+000  0.506949998169510E-001  0.118240619258141E+001  0.100050033358353E-002 -0.133733227317178E+002 -0.133733227317178E+002 -0.100000000000000E+031
  0.826163120375958E+000  0.180970576678133E-001  0.738399997475123E+000  0.100050033358353E-002 -0.132814028229884E+002 -0.132814028229884E+002 -0.100000000000000E+031
  0.131817107644825E+000  0.497235444226032E-001  0.129910628127631E+001  0.100050033358353E-002 -0.133502068806544E+002 -0.133502068806544E+002 -0.100000000000000E+031
  0.175211401312125E+000  0.200552073664395E-001  0.129026900941910E+001  0.100050033358353E-002 -0.132301009795917E+002 -0.132301009795917E+002 -0.100000000000000E+031
  0.826077788840790E+000  0.977138209652462E-002  0.738563948797288E+000  0.100050033358353E-002 -0.132196322330180E+002 -0.132196322330180E+002 -0.100000000000000E+031
  0.459988384074622E+000  0.908195133790488E-001  0.116366291745023E+001  0.100050033358353E-002 -0.135900453656686E+002 -0.135900453656686E+002 -0.100000000000000E+031
  0.132969019528213E+000  0.851751070100918E-001  0.129890464187430E+001  0.100050033358353E-002 -0.135095449716129E+002 -0.135095449716129E+002 -0.100000000000000E+031
  0.530271522431140E+000  0.730280765747493E-001  0.111111404426914E+001  0.100050033358353E-002 -0.135116097346647E+002 -0.135116097346647E+002 -0.100000000000000E+031
  0.165177236636948E+000  0.693393105953176E-001  0.129254026406953E+001  0.100050033358353E-002 -0.134376697528993E+002 -0.134376697528993E+002 -0.100000000000000E+031
  0.115922983252416E+000  0.468849297264267E-001  0.130170659459873E+001  0.100050033358353E-002 -0.133378799161255E+002 -0.133378799161255E+002 -0.100000000000000E+031
  0.776084899050336E-001  0.475295228754236E-002  0.130658929099133E+001  0.100050033358353E-002 -0.131721580114616E+002 -0.131721580114616E+002 -0.100000000000000E+031
  0.495375863010347E+000  0.582129433458208E-001  0.113843997404557E+001  0.100050033358353E-002 -0.134210485278872E+002 -0.134210485278872E+002 -0.100000000000000E+031
  0.940044610960957E+000  0.125882206528504E-001  0.446962322119918E+000  0.100050033358353E-002 -0.133316350468279E+002 -0.133316350468279E+002 -0.100000000000000E+031
  0.566094307508203E+000  0.740313747297486E-001  0.108033282773132E+001  0.100050033358353E-002 -0.135312037994550E+002 -0.135312037994550E+002 -0.100000000000000E+031
  0.443582655764676E-001  0.275691983497806E-002  0.130925201739258E+001  0.100050033358353E-002 -0.131648783273683E+002 -0.131648783273683E+002 -0.100000000000000E+031
  0.308054488929602E+000  0.706648568301980E-001  0.124680865847257E+001  0.100050033358353E-002 -0.134546837348425E+002 -0.134546837348425E+002 -0.100000000000000E+031
  0.695878535920466E+000  0.868967005815032E-001  0.941178183621295E+000  0.100050033358353E-002 -0.137202946506464E+002 -0.137202946506464E+002 -0.100000000000000E+031
  0.225974419692995E+000  0.204023535231528E-001  0.127664251948462E+001  0.100050033358353E-002 -0.132320639802895E+002 -0.132320639802895E+002 -0.100000000000000E+031
  0.587122890030150E+000  0.304595919377704E-003  0.106088088507141E+001  0.100050033358353E-002 -0.131562601210956E+002 -0.131562601210956E+002 -0.100000000000000E+031
  0.620250771453393E+000  0.344765527291735E-001  0.102799384004447E+001  0.100050033358353E-002 -0.133211272798160E+002 -0.133211272798160E+002 -0.100000000000000E+031
  0.146875762777664E+000  0.907476314619623E-001  0.129632910330244E+001  0.100050033358353E-002 -0.135369643931353E+002 -0.135369643931353E+002 -0.100000000000000E+031
  0.586822148822912E-001  0.109806287086924E+000  0.130828356128083E+001  0.100050033358353E-002 -0.136262778706094E+002 -0.136262778706094E+002 -0.100000000000000E+031
  0.354661330095868E+000  0.184225769733948E-002  0.122535000067069E+001  0.100050033358353E-002 -0.131618886618905E+002 -0.131618886618905E+002 -0.100000000000000E+031
  0.663788689035913E+000  0.733045150518166E-001  0.980180791590471E+000  0.100050033358353E-002 -0.135826959557902E+002 -0.135826959557902E+002 -0.100000000000000E+031
  0.402019397060472E+000  0.714852260652682E-001  0.119997307968312E+001  0.100050033358353E-002 -0.134717285514618E+002 -0.134717285514618E+002 -0.100000000000000E+031
  0.307898250365934E+000  0.190648324706532E-001  0.124687494055846E+001  0.100050033358353E-002 -0.132281125492517E+002 -0.132281125492517E+002 -0.100000000000000E+031
  0.215975457152831E+000  0.861581375260281E-001  0.127961162626159E+001  0.100050033358353E-002 -0.135201541727504E+002 -0.135201541727504E+002 -0.100000000000000E+031
  0.211291949183673E+000  0.346721912040948E-001  0.128095388742083E+001  0.100050033358353E-002 -0.132891255768691E+002 -0.132891255768691E+002 -0.100000000000000E+031
  0.664169445148766E+000  0.231093430979554E-001  0.979737698329125E+000  0.100050033358353E-002 -0.132681926216975E+002 -0.132681926216975E+002 -0.100000000000000E+031
  0.176608922651808E+000  0.478346941731989E-003  0.128994172443360E+001  0.100050033358353E-002 -0.131567208689363E+002 -0.131567208689363E+002 -0.100000000000000E+031
  0.985591897166651E-001  0.119719655004986E+000  0.130416122053939E+001  0.100050033358353E-002 -0.136785530734067E+002 -0.136785530734067E+002 -0.100000000000000E+031
  0.532290028996843E+000  0.919595634493117E-001  0.110945513802236E+001  0.100050033358353E-002 -0.136260953016337E+002 -0.136260953016337E+002 -0.100000000000000E+031
  0.286964224152152E+000  0.103134703654806E+000  0.125542230705536E+001  0.100050033358353E-002 -0.136148031382848E+002 -0.136148031382848E+002 -0.100000000000000E+031
  0.416105521297707E+000  0.723825993519743E-001  0.119169724689673E+001  0.100050033358353E-002 -0.134788661579586E+002 -0.134788661579586E+002 -0.100000000000000E+031
  0.110741293443578E+000  0.123867978377985E+000  0.130248120634304E+001  0.100050033358353E-002 -0.137008585889875E+002 -0.137008585889875E+002 -0.100000000000000E+031
  0.341813099802958E+000  0.319070676888948E-001  0.123160537218449E+001  0.100050033358353E-002 -0.132819171720287E+002 -0.132819171720287E+002 -0.100000000000000E+031
  0.555335086169429E+000  0.456232174807457E-001  0.108988169811904E+001  0.100050033358353E-002 -0.133673016644592E+002 -0.133673016644592E+002 -0.100000000000000E+031
  0.280901053931840E+000  0.713843684477952E-001  0.125777529837940E+001  0.100050033358353E-002 -0.134553136157349E+002 -0.134553136157349E+002 -0.100000000000000E+031
  0.747924646378089E+000  0.159535988125973E-001  0.869916341707988E+000  0.100050033358353E-002 -0.132426898333309E+002 -0.132426898333309E+002 -0.100000000000000E+031
  0.399492633787601E+000  0.103668609518485E+000  0.120142156117910E+001  0.100050033358353E-002 -0.136438957269664E+002 -0.136438957269664E+002 -0.100000000000000E+031
  0.800182365074465E+000  0.496336823915045E-002  0.786006436282638E+000  0.100050033358353E-002 -0.131842483362458E+002 -0.131842483362458E+002 -0.100000000000000E+031
  0.107616463048747E+000  0.443255594511549E-002  0.130293100744645E+001  0.100050033358353E-002 -0.131710205823713E+002 -0.131710205823713E+002 -0.100000000000000E+031
  0.337610288816381E+000  0.113756558308139E+000  0.123359480853226E+001  0.100050033358353E-002 -0.136831102468715E+002 -0.136831102468715E+002 -0.100000000000000E+031
  0.454468353359269E-001  0.945027308932157E-001  0.130918789399197E+001  0.100050033358353E-002 -0.135499614835115E+002 -0.135499614835115E+002 -0.100000000000000E+031
  0.423298650521839E+000  0.682680921082554E-001  0.118733821589960E+001  0.100050033358353E-002 -0.134590874593491E+002 -0.134590874593491E+002 -0.100000000000000E+031
  0.835435535398048E+000  0.235196532588859E-001  0.720258748610798E+000  0.100050033358353E-002 -0.133314633023226E+002 -0.133314633023226E+002 -0.100000000000000E+031
  0.540497898444432E+000  0.432701400118530E-001  0.110261843622423E+001  0.100050033358353E-002 -0.133524093280432E+002 -0.133524093280432E+002 -0.100000000000000E+031
  0.822203705625588E+000  0.530858999923745E-001  0.745951787578765E+000  0.100050033358353E-002 -0.136001229816317E+002 -0.136001229816317E+002 -0.100000000000000E+031
  0.130382882684529E+000  0.385674935241680E-001  0.129935484377801E+001  0.100050033358353E-002 -0.133035023143052E+002 -0.133035023143052E+002 -0.100000000000000E+031
  0.957191909171463E+000  0.160448248625099E-001  0.379341694021512E+000  0.100050033358353E-002 -0.134443469040860E+002 -0.134443469040860E+002 -0.100000000000000E+031
  0.247316549473572E+000  0.736609942192042E-001  0.126982966795627E+001  0.100050033358353E-002 -0.134630553687043E+002 -0.134630553687043E+002 -0.100000000000000E+031
  0.464385575328986E+000  0.337684425710256E-001  0.116065941084670E+001  0.100050033358353E-002 -0.132974425299590E+002 -0.132974425299590E+002 -0.100000000000000E+031
  0.254450710221210E+000  0.891262704069856E-001  0.126740648499121E+001  0.100050033358353E-002 -0.135386620354213E+002 -0.135386620354213E+002 -0.100000000000000E+031
  0.305596868659468E+000  0.117500193745721E+000  0.124784697021273E+001  0.100050033358353E-002 -0.136959691379694E+002 -0.136959691379694E+002 -0.100000000000000E+031
  0.454501953689909E+000  0.423726195615277E-001  0.116735970415304E+001  0.100050033358353E-002 -0.133364210082535E+002 -0.133364210082535E+002 -0.100000000000000E+031
  0.618790909270171E+000  0.725500571294522E-001  0.102950378223426E+001  0.100050033358353E-002 -0.135477068306165E+002 -0.135477068306165E+002 -0.100000000000000E+031
  0.273983233715172E+000  0.450326979242885E-001  0.126039341364114E+001  0.100050033358353E-002 -0.133351116183011E+002 -0.133351116183011E+002 -0.100000000000000E+031
  0.195838016912538E-001  0.371188109160695E-001  0.131029066289972E+001  0.100050033358353E-002 -0.133042078093316E+002 -0.133042078093316E+002 -0.100000000000000E+031
  0.553184107857893E+000  0.555009425088093E-001  0.109175884363580E+001  0.100050033358353E-002 -0.134198119821444E+002 -0.134198119821444E+002 -0.100000000000000E+031
  0.489463434068495E-001  0.122883404442841E+000  0.130897119670917E+001  0.100050033358353E-002 -0.136913619392880E+002 -0.136913619392880E+002 -0.100000000000000E+031
  0.588602367167915E+000  0.848871623859372E-001  0.105947189520480E+001  0.100050033358353E-002 -0.136112786386532E+002 -0.136112786386532E+002 -0.100000000000000E+031
  0.424534248879669E+000  0.822510326846277E-001  0.118658029537533E+001  0.100050033358353E-002 -0.135325602641335E+002 -0.135325602641335E+002 -0.100000000000000E+031
  0.127445062067042E+000  0.110365982894070E+000  0.129985535722010E+001  0.100050033358353E-002 -0.136327106918668E+002 -0.136327106918668E+002 -0.100000000000000E+031
  0.130077216744848E-001  0.916307895751161E-001  0.131043112291708E+001  0.100050033358353E-002 -0.135212924426632E+002 -0.135212924426632E+002 -0.100000000000000E+031
  0.814633992716041E+000  0.520142581400274E-001  0.760082113104157E+000  0.100050033358353E-002 -0.135752234225376E+002 -0.135752234225376E+002 -0.100000000000000E+031
  0.259878504374853E+000  0.753476608152822E-001  0.126551350955901E+001  0.100050033358353E-002 -0.134722086212583E+002 -0.134722086212583E+002 -0.100000000000000E+031
  0.964523793552353E-001  0.860329081726033E-001  0.130443172933665E+001  0.100050033358353E-002 -0.135120793838451E+002 -0.135120793838451E+002 -0.100000000000000E+031
  0.721667861180518E+000  0.246846626729980E-001  0.907208913041608E+000  0.100050033358353E-002 -0.132888869771691E+002 -0.132888869771691E+002 -0.100000000000000E+031
  0.303498900325208E+000  0.964417978162900E-001  0.124872607798807E+001  0.100050033358353E-002 -0.135827407195745E+002 -0.135827407195745E+002 -0.100000000000000E+031
  0.148065682940222E+000  0.118182660590063E+000  0.129609658925365E+001  0.100050033358353E-002 -0.136746164238001E+002 -0.136746164238001E+002 -0.100000000000000E+031
  0.172045284025235E+000  0.523585111721991E-002  0.129100056299886E+001  0.100050033358353E-002 -0.131741758899049E+002 -0.131741758899049E+002 -0.100000000000000E+031
  0.333009272969658E+000  0.237893905781256E-001  0.123574091712918E+001  0.100050033358353E-002 -0.132477756200045E+002 -0.132477756200045E+002 -0.100000000000000E+031
  0.325395838445891E+000  0.101278994305357E+000  0.123921954068616E+001  0.100050033358353E-002 -0.136122551997189E+002 -0.136122551997189E+002 -0.100000000000000E+031
  0.891905136312388E+000  0.340563101082664E-001  0.592656635111065E+000  0.100050033358353E-002 -0.135288156588180E+002 -0.135288156588180E+002 -0.100000000000000E+031
  0.910732535899566E+000  0.358726642623738E-001  0.541249479710129E+000  0.100050033358353E-002 -0.136165451569376E+002 -0.136165451569376E+002 -0.100000000000000E+031
  0.150612005759088E+000  0.300194485970579E-001  0.129559258382201E+001  0.100050033358353E-002 -0.132691118447790E+002 -0.132691118447790E+002 -0.100000000000000E+031
  0.208024801987363E+000  0.692696969433387E-001  0.128187199526856E+001  0.100050033358353E-002 -0.134397575453782E+002 -0.134397575453782E+002 -0.100000000000000E+031
  0.795793953392362E-001  0.272036337689874E-001  0.130638565642521E+001  0.100050033358353E-002 -0.132572645899377E+002 -0.132572645899377E+002 -0.100000000000000E+031
  0.494893075407997E+000  0.614682014589585E-002  0.113880055455581E+001  0.100050033358353E-002 -0.131795379508647E+002 -0.131795379508647E+002 -0.100000000000000E+031
  0.779534871728912E+000  0.522190287037834E-001  0.820869553618076E+000  0.100050033358353E-002 -0.135268339727575E+002 -0.135268339727575E+002 -0.100000000000000E+031
  0.538377655915010E+000  0.721009449933837E-001  0.110439857189106E+001  0.100050033358353E-002 -0.135090460501212E+002 -0.135090460501212E+002 -0.100000000000000E+031
  0.638134292899318E+000  0.782355119819167E-002  0.100901915028934E+001  0.100050033358353E-002 -0.131900100641256E+002 -0.131900100641256E+002 -0.100000000000000E+031
  0.150706264951984E+000  0.969032380889505E-001  0.129557375792074E+001  0.100050033358353E-002 -0.135810693453961E+002 -0.135810693453961E+002 -0.100000000000000E+031
  0.475023322358134E+000  0.834657090282142E-001  0.115324184529143E+001  0.100050033358353E-002 -0.135530688635423E+002 -0.135530688635423E+002 -0.100000000000000E+031
  0.254290229791075E+000  0.101347348709304E+000  0.126746180283670E+001  0.100050033358353E-002 -0.136003951956299E+002 -0.136003951956299E+002 -0.100000000000000E+031
  0.393297448662581E+000  0.769933001784853E-001  0.120492710846442E+001  0.100050033358353E-002 -0.134983227519587E+002 -0.134983227519587E+002 -0.100000000000000E+031
  0.130158000252116E+000  0.106025564020495E-001  0.129939356678382E+001  0.100050033358353E-002 -0.131938391669737E+002 -0.131938391669737E+002 -0.100000000000000E+031
  0.607202789651106E+000  0.965194338072010E-001  0.104128708007173E+001  0.100050033358353E-002 -0.137042576521629E+002 -0.137042576521629E+002 -0.100000000000000E+031
  0.141040936576810E+000  0.948662886959062E-002  0.129744151385662E+001  0.100050033358353E-002 -0.131897010674889E+002 -0.131897010674889E+002 -0.100000000000000E+031
  0.616257393065345E+000  0.585202754594250E-002  0.103211054850192E+001  0.100050033358353E-002 -0.131804309205287E+002 -0.131804309205287E+002 -0.100000000000000E+031
  0.874361267998324E+000  0.359476588569456E-001  0.635974008207631E+000  0.100050033358353E-002 -0.135112769723715E+002 -0.135112769723715E+002 -0.100000000000000E+031
  0.364357312750752E+000  0.120401884034904E-001  0.122045433041453E+001  0.100050033358353E-002 -0.132012286862706E+002 -0.132012286862706E+002 -0.100000000000000E+031
  0.343731982028881E-001  0.697231900433284E-001  0.130976755751283E+001  0.100050033358353E-002 -0.134349634145632E+002 -0.134349634145632E+002 -0.100000000000000E+031
  0.218027651510591E+000  0.532251168696218E-002  0.127901375660434E+001  0.100050033358353E-002 -0.131745003260110E+002 -0.131745003260110E+002 -0.100000000000000E+031
  0.222631690500877E+000  0.272446580837260E-001  0.127765083741975E+001  0.100050033358353E-002 -0.132591734624755E+002 -0.132591734624755E+002 -0.100000000000000E+031
  0.652843899176279E+000  0.809629315878448E-001  0.992725697658198E+000  0.100050033358353E-002 -0.136294756192769E+002 -0.136294756192769E+002 -0.100000000000000E+031
  0.208531117127830E-001  0.182393022747427E-001  0.131025702293533E+001  0.100050033358353E-002 -0.132215829937185E+002 -0.132215829937185E+002 -0.100000000000000E+031
  0.146977966816472E+000  0.196148354324970E-001  0.129630920760268E+001  0.100050033358353E-002 -0.132281381059289E+002 -0.132281381059289E+002 -0.100000000000000E+031
  0.357457871480554E+000  0.112548175960440E+000  0.122395352547373E+001  0.100050033358353E-002 -0.136817054991257E+002 -0.136817054991257E+002 -0.100000000000000E+031
  0.326695344649037E+000  0.460372793925516E-001  0.123863216865807E+001  0.100050033358353E-002 -0.133424650204470E+002 -0.133424650204470E+002 -0.100000000000000E+031
  0.460328122121385E+000  0.596766477787662E-001  0.116343215286583E+001  0.100050033358353E-002 -0.134219465924650E+002 -0.134219465924650E+002 -0.100000000000000E+031
  0.547212799195221E+000  0.111747004438051E-001  0.109691516158993E+001  0.100050033358353E-002 -0.132017335536811E+002 -0.132017335536811E+002 -0.100000000000000E+031
  0.199010740605416E+000  0.122125440877954E+000  0.128432763298140E+001  0.100050033358353E-002 -0.137011887412745E+002 -0.137011887412745E+002 -0.100000000000000E+031
  0.387853167668256E+000  0.864037085553375E-001  0.120795430920235E+001  0.100050033358353E-002 -0.135463973874984E+002 -0.135463973874984E+002 -0.100000000000000E+031
  0.611331939638858E+000  0.705616381955302E-001  0.103712923872429E+001  0.100050033358353E-002 -0.135307737351113E+002 -0.135307737351113E+002 -0.100000000000000E+031
  0.708430341389292E+000  0.823052415405799E-001  0.924955301116532E+000  0.100050033358353E-002 -0.136976620250722E+002 -0.136976620250722E+002 -0.100000000000000E+031
  0.122137249636816E+000  0.858995338199537E-001  0.130073026061373E+001  0.100050033358353E-002 -0.135126167194107E+002 -0.135126167194107E+002 -0.100000000000000E+031
  0.537670274155923E+000  0.815665151966014E-001  0.110499029046252E+001  0.100050033358353E-002 -0.135647729031743E+002 -0.135647729031743E+002 -0.100000000000000E+031
  0.157632895228218E+000  0.691862056699578E-001  0.129415731880646E+001  0.100050033358353E-002 -0.134366793612929E+002 -0.134366793612929E+002 -0.100000000000000E+031
  0.735985059632800E+000  0.679167080143669E-001  0.887234022537417E+000  0.100050033358353E-002 -0.136101487241526E+002 -0.136101487241526E+002 -0.100000000000000E+031
  0.438974792544582E+000  0.103009538069109E+000  0.117752117129157E+001  0.100050033358353E-002 -0.136531931839452E+002 -0.136531931839452E+002 -0.100000000000000E+031
  0.182267529101495E-001  0.101110368516795E+000  0.131032429137519E+001  0.100050033358353E-002 -0.136094640636571E+002 -0.136094640636571E+002 -0.100000000000000E+031
  0.288637824764071E+000  0.569240551112971E-002  0.125476317834281E+001  0.100050033358353E-002 -0.131761355982924E+002 -0.131761355982924E+002 -0.100000000000000E+031
  0.479553480888052E+000  0.106657608475354E+000  0.115001718937360E+001  0.100050033358353E-002 -0.136919042553948E+002 -0.136919042553948E+002 -0.100000000000000E+031
  0.410012535084350E+000  0.620418936903119E-001  0.119531899984621E+001  0.100050033358353E-002 -0.134257028859778E+002 -0.134257028859778E+002 -0.100000000000000E+031
  0.121508492199190E+000  0.659046759079845E-001  0.130083139753409E+001  0.100050033358353E-002 -0.134204963631081E+002 -0.134204963631081E+002 -0.100000000000000E+031
  0.642378135929955E+000  0.210525415694365E-001  0.100438346045769E+001  0.100050033358353E-002 -0.132544522602693E+002 -0.132544522602693E+002 -0.100000000000000E+031
  0.383982323014604E+000  0.108197818332977E+000  0.121007643222182E+001  0.100050033358353E-002 -0.136648731066079E+002 -0.136648731066079E+002 -0.100000000000000E+031
  0.144109905402297E-001  0.337592102814152E-001  0.131040590844883E+001  0.100050033358353E-002 -0.132780012206450E+002 -0.132780012206450E+002 -0.100000000000000E+031
  0.527550098518859E+000  0.105607933063044E+000  0.111333677940197E+001  0.100050033358353E-002 -0.137106737109875E+002 -0.137106737109875E+002 -0.100000000000000E+031
  0.637894252565415E+000  0.621748392960475E-004  0.100927980225515E+001  0.100050033358353E-002 -0.131552634628044E+002 -0.131552634628044E+002 -0.100000000000000E+031
  0.905195163552173E+000  0.203447076614681E-001  0.556975286477108E+000  0.100050033358353E-002 -0.133770457849022E+002 -0.133770457849022E+002 -0.100000000000000E+031
  0.506450976885858E+000  0.263381664066387E-001  0.113003942035828E+001  0.100050033358353E-002 -0.132668708987432E+002 -0.132668708987432E+002 -0.100000000000000E+031
  0.670210225082554E+000  0.808858400804890E-002  0.972646673663126E+000  0.100050033358353E-002 -0.131926245097470E+002 -0.131926245097470E+002 -0.100000000000000E+031
  0.131468899814794E+000  0.193351698987014E-001  0.129916688277872E+001  0.100050033358353E-002 -0.132269580241118E+002 -0.132269580241118E+002 -0.100000000000000E+031
  0.936388793665088E+000  0.208812200884377E-001  0.459953618502822E+000  0.100050033358353E-002 -0.134592982275531E+002 -0.134592982275531E+002 -0.100000000000000E+031
  0.817489252904833E+000  0.212429573404279E-001  0.754798608516623E+000  0.100050033358353E-002 -0.133014598095820E+002 -0.133014598095820E+002 -0.100000000000000E+031
  0.173552060535814E+000  0.667987885336581E-001  0.129065412703286E+001  0.100050033358353E-002 -0.134265864937848E+002 -0.134265864937848E+002 -0.100000000000000E+031
  0.870518560369675E-001  0.823098216107958E-001  0.130556689627089E+001  0.100050033358353E-002 -0.134940481242707E+002 -0.134940481242707E+002 -0.100000000000000E+031
  0.538498410317459E+000  0.651683174899498E-003  0.110429745245570E+001  0.100050033358353E-002 -0.131576181968239E+002 -0.131576181968239E+002 -0.100000000000000E+031
  0.462206691656769E+000  0.453762398388129E-001  0.116215224171671E+001  0.100050033358353E-002 -0.133515747446145E+002 -0.133515747446145E+002 -0.100000000000000E+031
  0.658021074598739E+000  0.821886702799121E-001  0.986837486726734E+000  0.100050033358353E-002 -0.136429835260045E+002 -0.136429835260045E+002 -0.100000000000000E+031
  0.765420889662779E-001  0.473429613257932E-001  0.130669732998269E+001  0.100050033358353E-002 -0.133391272198217E+002 -0.133391272198217E+002 -0.100000000000000E+031
  0.103236594233508E+000  0.991350030313356E-001  0.130353954876250E+001  0.100050033358353E-002 -0.135752072575703E+002 -0.135752072575703E+002 -0.100000000000000E+031
  0.805612892341446E+000  0.716505425838365E-002  0.776420504409579E+000  0.100050033358353E-002 -0.131985133973255E+002 -0.131985133973255E+002 -0.100000000000000E+031
  0.439688089367809E+000  0.570362096491216E-001  0.117706399883927E+001  0.100050033358353E-002 -0.134053517789796E+002 -0.134053517789796E+002 -0.100000000000000E+031
  0.149224124238944E+000  0.764657572422710E-001  0.129586838338419E+001  0.100050033358353E-002 -0.134696172885310E+002 -0.134696172885310E+002 -0.100000000000000E+031
  0.194082171183322E+000  0.874827887204362E-001  0.128562240497840E+001  0.100050033358353E-002 -0.135246940546511E+002 -0.135246940546511E+002 -0.100000000000000E+031
  0.459224362633151E+000  0.713939530800549E-001  0.116418108426897E+001  0.100050033358353E-002 -0.134826450343477E+002 -0.134826450343477E+002 -0.100000000000000E+031
  0.774000517281925E+000  0.628059468288392E-001  0.829815489723453E+000  0.100050033358353E-002 -0.136155000011402E+002 -0.136155000011402E+002 -0.100000000000000E+031
  0.957858675763309E+000  0.230510221909177E-001  0.376439946439668E+000  0.100050033358353E-002 -0.136047422760709E+002 -0.136047422760709E+002 -0.100000000000000E+031
  0.818465862681384E+000  0.378927556120361E-001  0.752978668203151E+000  0.100050033358353E-002 -0.134436098574116E+002 -0.134436098574116E+002 -0.100000000000000E+031
  0.987286131356379E+000  0.130885355247534E-002  0.208314741743500E+000  0.100050033358353E-002 -0.131905126018254E+002 -0.131905126018254E+002 -0.100000000000000E+031
  0.430345630798442E+000  0.100223911691206E+000  0.118297933154390E+001  0.100050033358353E-002 -0.136340752188177E+002 -0.136340752188177E+002 -0.100000000000000E+031
  0.416659907339235E+000  0.821492865235828E-001  0.119136450953802E+001  0.100050033358353E-002 -0.135301710735547E+002 -0.135301710735547E+002 -0.100000000000000E+031
  0.492922572758703E+000  0.526729239023039E-001  0.114026744449175E+001  0.100050033358353E-002 -0.133920663031774E+002 -0.133920663031774E+002 -0.100000000000000E+031
  0.362293786537175E+000  0.588475881638283E-001  0.122150895691998E+001  0.100050033358353E-002 -0.134042493913468E+002 -0.134042493913468E+002 -0.100000000000000E+031
  0.304616312115467E+000  0.632280242388982E-001  0.124825868185725E+001  0.100050033358353E-002 -0.134191182864448E+002 -0.134191182864448E+002 -0.100000000000000E+031
  0.436697798111702E+000  0.661930487538758E-001  0.117897441677305E+001  0.100050033358353E-002 -0.134509150152343E+002 -0.134509150152343E+002 -0.100000000000000E+031
  0.175950954564675E+000  0.122879497913743E+000  0.129009614798019E+001  0.100050033358353E-002 -0.137022699321726E+002 -0.137022699321726E+002 -0.100000000000000E+031
  0.196592031696535E+000  0.243377445500114E-001  0.128496726598370E+001  0.100050033358353E-002 -0.132471503834886E+002 -0.132471503834886E+002 -0.100000000000000E+031
  0.654791273841784E+000  0.321147827237335E-001  0.990520429625646E+000  0.100050033358353E-002 -0.133155259553173E+002 -0.133155259553173E+002 -0.100000000000000E+031
  0.311707706220060E+000  0.711557053101209E-001  0.124524822764586E+001  0.100050033358353E-002 -0.134574386545078E+002 -0.134574386545078E+002 -0.100000000000000E+031
  0.613082428330475E-001  0.611098099807710E-001  0.130807671372420E+001  0.100050033358353E-002 -0.133975312483632E+002 -0.133975312483632E+002 -0.100000000000000E+031
  0.228409138241233E+000  0.114946405114759E+000  0.127589812937768E+001  0.100050033358353E-002 -0.136674659724874E+002 -0.136674659724874E+002 -0.100000000000000E+031
  0.677937431508086E-001  0.890614289191514E-001  0.130752691166160E+001  0.100050033358353E-002 -0.135255223183797E+002 -0.135255223183797E+002 -0.100000000000000E+031
  0.396010832935240E-001  0.509166160354982E-001  0.130951397079892E+001  0.100050033358353E-002 -0.133543928655043E+002 -0.133543928655043E+002 -0.100000000000000E+031
  0.491987269242359E-001  0.867824947848103E-001  0.130895494593794E+001  0.100050033358353E-002 -0.135138203192529E+002 -0.135138203192529E+002 -0.100000000000000E+031
  0.212553083053867E+000  0.524283806005860E-001  0.128059548788150E+001  0.100050033358353E-002 -0.133644668480005E+002 -0.133644668480005E+002 -0.100000000000000E+031
  0.859558032409862E+000  0.286427373998954E-001  0.669736956823456E+000  0.100050033358353E-002 -0.134038510293796E+002 -0.134038510293796E+002 -0.100000000000000E+031
  0.303395020630749E+000  0.379719551043478E-001  0.124876943313096E+001  0.100050033358353E-002 -0.133060575929543E+002 -0.133060575929543E+002 -0.100000000000000E+031
  0.350558425142137E+000  0.896307275301276E-001  0.122737613742208E+001  0.100050033358353E-002 -0.135557838873785E+002 -0.135557838873785E+002 -0.100000000000000E+031
  0.785966773406094E-001  0.156352645724531E-001  0.130648783343842E+001  0.100050033358353E-002 -0.132125617939125E+002 -0.132125617939125E+002 -0.100000000000000E+031
  0.692349048657179E+000  0.602906028306536E-001  0.945638282822991E+000  0.100050033358353E-002 -0.135103744052864E+002 -0.135103744052864E+002 -0.100000000000000E+031
  0.617342587296847E+000  0.251391155829996E-001  0.103099609477678E+001  0.100050033358353E-002 -0.132720147910254E+002 -0.132720147910254E+002 -0.100000000000000E+031
  0.152960840230941E+000  0.125982272151755E+000  0.129511987031827E+001  0.100050033358353E-002 -0.137158869426170E+002 -0.137158869426170E+002 -0.100000000000000E+031
  0.484505477545667E+000  0.527283445230701E-001  0.114644671268674E+001  0.100050033358353E-002 -0.133909176688927E+002 -0.133909176688927E+002 -0.100000000000000E+031
  0.671639176577189E-001  0.840454518492835E-001  0.130758273679401E+001  0.100050033358353E-002 -0.135018874659497E+002 -0.135018874659497E+002 -0.100000000000000E+031
  0.346392225836583E+000  0.103670613356202E+000  0.122940604985247E+001  0.100050033358353E-002 -0.136297383459954E+002 -0.136297383459954E+002 -0.100000000000000E+031
  0.452424655279322E+000  0.955996550854480E-001  0.116874480263441E+001  0.100050033358353E-002 -0.136149403520295E+002 -0.136149403520295E+002 -0.100000000000000E+031
  0.201079888124495E+000  0.794064660816208E-001  0.128377397760974E+001  0.100050033358353E-002 -0.134865778067414E+002 -0.134865778067414E+002 -0.100000000000000E+031
  0.659190785817192E+000  0.911587688914176E-001  0.985495785323462E+000  0.100050033358353E-002 -0.137123947051277E+002 -0.137123947051277E+002 -0.100000000000000E+031
  0.418942550992229E-001  0.121458652822197E+000  0.130939141004033E+001  0.100050033358353E-002 -0.136858911834662E+002 -0.136858911834662E+002 -0.100000000000000E+031
  0.865323779967568E+000  0.489420616191975E-001  0.656861059332142E+000  0.100050033358353E-002 -0.136532452690486E+002 -0.136532452690486E+002 -0.100000000000000E+031
  0.754092273543615E+000  0.247731865639811E-001  0.860722683961285E+000  0.100050033358353E-002 -0.132992477369202E+002 -0.132992477369202E+002 -0.100000000000000E+031
  0.693722798661375E+000  0.750271371131325E-001  0.943907518583596E+000  0.100050033358353E-002 -0.136218760043679E+002 -0.136218760043679E+002 -0.100000000000000E+031
  0.789888171117862E+000  0.271331436116486E-001  0.803691072503531E+000  0.100050033358353E-002 -0.133313216002868E+002 -0.133313216002868E+002 -0.100000000000000E+031
  0.262871190251263E+000  0.682943297260512E-001  0.126445146607120E+001  0.100050033358353E-002 -0.134391551845977E+002 -0.134391551845977E+002 -0.100000000000000E+031
  0.658918592501669E+000  0.681602246385904E-002  0.985808376816073E+000  0.100050033358353E-002 -0.131861019088995E+002 -0.131861019088995E+002 -0.100000000000000E+031
  0.621652502647711E+000  0.956790158950276E-001  0.102653857733935E+001  0.100050033358353E-002 -0.137104547182923E+002 -0.137104547182923E+002 -0.100000000000000E+031
  0.992443419971524E+000  0.236868635682885E-002  0.160807605628385E+000  0.100050033358353E-002 -0.132315784531522E+002 -0.132315784531522E+002 -0.100000000000000E+031
  0.528383441945938E+000  0.630126429518620E-001  0.111265782848586E+001  0.100050033358353E-002 -0.134545532290657E+002 -0.134545532290657E+002 -0.100000000000000E+031
  0.445766691441500E+000  0.733086827973599E-001  0.117313059837335E+001  0.100050033358353E-002 -0.134897809234632E+002 -0.134897809234632E+002 -0.100000000000000E+031
  0.583378415156363E+000  0.167836474868778E-001  0.106442284550814E+001  0.100050033358353E-002 -0.132284909551415E+002 -0.132284909551415E+002 -0.100000000000000E+031
  0.357553519374428E+000  0.262084481812278E-001  0.122390554065600E+001  0.100050033358353E-002 -0.132585563864308E+002 -0.132585563864308E+002 -0.100000000000000E+031
  0.483883883648346E+000  0.107687453790556E+000  0.114689751837958E+001  0.100050033358353E-002 -0.137003715074772E+002 -0.137003715074772E+002 -0.100000000000000E+031
  0.813737315858407E+000  0.245243599109078E-001  0.761730010815198E+000  0.100050033358353E-002 -0.133250829722025E+002 -0.133250829722025E+002 -0.100000000000000E+031
  0.133173128574065E+000  0.518444636788318E-002  0.129886872681916E+001  0.100050033358353E-002 -0.131737991161942E+002 -0.131737991161942E+002 -0.100000000000000E+031
  0.411098741691726E+000  0.273128883526375E-001  0.119467805748198E+001  0.100050033358353E-002 -0.132654581110695E+002 -0.132654581110695E+002 -0.100000000000000E+031
  0.552013237316587E+000  0.987132632778700E-001  0.109277624326572E+001  0.100050033358353E-002 -0.136802422250582E+002 -0.136802422250582E+002 -0.100000000000000E+031
  0.491177377006830E+000  0.501739746443126E-001  0.114156015838032E+001  0.100050033358353E-002 -0.133791578819949E+002 -0.133791578819949E+002 -0.100000000000000E+031
  0.468026048693318E+000  0.669022818629131E-001  0.115814519088157E+001  0.100050033358353E-002 -0.134608480444405E+002 -0.134608480444405E+002 -0.100000000000000E+031
  0.560603326331468E+000  0.772223011792706E-001  0.108523949414052E+001  0.100050033358353E-002 -0.135482549419121E+002 -0.135482549419121E+002 -0.100000000000000E+031
  0.314572084972367E+000  0.542339649668547E-001  0.124401048403477E+001  0.100050033358353E-002 -0.133784749249458E+002 -0.133784749249458E+002 -0.100000000000000E+031
  0.472653574868191E+000  0.100544002989655E-001  0.115491293330703E+001  0.100050033358353E-002 -0.131951096039369E+002 -0.131951096039369E+002 -0.100000000000000E+031
  0.544609717843032E+000  0.899661676048933E-001  0.109913795364090E+001  0.100050033358353E-002 -0.136197437744575E+002 -0.136197437744575E+002 -0.100000000000000E+031
  0.565480643439146E+000  0.988462484543229E-002  0.108088467313837E+001  0.100050033358353E-002 -0.131967246431426E+002 -0.131967246431426E+002 -0.100000000000000E+031
  0.156350398423800E+000  0.128624492806803E+000  0.129442449811630E+001  0.100050033358353E-002 -0.137304997859128E+002 -0.137304997859128E+002 -0.100000000000000E+031
  0.354638888802110E+000  0.607334974933744E-001  0.122536115613739E+001  0.100050033358353E-002 -0.134123540152038E+002 -0.134123540152038E+002 -0.100000000000000E+031
  0.796819164544862E-001  0.302752140992801E-001  0.130637492330773E+001  0.100050033358353E-002 -0.132694046466256E+002 -0.132694046466256E+002 -0.100000000000000E+031
  0.867912480287718E+000  0.695277770672320E-002  0.650968686478575E+000  0.100050033358353E-002 -0.132089365440243E+002 -0.132089365440243E+002 -0.100000000000000E+031
  0.594573059382879E+000  0.237135485032394E-001  0.105373027230600E+001  0.100050033358353E-002 -0.132622896690217E+002 -0.132622896690217E+002 -0.100000000000000E+031
  0.469755100599228E+000  0.604580601948770E-001  0.115694225073879E+001  0.100050033358353E-002 -0.134276619412037E+002 -0.134276619412037E+002 -0.100000000000000E+031
  0.888398290227148E+000  0.153759544631094E-002  0.601635102150760E+000  0.100050033358353E-002 -0.131677475823550E+002 -0.131677475823550E+002 -0.100000000000000E+031
  0.748458867976163E+000  0.963447191571831E-002  0.869126834899196E+000  0.100050033358353E-002 -0.132063399250066E+002 -0.132063399250066E+002 -0.100000000000000E+031
  0.607881797102981E+000  0.509528611797735E-001  0.104060642916303E+001  0.100050033358353E-002 -0.134098361143342E+002 -0.134098361143342E+002 -0.100000000000000E+031
  0.474670407636338E+000  0.194692145393383E-001  0.115349139545532E+001  0.100050033358353E-002 -0.132346846093532E+002 -0.132346846093532E+002 -0.100000000000000E+031
  0.369375164232852E+000  0.104455774634994E+000  0.121786094195439E+001  0.100050033358353E-002 -0.136397648889802E+002 -0.136397648889802E+002 -0.100000000000000E+031
  0.231236877549279E+000  0.116992330985917E+000  0.127502300914721E+001  0.100050033358353E-002 -0.136787115627495E+002 -0.136787115627495E+002 -0.100000000000000E+031
  0.950552143215156E+000  0.617875085527875E-002  0.407008484256334E+000  0.100050033358353E-002 -0.132468164907855E+002 -0.132468164907855E+002 -0.100000000000000E+031
  0.403653361893025E+000  0.194678270564870E-001  0.119903059921602E+001  0.100050033358353E-002 -0.132320868237803E+002 -0.132320868237803E+002 -0.100000000000000E+031
  0.298397510507052E-001  0.113550487067032E+000  0.130995840972448E+001  0.100050033358353E-002 -0.136416620826669E+002 -0.136416620826669E+002 -0.100000000000000E+031
  0.615164015565361E+000  0.583966890420116E-001  0.103323021066875E+001  0.100050033358353E-002 -0.134565399628053E+002 -0.134565399628053E+002 -0.100000000000000E+031
  0.503422412736710E-001  0.115468236477462E-001  0.130888026615246E+001  0.100050033358353E-002 -0.131971805757149E+002 -0.131971805757149E+002 -0.100000000000000E+031
  0.524427757764230E+000  0.407918284904597E-001  0.111586746924025E+001  0.100050033358353E-002 -0.133374355297489E+002 -0.133374355297489E+002 -0.100000000000000E+031
  0.597523758964037E+000  0.431690506495797E-001  0.105085968395717E+001  0.100050033358353E-002 -0.133632707668410E+002 -0.133632707668410E+002 -0.100000000000000E+031
  0.550944735568129E-001  0.961151214826882E-001  0.130855147808446E+001  0.100050033358353E-002 -0.135579252876665E+002 -0.135579252876665E+002 -0.100000000000000E+031
  0.232337521433088E+000  0.109975699675694E-001  0.127467930982401E+001  0.100050033358353E-002 -0.131958369484079E+002 -0.131958369484079E+002 -0.100000000000000E+031
  0.174908441955850E+000  0.874325296774179E-001  0.129033960554019E+001  0.100050033358353E-002 -0.135104385119373E+002 -0.135104385119373E+002 -0.100000000000000E+031
  0.393659662838875E+000  0.354657619952919E-001  0.120472393628425E+001  0.100050033358353E-002 -0.133006879946116E+002 -0.133006879946116E+002 -0.100000000000000E+031
  0.219903874178722E+000  0.143158376540742E-001  0.127846195754226E+001  0.100050033358353E-002 -0.132083947471490E+002 -0.132083947471490E+002 -0.100000000000000E+031
  0.394351766647865E+000  0.761046216748434E-001  0.120433510768653E+001  0.100050033358353E-002 -0.134939571693382E+002 -0.134939571693382E+002 -0.100000000000000E+031
  0.296832467212831E+000  0.111533407964981E+000  0.125147531041258E+001  0.100050033358353E-002 -0.136614081009851E+002 -0.136614081009851E+002 -0.100000000000000E+031
  0.298230792885512E+000  0.799115082658557E-001  0.125090419986573E+001  0.100050033358353E-002 -0.134984530027540E+002 -0.134984530027540E+002 -0.100000000000000E+031
  0.385492171400395E+000  0.766736114234978E-002  0.120925165874337E+001  0.100050033358353E-002 -0.131843461747968E+002 -0.131843461747968E+002 -0.100000000000000E+031
  0.369948472754520E+000  0.775602699629496E-001  0.121756202504824E+001  0.100050033358353E-002 -0.134971161085604E+002 -0.134971161085604E+002 -0.100000000000000E+031
  0.465181015868873E+000  0.664149688284156E-001  0.116011219620056E+001  0.100050033358353E-002 -0.134576651384435E+002 -0.134576651384435E+002 -0.100000000000000E+031
  0.341175921715208E+000  0.646003219327443E-001  0.123190877623998E+001  0.100050033358353E-002 -0.134292824214776E+002 -0.134292824214776E+002 -0.100000000000000E+031
  0.582186302990734E+000  0.975443111626996E-001  0.106554327028870E+001  0.100050033358353E-002 -0.136923409047738E+002 -0.136923409047738E+002 -0.100000000000000E+031
  0.323840632585357E+000  0.346930718145798E-001  0.123991904737994E+001  0.100050033358353E-002 -0.132929463800852E+002 -0.132929463800852E+002 -0.100000000000000E+031
  0.602878704090430E+000  0.159913626197759E-001  0.104559346844436E+001  0.100050033358353E-002 -0.132260972550962E+002 -0.132260972550962E+002 -0.100000000000000E+031
  0.464597437980032E+000  0.829618046861169E-002  0.116051377894627E+001  0.100050033358353E-002 -0.131878148975841E+002 -0.131878148975841E+002 -0.100000000000000E+031
  0.641697092094688E+000  0.719490477470197E-001  0.100513090040817E+001  0.100050033358353E-002 -0.135575515503061E+002 -0.135575515503061E+002 -0.100000000000000E+031
  0.559270043126983E+000  0.939957795078605E-001  0.108642036229169E+001  0.100050033358353E-002 -0.136536295571559E+002 -0.136536295571559E+002 -0.100000000000000E+031
  0.109218959395919E+000  0.114753057893946E+000  0.130270196502588E+001  0.100050033358353E-002 -0.136536617297669E+002 -0.136536617297669E+002 -0.100000000000000E+031
  0.261999860233100E+000  0.104760166576308E+000  0.126476203048660E+001  0.100050033358353E-002 -0.136192275803119E+002 -0.136192275803119E+002 -0.100000000000000E+031
  0.832370447480416E+000  0.307453976083749E-002  0.726328149495445E+000  0.100050033358353E-002 -0.131748634424857E+002 -0.131748634424857E+002 -0.100000000000000E+031
  0.679140195760445E+000  0.703820327423476E-001  0.961949071547675E+000  0.100050033358353E-002 -0.135735669778650E+002 -0.135735669778650E+002 -0.100000000000000E+031
  0.206005758592149E+000  0.102414945530913E+000  0.128243189524349E+001  0.100050033358353E-002 -0.135997455364068E+002 -0.135997455364068E+002 -0.100000000000000E+031
  0.256298304418909E+000  0.529757283290129E-001  0.126676692736137E+001  0.100050033358353E-002 -0.133690240181034E+002 -0.133690240181034E+002 -0.100000000000000E+031
  0.672929111608119E+000  0.211730747432569E-001  0.969417060101750E+000  0.100050033358353E-002 -0.132592170026864E+002 -0.132592170026864E+002 -0.100000000000000E+031
  0.439543049610779E+000  0.558676236090090E-001  0.117715703349960E+001  0.100050033358353E-002 -0.133995600475374E+002 -0.133995600475374E+002 -0.100000000000000E+031
  0.592764567235185E-001  0.221860998193428E-001  0.130823754931961E+001  0.100050033358353E-002 -0.132373940212785E+002 -0.132373940212785E+002 -0.100000000000000E+031
  0.225304973600339E+000  0.514960756532354E-001  0.127684572202776E+001  0.100050033358353E-002 -0.133609479279607E+002 -0.133609479279607E+002 -0.100000000000000E+031
  0.629347796195151E-001  0.241169616261525E-001  0.130794403643161E+001  0.100050033358353E-002 -0.132451057725028E+002 -0.132451057725028E+002 -0.100000000000000E+031
  0.424752450834879E+000  0.697552870929143E-001  0.118644616959355E+001  0.100050033358353E-002 -0.134669629956903E+002 -0.134669629956903E+002 -0.100000000000000E+031
  0.418644464657023E+000  0.230129261560762E-001  0.119016899849470E+001  0.100050033358353E-002 -0.132474525470806E+002 -0.132474525470806E+002 -0.100000000000000E+031
  0.358294702291385E+000  0.353247357240668E-001  0.122353320347363E+001  0.100050033358353E-002 -0.132973381251084E+002 -0.132973381251084E+002 -0.100000000000000E+031
  0.101394648708833E-001  0.116274733453340E+000  0.131047463067739E+001  0.100050033358353E-002 -0.136551114420030E+002 -0.136551114420030E+002 -0.100000000000000E+031
  0.496073154096073E+000  0.105641293194169E+000  0.113791836422612E+001  0.100050033358353E-002 -0.136936370369637E+002 -0.136936370369637E+002 -0.100000000000000E+031
  0.783003407576431E+000  0.371275612413557E-002  0.815179946204461E+000  0.100050033358353E-002 -0.131757227836118E+002 -0.131757227836118E+002 -0.100000000000000E+031
  0.526898644062511E+000  0.785482251894681E-001  0.111386650573362E+001  0.100050033358353E-002 -0.135425226288238E+002 -0.135425226288238E+002 -0.100000000000000E+031
  0.339397472369976E+000  0.557191749722848E-001  0.123275222977016E+001  0.100050033358353E-002 -0.133873445034934E+002 -0.133873445034934E+002 -0.100000000000000E+031
  0.228109771570174E+000  0.586635980692131E-001  0.127599011129463E+001  0.100050033358353E-002 -0.133928052061150E+002 -0.133928052061150E+002 -0.100000000000000E+031
  0.511750271730658E+000  0.141933547488745E-001  0.112593151815713E+001  0.100050033358353E-002 -0.132135102900509E+002 -0.132135102900509E+002 -0.100000000000000E+031
  0.948335380042477E+000  0.127861044986978E-001  0.415795152388884E+000  0.100050033358353E-002 -0.133531650366911E+002 -0.133531650366911E+002 -0.100000000000000E+031
  0.401954908144682E+000  0.918656942366594E-001  0.120001018369914E+001  0.100050033358353E-002 -0.135790468383655E+002 -0.135790468383655E+002 -0.100000000000000E+031
  0.522900105444247E+000  0.695449140626075E-001  0.111709809795041E+001  0.100050033358353E-002 -0.134893676503681E+002 -0.134893676503681E+002 -0.100000000000000E+031
  0.540000117072319E+000  0.773218758827020E-001  0.110303725561668E+001  0.100050033358353E-002 -0.135403117928186E+002 -0.135403117928186E+002 -0.100000000000000E+031
  0.279089252123174E+000  0.681915366339788E-001  0.125846783139582E+001  0.100050033358353E-002 -0.134400639939259E+002 -0.134400639939259E+002 -0.100000000000000E+031
  0.935144489854179E+000  0.136671452352212E-001  0.464281183067905E+000  0.100050033358353E-002 -0.133388041243962E+002 -0.133388041243962E+002 -0.100000000000000E+031
  0.851146994212496E+000  0.181256418911093E-001  0.687939428334038E+000  0.100050033358353E-002 -0.132957298007096E+002 -0.132957298007096E+002 -0.100000000000000E+031
  0.304825195512898E+000  0.115033791834251E-001  0.124817109912593E+001  0.100050033358353E-002 -0.131983931754382E+002 -0.131983931754382E+002 -0.100000000000000E+031
  0.283370246913321E+000  0.595070132011855E-001  0.125682365078555E+001  0.100050033358353E-002 -0.134001643722225E+002 -0.134001643722225E+002 -0.100000000000000E+031
  0.494021632714567E+000  0.467055240640157E-001  0.113945023235690E+001  0.100050033358353E-002 -0.133623121019488E+002 -0.133623121019488E+002 -0.100000000000000E+031
  0.394821815938606E+000  0.295110999126038E-001  0.120407056961349E+001  0.100050033358353E-002 -0.132741136617882E+002 -0.132741136617882E+002 -0.100000000000000E+031
  0.100007532303870E+000  0.635684462241826E-001  0.130397183364975E+001  0.100050033358353E-002 -0.134096050824148E+002 -0.134096050824148E+002 -0.100000000000000E+031
  0.654923985765602E+000  0.667129822069314E-001  0.990369724394846E+000  0.100050033358353E-002 -0.135302312526437E+002 -0.135302312526437E+002 -0.100000000000000E+031
  0.765652009153629E-001  0.261340043723342E-001  0.130669500441109E+001  0.100050033358353E-002 -0.132530001605359E+002 -0.132530001605359E+002 -0.100000000000000E+031
  0.360015346873463E+000  0.476273071400900E-001  0.122266541618517E+001  0.100050033358353E-002 -0.133520019589872E+002 -0.133520019589872E+002 -0.100000000000000E+031
  0.577309717517327E+000  0.387816270523215E-001  0.107009063913900E+001  0.100050033358353E-002 -0.133357365065706E+002 -0.133357365065706E+002 -0.100000000000000E+031
  0.136998301624325E+000  0.776465381502387E-001  0.129818526947088E+001  0.100050033358353E-002 -0.134744768169460E+002 -0.134744768169460E+002 -0.100000000000000E+031
  0.334884531949226E+000  0.669095999954554E-001  0.123487022190742E+001  0.100050033358353E-002 -0.134396301646674E+002 -0.134396301646674E+002 -0.100000000000000E+031
  0.414903808637835E+000  0.105908014339144E-001  0.119241666509850E+001  0.100050033358353E-002 -0.131962489758914E+002 -0.131962489758914E+002 -0.100000000000000E+031
  0.694738529146328E-001  0.110880389113320E+000  0.130737543277766E+001  0.100050033358353E-002 -0.136318045294373E+002 -0.136318045294373E+002 -0.100000000000000E+031
  0.630980243757789E+000  0.134028376556613E-001  0.101671704094475E+001  0.100050033358353E-002 -0.132157655987510E+002 -0.132157655987510E+002 -0.100000000000000E+031
  0.474364207369843E+000  0.604209866669381E-002  0.115370771931767E+001  0.100050033358353E-002 -0.131788663322975E+002 -0.131788663322975E+002 -0.100000000000000E+031
  0.804840062991984E+000  0.139643913466647E-002  0.777795882346220E+000  0.100050033358353E-002 -0.131631471619656E+002 -0.131631471619656E+002 -0.100000000000000E+031
  0.476504853032723E+000  0.141241302374806E-001  0.115219162212406E+001  0.100050033358353E-002 -0.132120650421854E+002 -0.132120650421854E+002 -0.100000000000000E+031
  0.552456262921721E+000  0.102333400598301E-001  0.109239165181036E+001  0.100050033358353E-002 -0.131978326281424E+002 -0.131978326281424E+002 -0.100000000000000E+031
  0.848515218866338E+000  0.437616388391967E-001  0.693500791100577E+000  0.100050033358353E-002 -0.135493284831582E+002 -0.135493284831582E+002 -0.100000000000000E+031
  0.579745968804795E+000  0.615206952983605E-002  0.106782606027064E+001  0.100050033358353E-002 -0.131809383028016E+002 -0.131809383028016E+002 -0.100000000000000E+031
  0.387119033313835E+000  0.288128156839096E-001  0.120835870847489E+001  0.100050033358353E-002 -0.132707519719493E+002 -0.132707519719493E+002 -0.100000000000000E+031
  0.231018862348286E+000  0.119626635922005E+000  0.127509088439033E+001  0.100050033358353E-002 -0.136927315649831E+002 -0.136927315649831E+002 -0.100000000000000E+031
  0.242434297145361E+000  0.196103010846171E-001  0.127144568367149E+001  0.100050033358353E-002 -0.132291805087680E+002 -0.132291805087680E+002 -0.100000000000000E+031
  0.244242743700448E+000  0.173249222677021E-001  0.127085108740371E+001  0.100050033358353E-002 -0.132202705702064E+002 -0.132202705702064E+002 -0.100000000000000E+031
  0.416538210199326E+000  0.119582188495637E-001  0.119143759694662E+001  0.100050033358353E-002 -0.132017589374271E+002 -0.132017589374271E+002 -0.100000000000000E+031
  0.891514505280935E+000  0.275757552770137E-001  0.593665236671563E+000  0.100050033358353E-002 -0.134431435638886E+002 -0.134431435638886E+002 -0.100000000000000E+031
  0.234926337918568E+000  0.520448418974418E-001  0.127386409266849E+001  0.100050033358353E-002 -0.133637958576240E+002 -0.133637958576240E+002 -0.137305717845960E+002
