  0.100000000000000E+001  0.231991494624814E+002  0.502583865051753E-001  0.951886255067119E-001 -0.693147180559945E+000 -0.115995747312407E+002
  0.100000000000000E+001  0.198879212913780E+002  0.731350955989416E-001  0.105554553064234E+000 -0.693147180559945E+000 -0.994396064568900E+001
  0.100000000000000E+001  0.283188649286889E+002  0.670830738086778E-001  0.121132101753525E+000 -0.693147180559945E+000 -0.141594324643444E+002
  0.100000000000000E+001  0.280617665099277E+002  0.292528803731020E-001  0.109889563517361E+000 -0.693147180559945E+000 -0.140308832549639E+002
  0.100000000000000E+001  0.249221671537578E+002  0.504008778555238E-001  0.864501647338619E-001 -0.693147180559945E+000 -0.124610835768789E+002
  0.100000000000000E+001  0.301553858184333E+002  0.538630311673240E-001  0.898159375522708E-001 -0.693147180559945E+000 -0.150776929092167E+002
  0.100000000000000E+001  0.319155660992114E+002  0.465486676202209E-001  0.935324173589892E-001 -0.693147180559945E+000 -0.159577830496057E+002
  0.100000000000000E+001  0.227368772641861E+002  0.538616389860356E-001  0.898139692290651E-001 -0.693147180559945E+000 -0.113684386320930E+002
  0.100000000000000E+001  0.295056910325622E+002  0.310621547919714E-001  0.890712295191054E-001 -0.693147180559945E+000 -0.147528455162811E+002
  0.100000000000000E+001  0.251830296373615E+002  0.760770954556120E-001  0.926244981157783E-001 -0.693147180559945E+000 -0.125915148186808E+002
  0.100000000000000E+001  0.258732294000975E+002  0.910218757771377E-001  0.117136770325283E+000 -0.693147180559945E+000 -0.129366147000488E+002
  0.100000000000000E+001  0.246120512452682E+002  0.902105829819480E-001  0.116693433717365E+000 -0.693147180559945E+000 -0.123060256226341E+002
  0.100000000000000E+001  0.267526501382475E+002  0.756334126684697E-001  0.975499807147473E-001 -0.693147180559945E+000 -0.133763250691237E+002
  0.100000000000000E+001  0.386180017887157E+002 -0.410719324161370E-001  0.156257978703094E+000 -0.693147180559945E+000 -0.193090008943579E+002
  0.100000000000000E+001  0.275079139792191E+002  0.419780944609762E-001  0.948744524248278E-001 -0.693147180559945E+000 -0.137539569896096E+002
  0.100000000000000E+001  0.227276831679618E+002  0.293240928080114E-001  0.109839484678755E+000 -0.693147180559945E+000 -0.113638415839809E+002
  0.100000000000000E+001  0.230669131615278E+002  0.635834510676572E-001  0.128905741956039E+000 -0.693147180559945E+000 -0.115334565807639E+002
  0.100000000000000E+001  0.222473681874661E+002  0.474404053419608E-001  0.938002063585626E-001 -0.693147180559945E+000 -0.111236840937330E+002
  0.100000000000000E+001  0.310045828074214E+002  0.877321265678466E-001  0.959195571961898E-001 -0.693147180559945E+000 -0.155022914037107E+002
  0.100000000000000E+001  0.186916048361332E+002  0.570501420571998E-001  0.186417778909232E+000 -0.693147180559945E+000 -0.934580241806659E+001
