  0.712452903048153E-001  0.958485070143319E-001 -0.693147180559945E+000 -0.141542884186442E+002 -0.141542884186442E+002 -0.160522359710452E+002
  0.480548087236423E-001  0.106662478012015E+000 -0.693147180559945E+000 -0.134841070583778E+002 -0.134841070583778E+002 -0.156951453932091E+002
  0.507170304859659E-001  0.949220537414672E-001 -0.693147180559945E+000 -0.111999322660865E+002 -0.111999322660865E+002 -0.147677258104160E+002
  0.381298102842180E-001  0.995328757705003E-001 -0.693147180559945E+000 -0.138497535315236E+002 -0.138497535315236E+002 -0.149506445895077E+002
  0.789284319529593E-001  0.987568034158348E-001 -0.693147180559945E+000 -0.128304554975378E+002 -0.128304554975378E+002 -0.152637106713670E+002
  0.506576889990937E-001  0.866733779420775E-001 -0.693147180559945E+000 -0.139037370059989E+002 -0.139037370059989E+002 -0.173071248496361E+002
  0.381127945401822E-001  0.863583647207709E-001 -0.693147180559945E+000 -0.133067918400489E+002 -0.133067918400489E+002 -0.144553767336833E+002
  0.301790164914644E-001  0.881991011114334E-001 -0.693147180559945E+000 -0.128951001393403E+002 -0.128951001393403E+002 -0.156775278266488E+002
  0.554401648645393E-001  0.103496312871368E+000 -0.693147180559945E+000 -0.114357391522673E+002 -0.114357391522673E+002 -0.163586785944488E+002
  0.879988621508048E-001  0.112153193230557E+000 -0.693147180559945E+000 -0.139808471355122E+002 -0.139808471355122E+002 -0.153635476749733E+002
  0.509649593536547E-001  0.948641763757894E-001 -0.693147180559945E+000 -0.118313022789069E+002 -0.118313022789069E+002 -0.158689413634083E+002
  0.640091575806139E-001  0.712831121646392E-001 -0.693147180559945E+000 -0.139332124938517E+002 -0.139332124938517E+002 -0.147348786014201E+002
  0.538616389860356E-001  0.898139692290651E-001 -0.693147180559945E+000 -0.113684386320930E+002 -0.113684386320930E+002 -0.143720309640899E+002
  0.711127054950746E-001  0.961364694194938E-001 -0.693147180559945E+000 -0.125655371022950E+002 -0.125655371022950E+002 -0.167994162914916E+002
  0.442446414321409E-001  0.880495832325747E-001 -0.693147180559945E+000 -0.132164167243241E+002 -0.132164167243241E+002 -0.181089942751506E+002
  0.761358894558308E-001  0.965742414878053E-001 -0.693147180559945E+000 -0.125579111882988E+002 -0.125579111882988E+002 -0.149126215678058E+002
  0.602575072890439E-001  0.108220306344525E+000 -0.693147180559945E+000 -0.135475959181945E+002 -0.135475959181945E+002 -0.144742669852699E+002
  0.792671238555465E-001  0.796875644013001E-001 -0.693147180559945E+000 -0.138307273575981E+002 -0.138307273575981E+002 -0.163439486575728E+002
  0.513707300317534E-001  0.909882382690915E-001 -0.693147180559945E+000 -0.139872954356532E+002 -0.139872954356532E+002 -0.144804389965648E+002
  0.631971626906802E-001  0.765964554953198E-001 -0.693147180559945E+000 -0.133349597197342E+002 -0.133349597197342E+002 -0.185078908648155E+002
  0.760770954556120E-001  0.926244981157783E-001 -0.693147180559945E+000 -0.125915148186808E+002 -0.125915148186808E+002 -0.182206057790132E+002
  0.780243289518046E-001  0.818681469129229E-001 -0.693147180559945E+000 -0.134301988965668E+002 -0.134301988965668E+002 -0.161544647724858E+002
  0.710403380947624E-001  0.959977843216511E-001 -0.693147180559945E+000 -0.142730634656050E+002 -0.142730634656050E+002 -0.147544412067680E+002
  0.639054305399256E-001  0.711303720459975E-001 -0.693147180559945E+000 -0.135665479477267E+002 -0.135665479477267E+002 -0.162948951657888E+002
  0.670611313074985E-001  0.924700878893213E-001 -0.693147180559945E+000 -0.142540920747740E+002 -0.142540920747740E+002 -0.163586785944488E+002
  0.404400378219953E-001  0.956919568852635E-001 -0.693147180559945E+000 -0.142901899187910E+002 -0.142901899187910E+002 -0.144016522999462E+002
  0.398955082188273E-001  0.952202336065842E-001 -0.693147180559945E+000 -0.142572146237963E+002 -0.142572146237963E+002 -0.147348786014201E+002
  0.769931588129509E-001  0.918295731014805E-001 -0.693147180559945E+000 -0.131233285645600E+002 -0.131233285645600E+002 -0.146966934362050E+002
  0.416652467573855E-001  0.975177659356491E-001 -0.693147180559945E+000 -0.119746562400287E+002 -0.119746562400287E+002 -0.147251345646398E+002
  0.712459425911243E-001  0.958517806170888E-001 -0.693147180559945E+000 -0.139810002729436E+002 -0.139810002729436E+002 -0.158232047579407E+002
  0.756334126684697E-001  0.975499807147473E-001 -0.693147180559945E+000 -0.133763250691237E+002 -0.133763250691237E+002 -0.145775093059896E+002
  0.513695933868685E-001  0.909887685113704E-001 -0.693147180559945E+000 -0.142757970524555E+002 -0.142757970524555E+002 -0.171757746909666E+002
  0.672833279280753E-001  0.761371046589201E-001 -0.693147180559945E+000 -0.141216912500499E+002 -0.141216912500499E+002 -0.163819121583507E+002
  0.606680306334373E-001  0.807139851998590E-001 -0.693147180559945E+000 -0.114878061822840E+002 -0.114878061822840E+002 -0.154067792561999E+002
  0.557050751923565E-001  0.103154875846914E+000 -0.693147180559945E+000 -0.132779337201761E+002 -0.132779337201761E+002 -0.149307402728964E+002
  0.480548087298531E-001  0.106662478014850E+000 -0.693147180559945E+000 -0.140678370641692E+002 -0.140678370641692E+002 -0.146613826295896E+002
  0.907894192634680E-001  0.116859051835487E+000 -0.693147180559945E+000 -0.120795499215614E+002 -0.120795499215614E+002 -0.171888796522960E+002
  0.768006072794969E-001  0.104738706742856E+000 -0.693147180559945E+000 -0.135769670675911E+002 -0.135769670675911E+002 -0.142920760225131E+002
  0.647968094070017E-001  0.103704090218625E+000 -0.693147180559945E+000 -0.125899636242726E+002 -0.125899636242726E+002 -0.198156373005430E+002
  0.781696238970939E-001  0.822955509295600E-001 -0.693147180559945E+000 -0.124367683079751E+002 -0.124367683079751E+002 -0.152479502031007E+002
  0.606680717670889E-001  0.807140031050694E-001 -0.693147180559945E+000 -0.114403255308323E+002 -0.114403255308323E+002 -0.157992154182024E+002
  0.506918529716665E-001  0.927355926126730E-001 -0.693147180559945E+000 -0.110807058777992E+002 -0.110807058777992E+002 -0.159577830496057E+002
  0.760115693134291E-001  0.929494423893217E-001 -0.693147180559945E+000 -0.125473739821271E+002 -0.125473739821271E+002 -0.183023817153907E+002
  0.747615292424157E-001  0.962855351217101E-001 -0.693147180559945E+000 -0.133935272103063E+002 -0.133935272103063E+002 -0.144548518610500E+002
  0.442428003325217E-001  0.880495627159684E-001 -0.693147180559945E+000 -0.138611732427371E+002 -0.138611732427371E+002 -0.166458641229592E+002
  0.639054305399258E-001  0.711303720459975E-001 -0.693147180559945E+000 -0.140520046132976E+002 -0.140520046132976E+002 -0.164193452335481E+002
  0.393966178884058E-001  0.950129271468519E-001 -0.693147180559945E+000 -0.135448093317785E+002 -0.135448093317785E+002 -0.144392852644211E+002
  0.879988621508043E-001  0.112153193230557E+000 -0.693147180559945E+000 -0.138858424589274E+002 -0.138858424589274E+002 -0.144143450367383E+002
  0.919011151373392E-001  0.117270967470293E+000 -0.693147180559945E+000 -0.138861854778033E+002 -0.138861854778033E+002 -0.148915613212577E+002
  0.483335062018508E-001  0.914211855071192E-001 -0.693147180559945E+000 -0.141182421904469E+002 -0.141182421904469E+002 -0.191687679540985E+002
  0.551613203948054E-001  0.103191352194624E+000 -0.693147180559945E+000 -0.140167003269122E+002 -0.140167003269122E+002 -0.144553767336833E+002
  0.746095166971430E-001  0.944433344838825E-001 -0.693147180559945E+000 -0.136802065336695E+002 -0.136802065336695E+002 -0.143525242409523E+002
  0.381127945986290E-001  0.863583647494781E-001 -0.693147180559945E+000 -0.138534909246979E+002 -0.138534909246979E+002 -0.149272450404227E+002
  0.513707299236486E-001  0.909882383799474E-001 -0.693147180559945E+000 -0.132728285286633E+002 -0.132728285286633E+002 -0.182871987241207E+002
  0.513294269541329E-001  0.909691113845033E-001 -0.693147180559945E+000 -0.139554138352110E+002 -0.139554138352110E+002 -0.146686079165011E+002
  0.375050335332365E-001  0.916299178310815E-001 -0.693147180559945E+000 -0.138091800361903E+002 -0.138091800361903E+002 -0.143511908025963E+002
  0.525514690999676E-001  0.106951944297881E+000 -0.693147180559945E+000 -0.134534556423785E+002 -0.134534556423785E+002 -0.149226952930533E+002
  0.731347827980791E-001  0.105554378485133E+000 -0.693147180559945E+000 -0.135410001638602E+002 -0.135410001638602E+002 -0.144804389965648E+002
  0.389943285981591E-001  0.889406813466420E-001 -0.693147180559945E+000 -0.134490973262956E+002 -0.134490973262956E+002 -0.146433331992625E+002
  0.761346698708989E-001  0.926344677693738E-001 -0.693147180559945E+000 -0.134377845098564E+002 -0.134377845098564E+002 -0.151917668821682E+002
  0.375050334573648E-001  0.916299178112871E-001 -0.693147180559945E+000 -0.140819869143951E+002 -0.140819869143951E+002 -0.155334104382561E+002
  0.557720255734224E-001  0.103178697091645E+000 -0.693147180559945E+000 -0.139285167931285E+002 -0.139285167931285E+002 -0.146111715649560E+002
  0.420956194096775E-001  0.772107340079163E-001 -0.693147180559945E+000 -0.125889765231723E+002 -0.125889765231723E+002 -0.162001531107709E+002
  0.381290910026113E-001  0.995273009762670E-001 -0.693147180559945E+000 -0.139650858016238E+002 -0.139650858016238E+002 -0.142946031337665E+002
  0.447083423457406E-001  0.883311918192131E-001 -0.693147180559945E+000 -0.129541979671122E+002 -0.129541979671122E+002 -0.153840083434626E+002
  0.504008781977483E-001  0.864501644814821E-001 -0.693147180559945E+000 -0.126436315159434E+002 -0.126436315159434E+002 -0.154162271262587E+002
  0.517238132241353E-001  0.983336539517107E-001 -0.693147180559945E+000 -0.125754664879238E+002 -0.125754664879238E+002 -0.147859030767472E+002
  0.768006072795002E-001  0.104738706742857E+000 -0.693147180559945E+000 -0.138409406972410E+002 -0.138409406972410E+002 -0.147323033809725E+002
  0.695320173819458E-001  0.716057734442665E-001 -0.693147180559945E+000 -0.126382115830761E+002 -0.126382115830761E+002 -0.148618487688022E+002
  0.538616389860505E-001  0.898139692290710E-001 -0.693147180559945E+000 -0.141936332175578E+002 -0.141936332175578E+002 -0.152034468943786E+002
  0.765785520085154E-001  0.111911659997724E+000 -0.693147180559945E+000 -0.114913157065462E+002 -0.114913157065462E+002 -0.181475961755292E+002
  0.710403397973496E-001  0.959977826869924E-001 -0.693147180559945E+000 -0.132451574401296E+002 -0.132451574401296E+002 -0.143525242409523E+002
  0.942853070034160E-001  0.119293437723292E+000 -0.693147180559945E+000 -0.136442137804814E+002 -0.136442137804814E+002 -0.154079530482886E+002
  0.781751240712603E-001  0.822938497428659E-001 -0.693147180559945E+000 -0.136852170209962E+002 -0.136852170209962E+002 -0.150163505036137E+002
  0.381127945986293E-001  0.863583647494735E-001 -0.693147180559945E+000 -0.133029512519489E+002 -0.133029512519489E+002 -0.150265600715868E+002
  0.381277293545039E-001  0.995325615633690E-001 -0.693147180559945E+000 -0.138943623978752E+002 -0.138943623978752E+002 -0.151464529526833E+002
  0.761358894562230E-001  0.965742414878999E-001 -0.693147180559945E+000 -0.140802389447493E+002 -0.140802389447493E+002 -0.143155513091829E+002
  0.648771764149616E-001  0.103996092119879E+000 -0.693147180559945E+000 -0.137733432043112E+002 -0.137733432043112E+002 -0.148540611142519E+002
  0.442446399505199E-001  0.880495887447025E-001 -0.693147180559945E+000 -0.122811967441120E+002 -0.122811967441120E+002 -0.148446027326136E+002
  0.609616849040335E-001  0.748519789583185E-001 -0.693147180559945E+000 -0.140265000013734E+002 -0.140265000013734E+002 -0.157381362950571E+002
  0.746095166971881E-001  0.944433344839692E-001 -0.693147180559945E+000 -0.139112548436364E+002 -0.139112548436364E+002 -0.161622353900595E+002
  0.375050335332365E-001  0.916299178310815E-001 -0.693147180559945E+000 -0.130995169746789E+002 -0.130995169746789E+002 -0.148621423353683E+002
  0.765785520085256E-001  0.111911659997892E+000 -0.693147180559945E+000 -0.128469538405365E+002 -0.128469538405365E+002 -0.170291817042768E+002
  0.504008778555238E-001  0.864501647338619E-001 -0.693147180559945E+000 -0.124610835768789E+002 -0.124610835768789E+002 -0.156653644329556E+002
  0.557722464787200E-001  0.103178728074204E+000 -0.693147180559945E+000 -0.140861532918904E+002 -0.140861532918904E+002 -0.153667710254764E+002
  0.541454811824824E-001  0.977819079804644E-001 -0.693147180559945E+000 -0.142017253848982E+002 -0.142017253848982E+002 -0.144548518610500E+002
  0.557722521387118E-001  0.103178723048629E+000 -0.693147180559945E+000 -0.133847006848853E+002 -0.133847006848853E+002 -0.177819028359374E+002
  0.407241095378583E-001  0.950728027679414E-001 -0.693147180559945E+000 -0.124146484964404E+002 -0.124146484964404E+002 -0.169760811085831E+002
  0.511971592298941E-001  0.919050735267672E-001 -0.693147180559945E+000 -0.134341933395944E+002 -0.134341933395944E+002 -0.144101651299210E+002
  0.908788752042247E-001  0.116984442495836E+000 -0.693147180559945E+000 -0.142580518204150E+002 -0.142580518204150E+002 -0.212250802648308E+002
  0.535700959763630E-001  0.911307417107368E-001 -0.693147180559945E+000 -0.141086935809622E+002 -0.141086935809622E+002 -0.151568420719225E+002
  0.525492491203876E-001  0.106967529193633E+000 -0.693147180559945E+000 -0.139840551986489E+002 -0.139840551986489E+002 -0.147152749870185E+002
  0.789284319507597E-001  0.987568034149528E-001 -0.693147180559945E+000 -0.137888921906815E+002 -0.137888921906815E+002 -0.167182794660430E+002
  0.602575000473748E-001  0.108220298251072E+000 -0.693147180559945E+000 -0.121834792669157E+002 -0.121834792669157E+002 -0.145912559518378E+002
  0.381127945454527E-001  0.863583647240053E-001 -0.693147180559945E+000 -0.139737872466354E+002 -0.139737872466354E+002 -0.148371454110909E+002
  0.908276519901989E-001  0.117034864295412E+000 -0.693147180559945E+000 -0.127742400132565E+002 -0.127742400132565E+002 -0.169479775666633E+002
  0.513707300317623E-001  0.909882382690494E-001 -0.693147180559945E+000 -0.139815161081489E+002 -0.139815161081489E+002 -0.149614836018203E+002
  0.507578399496464E-001  0.771447735449667E-001 -0.693147180559945E+000 -0.121087269797267E+002 -0.121087269797267E+002 -0.148757070599038E+002
  0.688754102884119E-001  0.976526504378660E-001 -0.693147180559945E+000 -0.117872694989084E+002 -0.117872694989084E+002 -0.150505945326708E+002
  0.585046552721491E-001  0.985111952941917E-001 -0.693147180559945E+000 -0.137429858274310E+002 -0.137429858274310E+002 -0.144143450367383E+002
  0.557720679419107E-001  0.103178699492871E+000 -0.693147180559945E+000 -0.138837952226582E+002 -0.138837952226582E+002 -0.152400169497509E+002
  0.570382137418508E-001  0.103377777944356E+000 -0.693147180559945E+000 -0.136903536636417E+002 -0.136903536636417E+002 -0.150101160166108E+002
  0.235715140311148E-001  0.786530602528624E-001 -0.693147180559945E+000 -0.121283643417315E+002 -0.121283643417315E+002 -0.166182290016964E+002
  0.557724777683364E-001  0.103178760535052E+000 -0.693147180559945E+000 -0.120955804603964E+002 -0.120955804603964E+002 -0.145576112700773E+002
  0.557724777875017E-001  0.103178760544415E+000 -0.693147180559945E+000 -0.133678750217083E+002 -0.133678750217083E+002 -0.155334104382561E+002
  0.942853034100903E-001  0.119293452927844E+000 -0.693147180559945E+000 -0.123448298451060E+002 -0.123448298451060E+002 -0.144804389965648E+002
  0.506913483759219E-001  0.105057143846902E+000 -0.693147180559945E+000 -0.141853434037381E+002 -0.141853434037381E+002 -0.146495514238795E+002
  0.688739496706978E-001  0.976620689430517E-001 -0.693147180559945E+000 -0.141774500434122E+002 -0.141774500434122E+002 -0.166919444963240E+002
  0.648771768943459E-001  0.103996098479879E+000 -0.693147180559945E+000 -0.141932308470986E+002 -0.141932308470986E+002 -0.149922768885433E+002
  0.295116319222086E-001  0.959918568361556E-001 -0.693147180559945E+000 -0.139450985409306E+002 -0.139450985409306E+002 -0.146939376008647E+002
  0.506749758467975E-001  0.105043492428409E+000 -0.693147180559945E+000 -0.141036178786807E+002 -0.141036178786807E+002 -0.154354753229209E+002
  0.526286112773300E-001  0.779247757923361E-001 -0.693147180559945E+000 -0.122319656256576E+002 -0.122319656256576E+002 -0.203877305584184E+002
  0.768006072794969E-001  0.104738706742856E+000 -0.693147180559945E+000 -0.135859317120926E+002 -0.135859317120926E+002 -0.190096813894788E+002
  0.919011151372937E-001  0.117270967470240E+000 -0.693147180559945E+000 -0.139049835061726E+002 -0.139049835061726E+002 -0.144385882441798E+002
  0.408536482058162E-001  0.911173454790464E-001 -0.693147180559945E+000 -0.141448933751117E+002 -0.141448933751117E+002 -0.153236580370348E+002
  0.765785520095175E-001  0.111911659998282E+000 -0.693147180559945E+000 -0.120941122271745E+002 -0.120941122271745E+002 -0.151629644071738E+002
  0.602788525778557E-001  0.108222831855369E+000 -0.693147180559945E+000 -0.135305931385620E+002 -0.135305931385620E+002 -0.147708702627356E+002
  0.731350594737816E-001  0.105554561475645E+000 -0.693147180559945E+000 -0.132629074377212E+002 -0.132629074377212E+002 -0.145866038176250E+002
  0.746107521579384E-001  0.944510322946496E-001 -0.693147180559945E+000 -0.137131468834480E+002 -0.137131468834480E+002 -0.156054779770500E+002
  0.765785459126516E-001  0.111911655674868E+000 -0.693147180559945E+000 -0.139235361307366E+002 -0.139235361307366E+002 -0.144049761648323E+002
  0.513696386977958E-001  0.909887541252163E-001 -0.693147180559945E+000 -0.141531637463113E+002 -0.141531637463113E+002 -0.146441373539638E+002
  0.603374705575184E-001  0.107569007633699E+000 -0.693147180559945E+000 -0.131547349208911E+002 -0.131547349208911E+002 -0.144350036791124E+002
  0.506501130979224E-001  0.107026297387645E+000 -0.693147180559945E+000 -0.138068516710768E+002 -0.138068516710768E+002 -0.156803702827287E+002
  0.555459347940854E-001  0.102889586894752E+000 -0.693147180559945E+000 -0.128528020041639E+002 -0.128528020041639E+002 -0.147020355876109E+002
  0.506345818302609E-001  0.107027319432712E+000 -0.693147180559945E+000 -0.136049908050208E+002 -0.136049908050208E+002 -0.147146788623196E+002
  0.904043692804775E-001  0.116544466720303E+000 -0.693147180559945E+000 -0.137075526048894E+002 -0.137075526048894E+002 -0.167527213420403E+002
  0.746981129262627E-001  0.970499320077562E-001 -0.693147180559945E+000 -0.137880149612850E+002 -0.137880149612850E+002 -0.157256436332645E+002
  0.910219167052078E-001  0.117136780766326E+000 -0.693147180559945E+000 -0.125785975338298E+002 -0.125785975338298E+002 -0.155712321545178E+002
  0.524794644022228E-001  0.107036085609402E+000 -0.693147180559945E+000 -0.112241688315336E+002 -0.112241688315336E+002 -0.144781101645752E+002
  0.538630313570960E-001  0.898159378018888E-001 -0.693147180559945E+000 -0.130285475347124E+002 -0.130285475347124E+002 -0.151203360311898E+002
  0.403239219370328E-001  0.948992172454182E-001 -0.693147180559945E+000 -0.128061389781538E+002 -0.128061389781538E+002 -0.145775093059896E+002
  0.502583852739154E-001  0.951886259860876E-001 -0.693147180559945E+000 -0.124271486091066E+002 -0.124271486091066E+002 -0.147347118280623E+002
  0.422039531682084E-001  0.953585151127699E-001 -0.693147180559945E+000 -0.137364060956583E+002 -0.137364060956583E+002 -0.148092520058463E+002
  0.609616139467088E-001  0.748519798986133E-001 -0.693147180559945E+000 -0.142364580818333E+002 -0.142364580818333E+002 -0.162000243805951E+002
  0.906533853304334E-001  0.116832930559858E+000 -0.693147180559945E+000 -0.140367838691373E+002 -0.140367838691373E+002 -0.154522611709802E+002
  0.648771764410927E-001  0.103996098770697E+000 -0.693147180559945E+000 -0.128608584630072E+002 -0.128608584630072E+002 -0.159939436718272E+002
  0.490460378440878E-001  0.950753205952480E-001 -0.693147180559945E+000 -0.141591004784064E+002 -0.141591004784064E+002 -0.152558276662869E+002
  0.647680775125412E-001  0.104042182039274E+000 -0.693147180559945E+000 -0.141196461181626E+002 -0.141196461181626E+002 -0.154093997929612E+002
  0.695320200053318E-001  0.716057729490887E-001 -0.693147180559945E+000 -0.138211247299730E+002 -0.138211247299730E+002 -0.164075515861610E+002
  0.746106781865696E-001  0.944470869135536E-001 -0.693147180559945E+000 -0.138234564943665E+002 -0.138234564943665E+002 -0.147626463014780E+002
  0.416652467514900E-001  0.975177659338283E-001 -0.693147180559945E+000 -0.142835041125896E+002 -0.142835041125896E+002 -0.153742967838578E+002
  0.397646895685781E-001  0.100844736484719E+000 -0.693147180559945E+000 -0.134772156434725E+002 -0.134772156434725E+002 -0.165492323719606E+002
  0.760770954556071E-001  0.926244981157849E-001 -0.693147180559945E+000 -0.134432689335367E+002 -0.134432689335367E+002 -0.180149663902720E+002
  0.651371628926649E-001  0.934169400762857E-001 -0.693147180559945E+000 -0.139193559918272E+002 -0.139193559918272E+002 -0.143841835846230E+002
  0.403311611896260E-001  0.949009147786031E-001 -0.693147180559945E+000 -0.135295371909512E+002 -0.135295371909512E+002 -0.154424419890578E+002
  0.752275954673640E-001  0.923292344154277E-001 -0.693147180559945E+000 -0.142363940984181E+002 -0.142363940984181E+002 -0.146521238693464E+002
  0.760262784342101E-001  0.965354280738554E-001 -0.693147180559945E+000 -0.141397871894320E+002 -0.141397871894320E+002 -0.144942720881686E+002
  0.585088762035473E-001  0.985148011429011E-001 -0.693147180559945E+000 -0.142366158640346E+002 -0.142366158640346E+002 -0.155335152456800E+002
  0.570382129206879E-001  0.103377777636692E+000 -0.693147180559945E+000 -0.138452219788561E+002 -0.138452219788561E+002 -0.151300106931776E+002
  0.504008840187671E-001  0.864501709649139E-001 -0.693147180559945E+000 -0.137977594760992E+002 -0.137977594760992E+002 -0.159051867097419E+002
  0.905550091954535E-001  0.116967768983371E+000 -0.693147180559945E+000 -0.140063175213016E+002 -0.140063175213016E+002 -0.170006742281728E+002
  0.513696386977951E-001  0.909887541252163E-001 -0.693147180559945E+000 -0.136957253024946E+002 -0.136957253024946E+002 -0.145912559518378E+002
  0.557722550476869E-001  0.103178737652432E+000 -0.693147180559945E+000 -0.140348039292218E+002 -0.140348039292218E+002 -0.147432612345171E+002
  0.712455556763578E-001  0.958485800445805E-001 -0.693147180559945E+000 -0.126610688668205E+002 -0.126610688668205E+002 -0.164559140858334E+002
  0.716193950564836E-001  0.972598816316265E-001 -0.693147180559945E+000 -0.136696539926129E+002 -0.136696539926129E+002 -0.166276509537116E+002
  0.538630846186268E-001  0.898160600936072E-001 -0.693147180559945E+000 -0.113559250885746E+002 -0.113559250885746E+002 -0.145127055228250E+002
  0.772162240902392E-001  0.982816464630476E-001 -0.693147180559945E+000 -0.131378577351741E+002 -0.131378577351741E+002 -0.150499796814925E+002
  0.557050778900532E-001  0.103154879274578E+000 -0.693147180559945E+000 -0.140140525215212E+002 -0.140140525215212E+002 -0.149939493512121E+002
  0.602575000473748E-001  0.108220298251072E+000 -0.693147180559945E+000 -0.137057252978329E+002 -0.137057252978329E+002 -0.154079530482886E+002
  0.398955082187997E-001  0.952202336065769E-001 -0.693147180559945E+000 -0.141012833952714E+002 -0.141012833952714E+002 -0.152616010554277E+002
  0.705111108074399E-001  0.107915457948125E+000 -0.693147180559945E+000 -0.141495919193179E+002 -0.141495919193179E+002 -0.147152749870185E+002
  0.888860038395689E-001  0.119094064730364E+000 -0.693147180559945E+000 -0.110097211193200E+002 -0.110097211193200E+002 -0.163477970392943E+002
  0.504008778109026E-001  0.864501645780981E-001 -0.693147180559945E+000 -0.137071169598345E+002 -0.137071169598345E+002 -0.155401286635122E+002
  0.381127946063753E-001  0.863583647518473E-001 -0.693147180559945E+000 -0.137282765869649E+002 -0.137282765869649E+002 -0.151040240553091E+002
  0.882793002132873E-001  0.117223917589177E+000 -0.693147180559945E+000 -0.141255752926755E+002 -0.141255752926755E+002 -0.173825810053376E+002
  0.749554793834648E-001  0.759156884567695E-001 -0.693147180559945E+000 -0.142821394779528E+002 -0.142821394779528E+002 -0.155566808868279E+002
  0.789284319509347E-001  0.987568034142197E-001 -0.693147180559945E+000 -0.141620164080358E+002 -0.141620164080358E+002 -0.151811351404353E+002
  0.502583861492365E-001  0.951886260263645E-001 -0.693147180559945E+000 -0.140627252179848E+002 -0.140627252179848E+002 -0.146974188126845E+002
  0.502442806765782E-001  0.951452743603020E-001 -0.693147180559945E+000 -0.132213557329992E+002 -0.132213557329992E+002 -0.157717395564999E+002
  0.648771768275833E-001  0.103996098092998E+000 -0.693147180559945E+000 -0.127938437238030E+002 -0.127938437238030E+002 -0.149149357567940E+002
  0.585046552721460E-001  0.985111952941766E-001 -0.693147180559945E+000 -0.139281877258733E+002 -0.139281877258733E+002 -0.148808602465587E+002
  0.114084810714549E+000  0.131019108185978E+000 -0.693147180559945E+000 -0.133424024450903E+002 -0.133424024450903E+002 -0.145055206753896E+002
  0.886078284196430E-001  0.113469012666329E+000 -0.693147180559945E+000 -0.131759293099621E+002 -0.131759293099621E+002 -0.199486798884399E+002
  0.705111108074399E-001  0.107915457948125E+000 -0.693147180559945E+000 -0.140536069431488E+002 -0.140536069431488E+002 -0.163229850008458E+002
  0.490493560959753E-001  0.950763830319576E-001 -0.693147180559945E+000 -0.142168385411040E+002 -0.142168385411040E+002 -0.148706432973908E+002
  0.609616849068300E-001  0.748519789626800E-001 -0.693147180559945E+000 -0.140309778366090E+002 -0.140309778366090E+002 -0.162090437675241E+002
  0.442414408852303E-001  0.880335364243307E-001 -0.693147180559945E+000 -0.137781553970098E+002 -0.137781553970098E+002 -0.146327681944300E+002
  0.375071846013721E-001  0.916016038131632E-001 -0.693147180559945E+000 -0.125214839655470E+002 -0.125214839655470E+002 -0.204823903333455E+002
  0.585088761919270E-001  0.985148011384662E-001 -0.693147180559945E+000 -0.135967440872752E+002 -0.135967440872752E+002 -0.144980826939889E+002
  0.557049317787004E-001  0.103153558175526E+000 -0.693147180559945E+000 -0.126910995602534E+002 -0.126910995602534E+002 -0.149291931924338E+002
  0.606678931791542E-001  0.807142901540446E-001 -0.693147180559945E+000 -0.141218699547470E+002 -0.141218699547470E+002 -0.149410817117809E+002
  0.420253982103618E-001  0.946541599732195E-001 -0.693147180559945E+000 -0.111237666059266E+002 -0.111237666059266E+002 -0.160782370053133E+002
  0.310601191919262E-001  0.890695214621436E-001 -0.693147180559945E+000 -0.138259728239972E+002 -0.138259728239972E+002 -0.156653644329556E+002
  0.504008838244929E-001  0.864501579513886E-001 -0.693147180559945E+000 -0.130030910252358E+002 -0.130030910252358E+002 -0.158446276669600E+002
  0.340896109435471E-001  0.865970995423268E-001 -0.693147180559945E+000 -0.138878750422989E+002 -0.138878750422989E+002 -0.148887484174364E+002
  0.403283634245966E-001  0.949001036922390E-001 -0.693147180559945E+000 -0.125480394959820E+002 -0.125480394959820E+002 -0.161379188687650E+002
  0.761358894560895E-001  0.965742414882817E-001 -0.693147180559945E+000 -0.128518334571460E+002 -0.128518334571460E+002 -0.146890677894130E+002
  0.653678579544168E-001  0.702704656795354E-001 -0.693147180559945E+000 -0.136598057448363E+002 -0.136598057448363E+002 -0.148257011898007E+002
  0.789284319507018E-001  0.987568034150820E-001 -0.693147180559945E+000 -0.139064785029569E+002 -0.139064785029569E+002 -0.153312657791737E+002
  0.442446413037425E-001  0.880495834112432E-001 -0.693147180559945E+000 -0.140850032672471E+002 -0.140850032672471E+002 -0.154448073894700E+002
  0.731350594737816E-001  0.105554561475645E+000 -0.693147180559945E+000 -0.139628582095775E+002 -0.139628582095775E+002 -0.156524535978521E+002
  0.760768066503306E-001  0.926245437293121E-001 -0.693147180559945E+000 -0.138450180126686E+002 -0.138450180126686E+002 -0.143850042005300E+002
  0.648771768639045E-001  0.103996098441657E+000 -0.693147180559945E+000 -0.138454540393563E+002 -0.138454540393563E+002 -0.155994530115681E+002
  0.585046552721464E-001  0.985111952941889E-001 -0.693147180559945E+000 -0.132166026143622E+002 -0.132166026143622E+002 -0.151113944666073E+002
  0.609616139467042E-001  0.748519798986133E-001 -0.693147180559945E+000 -0.140545120058778E+002 -0.140545120058778E+002 -0.147880277614470E+002
  0.381127946095985E-001  0.863583647505066E-001 -0.693147180559945E+000 -0.137649004781583E+002 -0.137649004781583E+002 -0.144229184541858E+002
  0.513707299029027E-001  0.909882383663782E-001 -0.693147180559945E+000 -0.137425220233695E+002 -0.137425220233695E+002 -0.152936864544974E+002
  0.513707299419059E-001  0.909882381735380E-001 -0.693147180559945E+000 -0.134674786420128E+002 -0.134674786420128E+002 -0.146816562499096E+002
  0.839971320110404E-001  0.892963333457418E-001 -0.693147180559945E+000 -0.137077756168332E+002 -0.137077756168332E+002 -0.147045857445580E+002
  0.609616139468603E-001  0.748519798986279E-001 -0.693147180559945E+000 -0.137883614119903E+002 -0.137883614119903E+002 -0.145271307556722E+002
  0.490716443899912E-001  0.871270809189015E-001 -0.693147180559945E+000 -0.128362138763154E+002 -0.128362138763154E+002 -0.161466554132186E+002
  0.502583850992075E-001  0.951886258784698E-001 -0.693147180559945E+000 -0.137600442905850E+002 -0.137600442905850E+002 -0.158440410724549E+002
  0.458032999974165E-001  0.895165809616353E-001 -0.693147180559945E+000 -0.135411649276606E+002 -0.135411649276606E+002 -0.150505945326708E+002
  0.910219177925806E-001  0.117136777320113E+000 -0.693147180559945E+000 -0.125037784566031E+002 -0.125037784566031E+002 -0.153966799395291E+002
  0.554401648641853E-001  0.103496312874718E+000 -0.693147180559945E+000 -0.138506326290337E+002 -0.138506326290337E+002 -0.154610645834695E+002
  0.420955874276749E-001  0.772107425734605E-001 -0.693147180559945E+000 -0.125949075141436E+002 -0.125949075141436E+002 -0.145038168223861E+002
  0.300526439395838E-001  0.957500448484237E-001 -0.693147180559945E+000 -0.141659149953536E+002 -0.141659149953536E+002 -0.164300163613842E+002
  0.569306898396373E-001  0.103282857516561E+000 -0.693147180559945E+000 -0.136831106211166E+002 -0.136831106211166E+002 -0.154675283614051E+002
  0.648424727136185E-001  0.103856627387909E+000 -0.693147180559945E+000 -0.126713994533331E+002 -0.126713994533331E+002 -0.155908973263401E+002
  0.406958165612521E-001  0.867901232409535E-001 -0.693147180559945E+000 -0.142701812506543E+002 -0.142701812506543E+002 -0.153467772561375E+002
  0.746095166971703E-001  0.944433344839550E-001 -0.693147180559945E+000 -0.125473491007204E+002 -0.125473491007204E+002 -0.155022914037107E+002
  0.504008840491921E-001  0.864501709756073E-001 -0.693147180559945E+000 -0.139520425462412E+002 -0.139520425462412E+002 -0.151168315699539E+002
  0.517006868789045E-001  0.985134432361857E-001 -0.693147180559945E+000 -0.131893248909083E+002 -0.131893248909083E+002 -0.149223145491864E+002
  0.888860038395756E-001  0.119094064730339E+000 -0.693147180559945E+000 -0.139610719975883E+002 -0.139610719975883E+002 -0.154955850087419E+002
  0.651371628926649E-001  0.934169400762857E-001 -0.693147180559945E+000 -0.140667296725326E+002 -0.140667296725326E+002 -0.144101651299210E+002
  0.910556201074892E-001  0.117142670883739E+000 -0.693147180559945E+000 -0.139190012908847E+002 -0.139190012908847E+002 -0.165308211500879E+002
  0.563350537839655E-001  0.724014518809755E-001 -0.693147180559945E+000 -0.141776328167029E+002 -0.141776328167029E+002 -0.161216262387778E+002
  0.746600986207935E-001  0.970395377839636E-001 -0.693147180559945E+000 -0.132666865869807E+002 -0.132666865869807E+002 -0.145165806953817E+002
  0.416652467573853E-001  0.975177659356491E-001 -0.693147180559945E+000 -0.128812707384783E+002 -0.128812707384783E+002 -0.160745444973201E+002
  0.389943296686639E-001  0.889406819787146E-001 -0.693147180559945E+000 -0.133592234915646E+002 -0.133592234915646E+002 -0.143120361149044E+002
  0.300525814327481E-001  0.957500332075802E-001 -0.693147180559945E+000 -0.134181669703011E+002 -0.134181669703011E+002 -0.146957987425909E+002
  0.404635839865641E-001  0.954849727686254E-001 -0.693147180559945E+000 -0.139847912858504E+002 -0.139847912858504E+002 -0.152479502031007E+002
  0.392439069593067E-001  0.937669662398886E-001 -0.693147180559945E+000 -0.131401577149373E+002 -0.131401577149373E+002 -0.147544412067680E+002
  0.908276519891600E-001  0.117034864294480E+000 -0.693147180559945E+000 -0.135709536665911E+002 -0.135709536665911E+002 -0.146829935103396E+002
  0.602575000473757E-001  0.108220298251071E+000 -0.693147180559945E+000 -0.132407934781235E+002 -0.132407934781235E+002 -0.159452015770820E+002
  0.261256964689476E-001  0.799680667488020E-001 -0.693147180559945E+000 -0.141425261307139E+002 -0.141425261307139E+002 -0.160228340132107E+002
  0.765785520095177E-001  0.111911659998282E+000 -0.693147180559945E+000 -0.142830809176428E+002 -0.142830809176428E+002 -0.144350036791124E+002
  0.408561451638634E-001  0.911169342520156E-001 -0.693147180559945E+000 -0.141396271537657E+002 -0.141396271537657E+002 -0.152498398232922E+002
  0.839971320105133E-001  0.892963333508755E-001 -0.693147180559945E+000 -0.130133572621481E+002 -0.130133572621481E+002 -0.158738574123425E+002
  0.502313244626635E-001  0.915512581676804E-001 -0.693147180559945E+000 -0.134223792379568E+002 -0.134223792379568E+002 -0.148458790500325E+002
  0.902105829819480E-001  0.116693433717365E+000 -0.693147180559945E+000 -0.123060256226341E+002 -0.123060256226341E+002 -0.146829935103396E+002
  0.765785520085149E-001  0.111911659997725E+000 -0.693147180559945E+000 -0.134698764304957E+002 -0.134698764304957E+002 -0.156362037594976E+002
  0.710403379006137E-001  0.959977842326435E-001 -0.693147180559945E+000 -0.124269512693228E+002 -0.124269512693228E+002 -0.143900215284166E+002
  0.745102591002647E-001  0.875100853629019E-001 -0.693147180559945E+000 -0.134850169812594E+002 -0.134850169812594E+002 -0.157021472689346E+002
  0.647680948354683E-001  0.104042201268290E+000 -0.693147180559945E+000 -0.105500425147426E+002 -0.105500425147426E+002 -0.148581175691702E+002
  0.490493560959822E-001  0.950763830319758E-001 -0.693147180559945E+000 -0.141588240334534E+002 -0.141588240334534E+002 -0.145296951936163E+002
  0.381127947860584E-001  0.863583637574054E-001 -0.693147180559945E+000 -0.128150674713872E+002 -0.128150674713872E+002 -0.147323033809725E+002
  0.397646895684030E-001  0.100844736484554E+000 -0.693147180559945E+000 -0.135476438270660E+002 -0.135476438270660E+002 -0.148154394417929E+002
  0.419780944609762E-001  0.948744524248278E-001 -0.693147180559945E+000 -0.137539569896096E+002 -0.137539569896096E+002 -0.160870978823666E+002
  0.746145893436190E-001  0.944906269933454E-001 -0.693147180559945E+000 -0.142407524681335E+002 -0.142407524681335E+002 -0.151568420719225E+002
  0.761368039566224E-001  0.926429575733151E-001 -0.693147180559945E+000 -0.139984904313739E+002 -0.139984904313739E+002 -0.156417628103181E+002
  0.731350594737818E-001  0.105554561475645E+000 -0.693147180559945E+000 -0.120970972153742E+002 -0.120970972153742E+002 -0.183513218337952E+002
  0.670641968735555E-001  0.924721126337054E-001 -0.693147180559945E+000 -0.122225182305807E+002 -0.122225182305807E+002 -0.148389502683611E+002
  0.397646895685770E-001  0.100844736484718E+000 -0.693147180559945E+000 -0.141101661262517E+002 -0.141101661262517E+002 -0.149512910198344E+002
  0.567281862412483E-001  0.104180640108440E+000 -0.693147180559945E+000 -0.141131876866619E+002 -0.141131876866619E+002 -0.158564102195059E+002
  0.403283634245966E-001  0.949001036922390E-001 -0.693147180559945E+000 -0.140706216578154E+002 -0.140706216578154E+002 -0.160722487630961E+002
  0.527530880955338E-001  0.100842715798140E+000 -0.693147180559945E+000 -0.141222024914493E+002 -0.141222024914493E+002 -0.143216207757429E+002
  0.513707299269304E-001  0.909882383797156E-001 -0.693147180559945E+000 -0.131261954218808E+002 -0.131261954218808E+002 -0.152207803979693E+002
  0.408536481946418E-001  0.911173455277817E-001 -0.693147180559945E+000 -0.134279903672998E+002 -0.134279903672998E+002 -0.160034460557960E+002
  0.908318133865385E-001  0.117037835432562E+000 -0.693147180559945E+000 -0.136061762640558E+002 -0.136061762640558E+002 -0.143900215284166E+002
  0.513707302086515E-001  0.909882375970344E-001 -0.693147180559945E+000 -0.134444850036022E+002 -0.134444850036022E+002 -0.148187427665327E+002
  0.381127946095736E-001  0.863583647504939E-001 -0.693147180559945E+000 -0.142445876305945E+002 -0.142445876305945E+002 -0.143216207757429E+002
  0.442446413024242E-001  0.880495834106063E-001 -0.693147180559945E+000 -0.126807843245285E+002 -0.126807843245285E+002 -0.160966304745991E+002
  0.585046754104053E-001  0.985112254088700E-001 -0.693147180559945E+000 -0.136438287675121E+002 -0.136438287675121E+002 -0.143751634531539E+002
  0.904043692850924E-001  0.116544466715806E+000 -0.693147180559945E+000 -0.124364505234925E+002 -0.124364505234925E+002 -0.169845260060495E+002
  0.602570694118449E-001  0.108219782073941E+000 -0.693147180559945E+000 -0.131706632813962E+002 -0.131706632813962E+002 -0.160984750995631E+002
  0.398956369976529E-001  0.952202430060530E-001 -0.693147180559945E+000 -0.134782839664283E+002 -0.134782839664283E+002 -0.145452376879540E+002
  0.760769489544673E-001  0.926244468345934E-001 -0.693147180559945E+000 -0.137471862895747E+002 -0.137471862895747E+002 -0.149899343939983E+002
  0.942853070031979E-001  0.119293437722972E+000 -0.693147180559945E+000 -0.138487769561490E+002 -0.138487769561490E+002 -0.148834105881057E+002
  0.502583850993050E-001  0.951886258784849E-001 -0.693147180559945E+000 -0.136798254742355E+002 -0.136798254742355E+002 -0.168925362864421E+002
  0.513696387124618E-001  0.909887540967209E-001 -0.693147180559945E+000 -0.120207969438938E+002 -0.120207969438938E+002 -0.156363794783231E+002
  0.507576541935144E-001  0.771449993915307E-001 -0.693147180559945E+000 -0.136313078468038E+002 -0.136313078468038E+002 -0.166966940200389E+002
  0.585129819662078E-001  0.985310518378954E-001 -0.693147180559945E+000 -0.140875004049125E+002 -0.140875004049125E+002 -0.147528455162811E+002
  0.585046754104053E-001  0.985112254088700E-001 -0.693147180559945E+000 -0.139644330468605E+002 -0.139644330468605E+002 -0.145452376879540E+002
  0.502583852738878E-001  0.951886259860769E-001 -0.693147180559945E+000 -0.140318560735392E+002 -0.140318560735392E+002 -0.144285623855093E+002
  0.381300456108979E-001  0.995333525405729E-001 -0.693147180559945E+000 -0.142726398511579E+002 -0.142726398511579E+002 -0.145696485269366E+002
  0.557722548457791E-001  0.103178736725543E+000 -0.693147180559945E+000 -0.132648685948452E+002 -0.132648685948452E+002 -0.152718125256633E+002
  0.716167963554617E-001  0.972658554041345E-001 -0.693147180559945E+000 -0.135239646335565E+002 -0.135239646335565E+002 -0.142972460295362E+002
  0.746095166972298E-001  0.944433344839680E-001 -0.693147180559945E+000 -0.131466422169550E+002 -0.131466422169550E+002 -0.143554763482391E+002
  0.765785520085138E-001  0.111911659997887E+000 -0.693147180559945E+000 -0.128471490880804E+002 -0.128471490880804E+002 -0.155605454737948E+002
  0.398955082236090E-001  0.952202336124783E-001 -0.693147180559945E+000 -0.142002999755254E+002 -0.142002999755254E+002 -0.156105279965488E+002
  0.398955916704506E-001  0.952202259919755E-001 -0.693147180559945E+000 -0.135424717750298E+002 -0.135424717750298E+002 -0.151536749083291E+002
  0.789250089315829E-001  0.987549756526424E-001 -0.693147180559945E+000 -0.142351508840155E+002 -0.142351508840155E+002 -0.143900215284166E+002
  0.538630311616224E-001  0.898159375462463E-001 -0.693147180559945E+000 -0.142677957332625E+002 -0.142677957332625E+002 -0.151052446098786E+002
  0.557029418789081E-001  0.103154091512748E+000 -0.693147180559945E+000 -0.142555048180264E+002 -0.142555048180264E+002 -0.147220802103368E+002
  0.563349735318144E-001  0.724020897937684E-001 -0.693147180559945E+000 -0.136347520321299E+002 -0.136347520321299E+002 -0.142901899187910E+002
  0.411916156293657E-001  0.115278243477507E+000 -0.693147180559945E+000 -0.130411988037503E+002 -0.130411988037503E+002 -0.146796979928143E+002
  0.614757082448270E-001  0.127100656159446E+000 -0.693147180559945E+000 -0.135180938015083E+002 -0.135180938015083E+002 -0.147982986099329E+002
  0.412266422636360E-001  0.115176634751271E+000 -0.693147180559945E+000 -0.127803937725363E+002 -0.127803937725363E+002 -0.149147102163588E+002
  0.219648839159972E-001  0.118355652993262E+000 -0.693147180559945E+000 -0.137901647831445E+002 -0.137901647831445E+002 -0.153781525833103E+002
  0.451142590904796E-001  0.119341146609365E+000 -0.693147180559945E+000 -0.123330504323052E+002 -0.123330504323052E+002 -0.152345957764449E+002
  0.450051328032048E-001  0.112710159276099E+000 -0.693147180559945E+000 -0.132851658619793E+002 -0.132851658619793E+002 -0.144364875839424E+002
  0.614757081781934E-001  0.127100656189786E+000 -0.693147180559945E+000 -0.135675830623973E+002 -0.135675830623973E+002 -0.144364875839424E+002
  0.630945403933629E-001  0.127103830500301E+000 -0.693147180559945E+000 -0.130605639818266E+002 -0.130605639818266E+002 -0.164850681582355E+002
  0.273218271802673E-001  0.125013396105694E+000 -0.693147180559945E+000 -0.132965846015095E+002 -0.132965846015095E+002 -0.150176774797632E+002
  0.272497441561532E-001  0.125280366999527E+000 -0.693147180559945E+000 -0.140967158728604E+002 -0.140967158728604E+002 -0.145825034554398E+002
  0.219648839159972E-001  0.118355652993262E+000 -0.693147180559945E+000 -0.130848061837008E+002 -0.130848061837008E+002 -0.166148692004876E+002
  0.412266422637377E-001  0.115176634751477E+000 -0.693147180559945E+000 -0.116337396789617E+002 -0.116337396789617E+002 -0.159408872771522E+002
  0.436964902025372E-001  0.118040127578504E+000 -0.693147180559945E+000 -0.135811104128656E+002 -0.135811104128656E+002 -0.162192031564257E+002
  0.614757082384094E-001  0.127100656164377E+000 -0.693147180559945E+000 -0.139268066668229E+002 -0.139268066668229E+002 -0.157897070316922E+002
  0.450051328033989E-001  0.112710159276127E+000 -0.693147180559945E+000 -0.137444889130732E+002 -0.137444889130732E+002 -0.147415852769488E+002
  0.619116081689970E-001  0.125850106175095E+000 -0.693147180559945E+000 -0.123212953699074E+002 -0.123212953699074E+002 -0.144364875839424E+002
  0.451142590904827E-001  0.119341146609363E+000 -0.693147180559945E+000 -0.116752590484000E+002 -0.116752590484000E+002 -0.155954103821278E+002
  0.272228437245861E-001  0.125259665503385E+000 -0.693147180559945E+000 -0.129784821392719E+002 -0.129784821392719E+002 -0.147415852769488E+002
  0.630731522329322E-001  0.127081807273680E+000 -0.693147180559945E+000 -0.131498487855622E+002 -0.131498487855622E+002 -0.154955850087419E+002
  0.272269327634953E-001  0.125279833224209E+000 -0.693147180559945E+000 -0.139152383624212E+002 -0.139152383624212E+002 -0.149529362337562E+002
  0.630945392315796E-001  0.127103823143721E+000 -0.693147180559945E+000 -0.133235081162824E+002 -0.133235081162824E+002 -0.166627119744699E+002
  0.272474376435534E-001  0.125280429442017E+000 -0.693147180559945E+000 -0.115378009362020E+002 -0.115378009362020E+002 -0.163374181236872E+002
  0.403823003006609E-001  0.116745902571574E+000 -0.693147180559945E+000 -0.139845744420252E+002 -0.139845744420252E+002 -0.155906228391857E+002
  0.397671754836950E-001  0.115243403977591E+000 -0.693147180559945E+000 -0.139401487115343E+002 -0.139401487115343E+002 -0.194521938570686E+002
  0.272234203810116E-001  0.125275996126585E+000 -0.693147180559945E+000 -0.135334531704618E+002 -0.135334531704618E+002 -0.167527213420403E+002
  0.614757082384094E-001  0.127100656164377E+000 -0.693147180559945E+000 -0.133678457136047E+002 -0.133678457136047E+002 -0.144621061606811E+002
  0.272497447503353E-001  0.125280367342396E+000 -0.693147180559945E+000 -0.130679406599823E+002 -0.130679406599823E+002 -0.148538077700123E+002
  0.352731068541206E-001  0.122955054950267E+000 -0.693147180559945E+000 -0.139926434376658E+002 -0.139926434376658E+002 -0.156824036376758E+002
  0.630945408201440E-001  0.127103831058509E+000 -0.693147180559945E+000 -0.140395604000613E+002 -0.140395604000613E+002 -0.151450754106880E+002
  0.449558287167222E-001  0.119488824495084E+000 -0.693147180559945E+000 -0.141918056056733E+002 -0.141918056056733E+002 -0.144621061606811E+002
  0.272436385478034E-001  0.125273419542570E+000 -0.693147180559945E+000 -0.128018140892684E+002 -0.128018140892684E+002 -0.149529362337562E+002
  0.541084498635342E-001  0.126941997460243E+000 -0.693147180559945E+000 -0.126872829141721E+002 -0.126872829141721E+002 -0.146422790161505E+002
  0.451142590904827E-001  0.119341146609363E+000 -0.693147180559945E+000 -0.141781792196183E+002 -0.141781792196183E+002 -0.152345957764449E+002
  0.272228437295652E-001  0.125259665504618E+000 -0.693147180559945E+000 -0.136478561757647E+002 -0.136478561757647E+002 -0.145596606819206E+002
  0.272436385477230E-001  0.125273419542672E+000 -0.693147180559945E+000 -0.137429748432320E+002 -0.137429748432320E+002 -0.144621061606811E+002
  0.541084484744445E-001  0.126941997718043E+000 -0.693147180559945E+000 -0.119013259138279E+002 -0.119013259138279E+002 -0.149147102163588E+002
  0.614757082452189E-001  0.127100656147024E+000 -0.693147180559945E+000 -0.128827045498718E+002 -0.128827045498718E+002 -0.144187347605175E+002
  0.272436385477239E-001  0.125273419542675E+000 -0.693147180559945E+000 -0.136070278469488E+002 -0.136070278469488E+002 -0.141918056056733E+002
  0.412266422636358E-001  0.115176634751271E+000 -0.693147180559945E+000 -0.141054206971350E+002 -0.141054206971350E+002 -0.141918056056733E+002
  0.273218260169741E-001  0.125013393210758E+000 -0.693147180559945E+000 -0.139830548897940E+002 -0.139830548897940E+002 -0.141918056056733E+002
  0.614757082452189E-001  0.127100656147024E+000 -0.693147180559945E+000 -0.134638797633334E+002 -0.134638797633334E+002 -0.141918056056733E+002
  0.451149871457270E-001  0.119340890565783E+000 -0.693147180559945E+000 -0.125100711568994E+002 -0.125100711568994E+002 -0.141918056056733E+002
  0.714834640579278E-001  0.119243083104995E+000 -0.693147180559945E+000 -0.138318843209925E+002 -0.138318843209925E+002 -0.151889213081573E+002
  0.710894998514313E-001  0.119446912235770E+000 -0.693147180559945E+000 -0.112485942936687E+002 -0.112485942936687E+002 -0.176783039164572E+002
  0.714834640579316E-001  0.119243083104991E+000 -0.693147180559945E+000 -0.134420772282640E+002 -0.134420772282640E+002 -0.174472908107884E+002
  0.710894998463285E-001  0.119446912199728E+000 -0.693147180559945E+000 -0.137998429029358E+002 -0.137998429029358E+002 -0.166745607161835E+002
  0.710524867642863E-001  0.119440014881014E+000 -0.693147180559945E+000 -0.135012291918776E+002 -0.135012291918776E+002 -0.191687679540985E+002
  0.710895394229556E-001  0.119440579075214E+000 -0.693147180559945E+000 -0.132614666884607E+002 -0.132614666884607E+002 -0.155132659121630E+002
  0.710896686475633E-001  0.119446724155062E+000 -0.693147180559945E+000 -0.140120809463414E+002 -0.140120809463414E+002 -0.151889213081573E+002
  0.710894998514313E-001  0.119446912235770E+000 -0.693147180559945E+000 -0.123834777201153E+002 -0.123834777201153E+002 -0.140120809463414E+002
  0.714835023190339E-001  0.119243114231841E+000 -0.693147180559945E+000 -0.138956783632455E+002 -0.138956783632455E+002 -0.140120809463414E+002
  0.714835023165825E-001  0.119243114231110E+000 -0.693147180559945E+000 -0.137294526829288E+002 -0.137294526829288E+002 -0.140120809463414E+002
  0.714834644282485E-001  0.119243082422446E+000 -0.693147180559945E+000 -0.123413472445579E+002 -0.123413472445579E+002 -0.140120809463414E+002
  0.710895004597687E-001  0.119446912132553E+000 -0.693147180559945E+000 -0.135184634993826E+002 -0.135184634993826E+002 -0.140120809463414E+002
  0.635834593173352E-001  0.128905722601265E+000 -0.693147180559945E+000 -0.111427861546747E+002 -0.111427861546747E+002 -0.177467580267547E+002
  0.635832097187210E-001  0.128905718041415E+000 -0.693147180559945E+000 -0.136293312450092E+002 -0.136293312450092E+002 -0.148193812402800E+002
  0.635834510679296E-001  0.128905741956229E+000 -0.693147180559945E+000 -0.128972271232130E+002 -0.128972271232130E+002 -0.157431872380815E+002
  0.635834182799830E-001  0.128905641504408E+000 -0.693147180559945E+000 -0.141610526051592E+002 -0.141610526051592E+002 -0.155702334328606E+002
  0.635834182380273E-001  0.128905641519527E+000 -0.693147180559945E+000 -0.119771478029335E+002 -0.119771478029335E+002 -0.153630368431365E+002
  0.635834510676572E-001  0.128905741956039E+000 -0.693147180559945E+000 -0.115334565807639E+002 -0.115334565807639E+002 -0.144052044441605E+002
  0.635834182380783E-001  0.128905641519494E+000 -0.693147180559945E+000 -0.137305884610641E+002 -0.137305884610641E+002 -0.141610526051592E+002
  0.474343822500443E-001  0.937776544292607E-001 -0.693147180559945E+000 -0.139951694417356E+002 -0.139951694417356E+002 -0.142929401266673E+002
  0.474366679554148E-001  0.937941569631192E-001 -0.693147180559945E+000 -0.141178813000768E+002 -0.141178813000768E+002 -0.156972112184760E+002
  0.473778816680006E-001  0.936132694860544E-001 -0.693147180559945E+000 -0.132759660136151E+002 -0.132759660136151E+002 -0.160166312356106E+002
  0.474366307810259E-001  0.937935295241745E-001 -0.693147180559945E+000 -0.131440034098998E+002 -0.131440034098998E+002 -0.149399418287039E+002
  0.473778942017691E-001  0.936132841894296E-001 -0.693147180559945E+000 -0.136552675845091E+002 -0.136552675845091E+002 -0.164559140858334E+002
  0.474404053427837E-001  0.938002063616410E-001 -0.693147180559945E+000 -0.126493248948759E+002 -0.126493248948759E+002 -0.144180743513927E+002
  0.474370965293647E-001  0.937948593057069E-001 -0.693147180559945E+000 -0.119988158689979E+002 -0.119988158689979E+002 -0.146853437697275E+002
  0.474366679537110E-001  0.937941569594796E-001 -0.693147180559945E+000 -0.138943113982358E+002 -0.138943113982358E+002 -0.149399418287039E+002
  0.474370995096007E-001  0.937947987187732E-001 -0.693147180559945E+000 -0.141729806969561E+002 -0.141729806969561E+002 -0.146853437697275E+002
  0.474370765049432E-001  0.937948358073315E-001 -0.693147180559945E+000 -0.132213690133243E+002 -0.132213690133243E+002 -0.144180743513927E+002
  0.684085082527481E-001  0.125894569374699E+000 -0.693147180559945E+000 -0.129457146846735E+002 -0.129457146846735E+002 -0.152801931501110E+002
  0.684081176116791E-001  0.125894941517367E+000 -0.693147180559945E+000 -0.142162592897910E+002 -0.142162592897910E+002 -0.157380894680190E+002
  0.684085083628829E-001  0.125894569365204E+000 -0.693147180559945E+000 -0.125917513458272E+002 -0.125917513458272E+002 -0.158048924108973E+002
  0.683999546455250E-001  0.125884028236846E+000 -0.693147180559945E+000 -0.119252223010131E+002 -0.119252223010131E+002 -0.166424092772335E+002
  0.719581008318533E-001  0.129556439133662E+000 -0.693147180559945E+000 -0.140092877691921E+002 -0.140092877691921E+002 -0.172344289337393E+002
  0.712873736077582E-001  0.126439878600243E+000 -0.693147180559945E+000 -0.132848514208968E+002 -0.132848514208968E+002 -0.159569243521711E+002
  0.719581008319428E-001  0.129556439133694E+000 -0.693147180559945E+000 -0.141884620052854E+002 -0.141884620052854E+002 -0.183178724677928E+002
  0.712873954016200E-001  0.126440244982273E+000 -0.693147180559945E+000 -0.136885487591357E+002 -0.136885487591357E+002 -0.147507582802399E+002
  0.726009772636256E-001  0.131170239268759E+000 -0.693147180559945E+000 -0.132659339630259E+002 -0.132659339630259E+002 -0.145825362451453E+002
  0.712872837949061E-001  0.126439837930761E+000 -0.693147180559945E+000 -0.135411960128048E+002 -0.135411960128048E+002 -0.147507582802399E+002
  0.712873736076136E-001  0.126439878600132E+000 -0.693147180559945E+000 -0.138796277386463E+002 -0.138796277386463E+002 -0.145825362451453E+002
  0.684085948637307E-001  0.125894638303281E+000 -0.693147180559945E+000 -0.139619616515372E+002 -0.139619616515372E+002 -0.143957624598986E+002
  0.712994851932247E-001  0.126730108694630E+000 -0.693147180559945E+000 -0.132367033380563E+002 -0.132367033380563E+002 -0.143957624598986E+002
  0.712873734333237E-001  0.126439878470697E+000 -0.693147180559945E+000 -0.116296958152175E+002 -0.116296958152175E+002 -0.147507582802399E+002
  0.713015774026435E-001  0.126442471706651E+000 -0.693147180559945E+000 -0.132202032053534E+002 -0.132202032053534E+002 -0.142162592897910E+002
  0.684089279561773E-001  0.125894569159233E+000 -0.693147180559945E+000 -0.132145749918967E+002 -0.132145749918967E+002 -0.142162592897910E+002
  0.615384719601773E-001  0.117314207370694E+000 -0.693147180559945E+000 -0.142139920757382E+002 -0.142139920757382E+002 -0.155989452837498E+002
  0.615384789422149E-001  0.117314181983606E+000 -0.693147180559945E+000 -0.139990530907239E+002 -0.139990530907239E+002 -0.159302097846460E+002
  0.615384843418125E-001  0.117314287554841E+000 -0.693147180559945E+000 -0.122800904234803E+002 -0.122800904234803E+002 -0.155513595234550E+002
  0.615384713765073E-001  0.117314137178165E+000 -0.693147180559945E+000 -0.137455674763929E+002 -0.137455674763929E+002 -0.147336823193793E+002
  0.615384843579574E-001  0.117314287501296E+000 -0.693147180559945E+000 -0.136739711058185E+002 -0.136739711058185E+002 -0.147336823193793E+002
  0.615390034271637E-001  0.117314121118881E+000 -0.693147180559945E+000 -0.142791488061984E+002 -0.142791488061984E+002 -0.166398736000060E+002
  0.606266336988581E-001  0.117133331190960E+000 -0.693147180559945E+000 -0.135542992403495E+002 -0.135542992403495E+002 -0.147336823193793E+002
  0.615384933125638E-001  0.117314283645507E+000 -0.693147180559945E+000 -0.136147320309153E+002 -0.136147320309153E+002 -0.147336823193793E+002
  0.615385121733090E-001  0.117314316528177E+000 -0.693147180559945E+000 -0.137063470221421E+002 -0.137063470221421E+002 -0.142791488061984E+002
  0.615384653743560E-001  0.117314127965894E+000 -0.693147180559945E+000 -0.130065380127112E+002 -0.130065380127112E+002 -0.142791488061984E+002
  0.293240936576473E-001  0.109839484879934E+000 -0.693147180559945E+000 -0.120547514468971E+002 -0.120547514468971E+002 -0.146069216294187E+002
  0.293240935937398E-001  0.109839485020039E+000 -0.693147180559945E+000 -0.131973558453296E+002 -0.131973558453296E+002 -0.144848543811609E+002
  0.292820995252185E-001  0.109908769562942E+000 -0.693147180559945E+000 -0.141331802577979E+002 -0.141331802577979E+002 -0.164591906475869E+002
  0.292820995254146E-001  0.109908769563416E+000 -0.693147180559945E+000 -0.142295606602699E+002 -0.142295606602699E+002 -0.156139512934015E+002
  0.293241264500907E-001  0.109839452079832E+000 -0.693147180559945E+000 -0.142719691294368E+002 -0.142719691294368E+002 -0.155999633708875E+002
  0.467208986245773E-001  0.934449920852213E-001 -0.693147180559945E+000 -0.122374921385105E+002 -0.122374921385105E+002 -0.156335878401484E+002
  0.465730045224935E-001  0.935267553381804E-001 -0.693147180559945E+000 -0.121481404636125E+002 -0.121481404636125E+002 -0.155222753997543E+002
  0.465708796326210E-001  0.935215538351697E-001 -0.693147180559945E+000 -0.119560999274291E+002 -0.119560999274291E+002 -0.147640252873697E+002
  0.251590440656522E-001  0.144550425550317E+000 -0.693147180559945E+000 -0.142610364053530E+002 -0.142610364053530E+002 -0.155095606206291E+002
  0.425212469553549E-001  0.141916705740920E+000 -0.693147180559945E+000 -0.140503031158704E+002 -0.140503031158704E+002 -0.188435946773676E+002
  0.425240026678966E-001  0.142002150855922E+000 -0.693147180559945E+000 -0.140556734916650E+002 -0.140556734916650E+002 -0.164191269425260E+002
  0.425183237225337E-001  0.141919922411722E+000 -0.693147180559945E+000 -0.134410151888180E+002 -0.134410151888180E+002 -0.176265288656867E+002
  0.425015974590506E-001  0.141912476323576E+000 -0.693147180559945E+000 -0.123804480659440E+002 -0.123804480659440E+002 -0.158648817792073E+002
  0.425240026678979E-001  0.142002150855921E+000 -0.693147180559945E+000 -0.131975456423975E+002 -0.131975456423975E+002 -0.165573052660158E+002
  0.670816055314420E-001  0.121136025569494E+000 -0.693147180559945E+000 -0.129744676411086E+002 -0.129744676411086E+002 -0.146852969586736E+002
  0.670830742697681E-001  0.121132100083369E+000 -0.693147180559945E+000 -0.115626855256701E+002 -0.115626855256701E+002 -0.144462928082138E+002
  0.670830744511557E-001  0.121132100055428E+000 -0.693147180559945E+000 -0.123611368961140E+002 -0.123611368961140E+002 -0.166201517765425E+002
  0.670829864397076E-001  0.121132070520428E+000 -0.693147180559945E+000 -0.138255580126763E+002 -0.138255580126763E+002 -0.190549609510333E+002
  0.670830738086778E-001  0.121132101753525E+000 -0.693147180559945E+000 -0.141594324643444E+002 -0.141594324643444E+002 -0.160201993756837E+002
  0.670830744511570E-001  0.121132100055425E+000 -0.693147180559945E+000 -0.135119161528508E+002 -0.135119161528508E+002 -0.144462928082138E+002
  0.670830814894183E-001  0.121134803983798E+000 -0.693147180559945E+000 -0.135936867658243E+002 -0.135936867658243E+002 -0.141594324643444E+002
  0.661465048594121E-001  0.163049739102384E+000 -0.693147180559945E+000 -0.141928527912469E+002 -0.141928527912469E+002 -0.175075138290485E+002
  0.661525300804811E-001  0.163044532586314E+000 -0.693147180559945E+000 -0.138919347367005E+002 -0.138919347367005E+002 -0.160610100287022E+002
  0.644034618967464E-001  0.163901229025606E+000 -0.693147180559945E+000 -0.130907170138180E+002 -0.130907170138180E+002 -0.150378582468726E+002
  0.660831040165279E-001  0.162973568251418E+000 -0.693147180559945E+000 -0.141281737774527E+002 -0.141281737774527E+002 -0.141928527912469E+002
  0.570501400232335E-001  0.186417774703493E+000 -0.693147180559945E+000 -0.135573802255160E+002 -0.135573802255160E+002 -0.230461647541783E+002
  0.570501420571998E-001  0.186417778909232E+000 -0.693147180559945E+000 -0.934580241806659E+001 -0.934580241806659E+001 -0.162800376512982E+002
