  0.100000000000000E+001  0.184838995848240E+002  0.994668413476348E-001  0.756653210983851E-001  0.130404286140162E+001  0.100050033358353E-002 -0.924194979241198E+001
  0.100000000000000E+001  0.185202523296349E+002  0.279401979266309E+000  0.843655818822578E-001  0.125834864346629E+001  0.100050033358353E-002 -0.926012616481745E+001
  0.100000000000000E+001  0.262351958977792E+002  0.677720495196336E+000  0.242804570335009E+000  0.963667233701223E+000  0.100050033358353E-002 -0.131175979488896E+002
  0.100000000000000E+001  0.258067009888615E+002  0.679618249206456E+000  0.237357095431861E+000  0.961369016138680E+000  0.100050033358353E-002 -0.129033504944308E+002
  0.100000000000000E+001  0.185431690414140E+002  0.409557985431612E+000  0.940889521512062E-001  0.119558661278969E+001  0.100050033358353E-002 -0.927158452070702E+001
  0.100000000000000E+001  0.248675341197874E+002  0.570791016732678E+000  0.221290198922455E+000  0.107607997523923E+001  0.100050033358353E-002 -0.124337670598937E+002
  0.100000000000000E+001  0.185496151562438E+002  0.217020167121102E+000  0.821220206412439E-001  0.127930801037891E+001  0.100050033358353E-002 -0.927480757812191E+001
  0.100000000000000E+001  0.243801895581608E+002  0.171853141315019E+000  0.199070020535512E+000  0.129104451636760E+001  0.100050033358353E-002 -0.121900947790804E+002
  0.100000000000000E+001  0.185795492645555E+002  0.358750816229201E+000  0.915170154439833E-001  0.122330363251551E+001  0.100050033358353E-002 -0.928977463227776E+001
  0.100000000000000E+001  0.235213986671431E+002  0.327601699249569E-001  0.186450339621530E+000  0.130983855554470E+001  0.100050033358353E-002 -0.117606993335715E+002
  0.100000000000000E+001  0.186012037816934E+002  0.217665646168293E+000  0.835011285144444E-001  0.127911965138542E+001  0.100050033358353E-002 -0.930060189084669E+001
  0.100000000000000E+001  0.232711157959656E+002  0.564603123044917E+000  0.197740933487585E+000  0.108167226676147E+001  0.100050033358353E-002 -0.116355578979828E+002
  0.100000000000000E+001  0.186367466815685E+002  0.361282221480380E-001  0.803567813043697E-001  0.130968642927812E+001  0.100050033358353E-002 -0.931837334078423E+001
  0.100000000000000E+001  0.187444668204244E+002  0.263083300192505E+000  0.900890478226686E-001  0.126437569700575E+001  0.100050033358353E-002 -0.937223341021220E+001
  0.100000000000000E+001  0.230079369007544E+002  0.941518726854656E+000  0.183926767231751E+000  0.441601098433529E+000  0.100050033358353E-002 -0.115039684503772E+002
  0.100000000000000E+001  0.188029455962974E+002  0.364490607162315E+000  0.981051375238433E-001  0.122038596894614E+001  0.100050033358353E-002 -0.940147279814872E+001
  0.100000000000000E+001  0.226704585464584E+002  0.483201675650352E+000  0.183736019068908E+000  0.114739141434928E+001  0.100050033358353E-002 -0.113352292732292E+002
  0.100000000000000E+001  0.225970679338463E+002  0.889332260040461E+000  0.189136664566203E+000  0.599260475063112E+000  0.100050033358353E-002 -0.112985339669232E+002
  0.100000000000000E+001  0.223333553714306E+002  0.552638447337624E+000  0.182200428873537E+000  0.109223336828708E+001  0.100050033358353E-002 -0.111666776857153E+002
  0.100000000000000E+001  0.222238845473763E+002  0.125046568329824E+000  0.162496849677930E+000  0.130025539003342E+001  0.100050033358353E-002 -0.111119422736882E+002
  0.100000000000000E+001  0.188891120920687E+002  0.281211331144244E+000  0.949819595163768E-001  0.125765621190837E+001  0.100050033358353E-002 -0.944455604603436E+001
  0.100000000000000E+001  0.188984315442496E+002  0.307701696065166E+000  0.967207755281591E-001  0.124695827328795E+001  0.100050033358353E-002 -0.944921577212480E+001
  0.100000000000000E+001  0.188993336810395E+002  0.752539645595768E+000  0.130014494115364E+000  0.863053433416841E+000  0.100050033358353E-002 -0.944966684051974E+001
  0.100000000000000E+001  0.189687697120218E+002  0.977289502444586E+000  0.987433187291219E-001  0.277715039004486E+000  0.100050033358353E-002 -0.948438485601092E+001
  0.100000000000000E+001  0.190583063246692E+002  0.274758877761201E+000  0.994525287502184E-001  0.126010338125807E+001  0.100050033358353E-002 -0.952915316233458E+001
  0.100000000000000E+001  0.190599409365966E+002  0.418729625994351E+000  0.108616255597800E+000  0.119011754265872E+001  0.100050033358353E-002 -0.952997046829830E+001
  0.100000000000000E+001  0.215420786642657E+002  0.298596722107379E-001  0.147099342239746E+000  0.130995763007522E+001  0.100050033358353E-002 -0.107710393321329E+002
  0.100000000000000E+001  0.190716386718354E+002  0.972064466266347E-001  0.928778578314651E-001  0.130433558716474E+001  0.100050033358353E-002 -0.953581933591769E+001
  0.100000000000000E+001  0.190908422268404E+002  0.709195360386414E+000  0.131493124639119E+000  0.923947855708582E+000  0.100050033358353E-002 -0.954542111342019E+001
  0.100000000000000E+001  0.191808144700242E+002  0.783880999427996E-002  0.448839837731021E-001  0.131050173498224E+001  0.100050033358353E-002 -0.959040723501209E+001
  0.100000000000000E+001  0.192252280542252E+002  0.731320586797101E+000  0.135518764635990E+000  0.893834031576744E+000  0.100050033358353E-002 -0.961261402711262E+001
  0.100000000000000E+001  0.192428216578549E+002  0.909904008643977E+000  0.131362612793571E+000  0.543637551757449E+000  0.100050033358353E-002 -0.962141082892744E+001
  0.100000000000000E+001  0.192478331464441E+002  0.265179274451258E+000  0.103622443544885E+000  0.126362344950635E+001  0.100050033358353E-002 -0.962391657322204E+001
  0.100000000000000E+001  0.212819626088991E+002  0.529481458749144E+000  0.162388044864681E+000  0.111176096875406E+001  0.100050033358353E-002 -0.106409813044496E+002
  0.100000000000000E+001  0.211398126642513E+002  0.477526025644761E+000  0.156612668186740E+000  0.115146527255803E+001  0.100050033358353E-002 -0.105699063321257E+002
  0.100000000000000E+001  0.192857544341728E+002  0.689252158976123E+000  0.134270369772117E+000  0.949515907552633E+000  0.100050033358353E-002 -0.964287721708642E+001
  0.100000000000000E+001  0.192868549058910E+002  0.697876797143942E+000  0.134878067987090E+000  0.938633543702598E+000  0.100050033358353E-002 -0.964342745294550E+001
  0.100000000000000E+001  0.210606699471843E+002  0.371290771091756E+000  0.149102835594843E+000  0.121686006327225E+001  0.100050033358353E-002 -0.105303349735922E+002
  0.100000000000000E+001  0.193449690179009E+002  0.360943629226994E+000  0.111588073947057E+000  0.122219526404291E+001  0.100050033358353E-002 -0.967248450895045E+001
  0.100000000000000E+001  0.193976389185203E+002  0.943362580914958E+000  0.125437622416274E+000  0.434790042288919E+000  0.100050033358353E-002 -0.969881945926016E+001
  0.100000000000000E+001  0.195148135592199E+002  0.338638851097648E+000  0.114488712059520E+000  0.123311050020237E+001  0.100050033358353E-002 -0.975740677960994E+001
  0.100000000000000E+001  0.208440385045544E+002  0.568106048185858E-001  0.135701564246029E+000  0.130842543985502E+001  0.100050033358353E-002 -0.104220192522772E+002
  0.100000000000000E+001  0.207677414143132E+002  0.362788219502083E+000  0.143189640934617E+000  0.122125689073180E+001  0.100050033358353E-002 -0.103838707071566E+002
  0.100000000000000E+001  0.195330194832796E+002  0.399352125079665E+000  0.118355287174852E+000  0.120150178948099E+001  0.100050033358353E-002 -0.976650974163978E+001
  0.100000000000000E+001  0.205147312102988E+002  0.478375827523733E+000  0.144944048005049E+000  0.115085928133679E+001  0.100050033358353E-002 -0.102573656051494E+002
  0.100000000000000E+001  0.195579020821409E+002  0.282228251564409E+000  0.112460727412280E+000  0.125726491011262E+001  0.100050033358353E-002 -0.977895104107044E+001
  0.100000000000000E+001  0.196086507261142E+002  0.499739497016959E+000  0.127189658469479E+000  0.113515970371545E+001  0.100050033358353E-002 -0.980432536305708E+001
  0.100000000000000E+001  0.196147921744477E+002  0.927099116208357E-002  0.609050556754841E-001  0.131048567741041E+001  0.100050033358353E-002 -0.980739608722384E+001
  0.100000000000000E+001  0.203982258035733E+002  0.948180586074720E+000  0.141590770823594E+000  0.416401032508610E+000  0.100050033358353E-002 -0.101991129017867E+002
  0.100000000000000E+001  0.203741239353561E+002  0.244338032187833E+000  0.129599999958414E+000  0.127081962735358E+001  0.100050033358353E-002 -0.101870619676780E+002
  0.100000000000000E+001  0.196223767453022E+002  0.229494633447973E+000  0.111185612776737E+000  0.127556353782654E+001  0.100050033358353E-002 -0.981118837265111E+001
  0.100000000000000E+001  0.196287812751716E+002  0.140047026647268E+000  0.108750058179926E+000  0.129762641620826E+001  0.100050033358353E-002 -0.981439063758580E+001
  0.100000000000000E+001  0.202528235118177E+002  0.561354472233065E+000  0.145004026587890E+000  0.108457240998806E+001  0.100050033358353E-002 -0.101264117559089E+002
  0.100000000000000E+001  0.196653638696581E+002  0.762746830954913E+000  0.145674772483434E+000  0.847523845307614E+000  0.100050033358353E-002 -0.983268193482903E+001
  0.100000000000000E+001  0.202423481509372E+002  0.952030957584146E+000  0.137349543729370E+000  0.401028112895747E+000  0.100050033358353E-002 -0.101211740754686E+002
  0.100000000000000E+001  0.202396138560093E+002  0.700786602492312E+000  0.153756092649888E+000  0.934902614944434E+000  0.100050033358353E-002 -0.101198069280047E+002
  0.100000000000000E+001  0.196897741638619E+002  0.921158046801902E+000  0.137230104415693E+000  0.510048151762519E+000  0.100050033358353E-002 -0.984488708193096E+001
  0.100000000000000E+001  0.202306388516172E+002  0.238839208895121E+000  0.126107756818260E+000  0.127261377322694E+001  0.100050033358353E-002 -0.101153194258086E+002
  0.100000000000000E+001  0.202102979170961E+002  0.130504582099166E+000  0.122760361089893E+000  0.129933385972713E+001  0.100050033358353E-002 -0.101051489585481E+002
  0.100000000000000E+001  0.197509775055425E+002  0.595167611791967E+000  0.137300411016302E+000  0.105315363367613E+001  0.100050033358353E-002 -0.987548875277126E+001
  0.100000000000000E+001  0.201625347590652E+002  0.616979551971645E+000  0.147148102950876E+000  0.103136927075986E+001  0.100050033358353E-002 -0.100812673795326E+002
  0.100000000000000E+001  0.198104323737747E+002  0.543308217017932E+000  0.134748330371239E+000  0.110024366527800E+001  0.100050033358353E-002 -0.990521618688737E+001
  0.100000000000000E+001  0.198255977294592E+002  0.518540369692723E+000  0.133480067468474E+000  0.112058306199207E+001  0.100050033358353E-002 -0.991279886472960E+001
  0.100000000000000E+001  0.198576596155934E+002  0.779100678306819E+000  0.149632349627110E+000  0.821577236020059E+000  0.100050033358353E-002 -0.992882980779671E+001
  0.100000000000000E+001  0.184246095570948E+002  0.307199868968706E+000  0.833147223804496E-001  0.124717076533220E+001  0.100050033358353E-002 -0.921230477854738E+001
  0.100000000000000E+001  0.184170915268609E+002  0.140809277148450E+000  0.752477798915913E-001  0.129748472992140E+001  0.100050033358353E-002 -0.920854576343046E+001
  0.100000000000000E+001  0.184145478239428E+002  0.678846176420033E+000  0.114402150745151E+000  0.962305449380460E+000  0.100050033358353E-002 -0.920727391197138E+001
  0.100000000000000E+001  0.183779598179458E+002  0.485150724841628E+000  0.960129326973391E-001  0.114597795242530E+001  0.100050033358353E-002 -0.918897990897291E+001
  0.100000000000000E+001  0.183222639502379E+002  0.512757411185178E+000  0.971263287724025E-001  0.112514426102910E+001  0.100050033358353E-002 -0.916113197511893E+001
  0.100000000000000E+001  0.182858167254483E+002  0.838051431643519E+000  0.118698756712884E+000  0.715020230955353E+000  0.100050033358353E-002 -0.914290836272415E+001
  0.100000000000000E+001  0.182836534964284E+002  0.595541172596635E-001  0.680842789364248E-001  0.130821589067728E+001  0.100050033358353E-002 -0.914182674821418E+001
  0.100000000000000E+001  0.182664987448641E+002  0.129118047496455E+000  0.696855005229078E-001  0.129957175435608E+001  0.100050033358353E-002 -0.913324937243203E+001
  0.100000000000000E+001  0.182596304406350E+002  0.939856625947532E+000  0.103966279214441E+000  0.447640790705472E+000  0.100050033358353E-002 -0.912981522031748E+001
  0.100000000000000E+001  0.182309845588756E+002  0.719354036857762E+000  0.113081927692500E+000  0.910359649276811E+000  0.100050033358353E-002 -0.911549227943781E+001
  0.100000000000000E+001  0.182083151785523E+002  0.340790129038756E+000  0.792317251134353E-001  0.123209216712744E+001  0.100050033358353E-002 -0.910415758927613E+001
  0.100000000000000E+001  0.181819357959071E+002  0.708761328710091E+000  0.111244924171107E+000  0.924519695599594E+000  0.100050033358353E-002 -0.909096789795356E+001
  0.100000000000000E+001  0.181580072860358E+002  0.202266160413581E+000  0.691721423779860E-001  0.128345386729752E+001  0.100050033358353E-002 -0.907900364301789E+001
  0.100000000000000E+001  0.181552917863615E+002  0.227635512955537E-001  0.621930235025162E-001  0.131020240815509E+001  0.100050033358353E-002 -0.907764589318076E+001
  0.100000000000000E+001  0.181466232015578E+002  0.718570019492889E+000  0.111157879770785E+000  0.911422487291193E+000  0.100050033358353E-002 -0.907331160077888E+001
  0.100000000000000E+001  0.181430236202611E+002  0.766199352769957E+000  0.114061118942484E+000  0.842158155774287E+000  0.100050033358353E-002 -0.907151181013056E+001
  0.100000000000000E+001  0.181250069953946E+002  0.816201008045848E+000  0.115276734645088E+000  0.757189289958305E+000  0.100050033358353E-002 -0.906250349769731E+001
  0.100000000000000E+001  0.181239823466382E+002  0.444731635283288E+000  0.852705958081895E-001  0.117380512284990E+001  0.100050033358353E-002 -0.906199117331909E+001
  0.100000000000000E+001  0.180779698316351E+002  0.634701031915469E+000  0.102248061170998E+000  0.101273153799388E+001  0.100050033358353E-002 -0.903898491581754E+001
  0.100000000000000E+001  0.180730270840398E+002  0.202874139622570E+000  0.662249383613753E-001  0.128328904586320E+001  0.100050033358353E-002 -0.903651354201991E+001
  0.100000000000000E+001  0.180671688613403E+002  0.351440353367357E+000  0.753904912237842E-001  0.122694288552575E+001  0.100050033358353E-002 -0.903358443067015E+001
  0.100000000000000E+001  0.180649299361845E+002  0.798580141140284E+000  0.113601078067822E+000  0.788800149578886E+000  0.100050033358353E-002 -0.903246496809223E+001
  0.100000000000000E+001  0.180552466771776E+002  0.857805874963364E+000  0.113004889456343E+000  0.673584269383046E+000  0.100050033358353E-002 -0.902762333858879E+001
  0.100000000000000E+001  0.180294332651797E+002  0.407930455936417E+000  0.790037159015660E-001  0.119654188659899E+001  0.100050033358353E-002 -0.901471663258987E+001
  0.100000000000000E+001  0.180209734504407E+002  0.367274387181435E-001  0.600801546619673E-001  0.130965780355760E+001  0.100050033358353E-002 -0.901048672522034E+001
  0.100000000000000E+001  0.180032975478612E+002  0.620419385803551E+000  0.989302167067933E-001  0.102781906912639E+001  0.100050033358353E-002 -0.900164877393061E+001
  0.100000000000000E+001  0.179949562975231E+002  0.640904870641248E+000  0.100639029384310E+000  0.100599866182580E+001  0.100050033358353E-002 -0.899747814876157E+001
  0.100000000000000E+001  0.179653438833039E+002  0.867992489828293E-001  0.583551284390963E-001  0.130559578250238E+001  0.100050033358353E-002 -0.898267194165194E+001
  0.100000000000000E+001  0.179546664105998E+002  0.808280198480234E+000  0.111302068035048E+000  0.771644548514324E+000  0.100050033358353E-002 -0.897733320529990E+001
  0.100000000000000E+001  0.179175580904902E+002  0.883426591668196E+000  0.108078500652898E+000  0.614080122668312E+000  0.100050033358353E-002 -0.895877904524512E+001
  0.100000000000000E+001  0.179133763691715E+002  0.180661686910893E+000  0.588435826825755E-001  0.128897742304053E+001  0.100050033358353E-002 -0.895668818458573E+001
  0.100000000000000E+001  0.179058786238076E+002  0.389505271158432E-001  0.551974359277358E-001  0.130954748247095E+001  0.100050033358353E-002 -0.895293931190380E+001
  0.100000000000000E+001  0.179058741157466E+002  0.720499451601546E+000  0.105438646324293E+000  0.908802567105107E+000  0.100050033358353E-002 -0.895293705787330E+001
  0.100000000000000E+001  0.178844291732355E+002  0.358666987381063E+000  0.701882980844643E-001  0.122334585033330E+001  0.100050033358353E-002 -0.894221458661774E+001
  0.100000000000000E+001  0.178715677817020E+002  0.789532777766923E+000  0.108690691653899E+000  0.804290626052805E+000  0.100050033358353E-002 -0.893578389085100E+001
  0.100000000000000E+001  0.178692539886016E+002  0.534037429769576E+000  0.863639336515994E-001  0.110801193368939E+001  0.100050033358353E-002 -0.893462699430081E+001
  0.100000000000000E+001  0.178610629875311E+002  0.291511967676504E+000  0.639346018842552E-001  0.125362146716266E+001  0.100050033358353E-002 -0.893053149376556E+001
  0.100000000000000E+001  0.178599747172523E+002  0.828565841074532E+000  0.109349069479971E+000  0.733761507869537E+000  0.100050033358353E-002 -0.892998735862614E+001
  0.100000000000000E+001  0.178593024600346E+002  0.807968582996998E+000  0.109032311905267E+000  0.772204853120009E+000  0.100050033358353E-002 -0.892965123001730E+001
  0.100000000000000E+001  0.178491991667490E+002  0.689253423293928E+000  0.101274744806613E+000  0.949514331267460E+000  0.100050033358353E-002 -0.892459958337449E+001
  0.100000000000000E+001  0.178483085941936E+002  0.618175637201128E+000  0.944798748914200E-001  0.103013843365581E+001  0.100050033358353E-002 -0.892415429709680E+001
  0.100000000000000E+001  0.178167112542499E+002  0.659031103154119E+000  0.976478834339800E-001  0.985679195316695E+000  0.100050033358353E-002 -0.890835562712495E+001
  0.100000000000000E+001  0.177643361121776E+002  0.666726797298236E+000  0.970490784844907E-001  0.976749843212508E+000  0.100050033358353E-002 -0.888216805608881E+001
  0.100000000000000E+001  0.177618688720441E+002  0.113174708973613E+000  0.507872611303232E-001  0.130212190260106E+001  0.100050033358353E-002 -0.888093443602203E+001
  0.100000000000000E+001  0.177389837138135E+002  0.549826289413366E+000  0.841056689640338E-001  0.109466824544461E+001  0.100050033358353E-002 -0.886949185690674E+001
  0.100000000000000E+001  0.177291345446810E+002  0.968492932573793E+000  0.775542419576577E-001  0.326378742512998E+000  0.100050033358353E-002 -0.886456727234050E+001
  0.100000000000000E+001  0.177112015654649E+002  0.486246366364410E+000  0.765808964376459E-001  0.114518011920453E+001  0.100050033358353E-002 -0.885560078273244E+001
  0.100000000000000E+001  0.176743345167999E+002  0.546167473092835E+000  0.818270814624149E-001  0.109780958849562E+001  0.100050033358353E-002 -0.883716725839997E+001
  0.100000000000000E+001  0.176310107609571E+002  0.377185224587241E+000  0.628492769458694E-001  0.121374254253831E+001  0.100050033358353E-002 -0.881550538047856E+001
  0.100000000000000E+001  0.176236840954357E+002  0.816136548852807E+000  0.103629159082840E+000  0.757308614025526E+000  0.100050033358353E-002 -0.881184204771785E+001
  0.100000000000000E+001  0.176104914931245E+002  0.429686838397260E+000  0.672388927470965E-001  0.118339055955128E+001  0.100050033358353E-002 -0.880524574656227E+001
  0.100000000000000E+001  0.176024788298203E+002  0.180057742652841E+000  0.472448257930114E-001  0.128912255682636E+001  0.100050033358353E-002 -0.880123941491013E+001
  0.100000000000000E+001  0.175977975976002E+002  0.434118478974256E+000  0.673520290750631E-001  0.118060934280019E+001  0.100050033358353E-002 -0.879889879880011E+001
  0.100000000000000E+001  0.175916826186127E+002  0.452228153214725E+000  0.690473629474532E-001  0.116887541280197E+001  0.100050033358353E-002 -0.879584130930636E+001
  0.100000000000000E+001  0.175334622150509E+002  0.614274466582998E+000  0.851021584105471E-001  0.103413878519921E+001  0.100050033358353E-002 -0.876673110752544E+001
  0.100000000000000E+001  0.175210783018106E+002  0.941123049887468E+000  0.867367078901750E-001  0.443047335992413E+000  0.100050033358353E-002 -0.876053915090529E+001
  0.100000000000000E+001  0.175090773558910E+002  0.970485731055180E+000  0.705339084033346E-001  0.316048407293400E+000  0.100050033358353E-002 -0.875453867794549E+001
  0.100000000000000E+001  0.174991276241890E+002  0.855286161853824E+000  0.100305852782915E+000  0.679065125946124E+000  0.100050033358353E-002 -0.874956381209451E+001
  0.100000000000000E+001  0.174900963527734E+002  0.163178006130203E+000  0.414325014349251E-001  0.129297633926235E+001  0.100050033358353E-002 -0.874504817638668E+001
  0.100000000000000E+001  0.174751301358979E+002  0.297343910079700E+000  0.497360706408398E-001  0.125126676612430E+001  0.100050033358353E-002 -0.873756506794894E+001
  0.100000000000000E+001  0.174386097308373E+002  0.860278047866699E+000  0.987115076181885E-001  0.668147267600569E+000  0.100050033358353E-002 -0.871930486541864E+001
  0.100000000000000E+001  0.174282417648162E+002  0.454000582842453E+000  0.634400355116334E-001  0.116769473909133E+001  0.100050033358353E-002 -0.871412088240812E+001
  0.100000000000000E+001  0.174256057403854E+002  0.897439006116549E-001  0.354953342240005E-001  0.130525379925780E+001  0.100050033358353E-002 -0.871280287019272E+001
  0.100000000000000E+001  0.174185263385878E+002  0.763003999856525E+000  0.960636147967291E-001  0.847126174298367E+000  0.100050033358353E-002 -0.870926316929391E+001
  0.100000000000000E+001  0.174041225458179E+002  0.883378204526585E+000  0.961769283986462E-001  0.614199665384435E+000  0.100050033358353E-002 -0.870206127290896E+001
  0.100000000000000E+001  0.174027236301715E+002  0.123344761379536E-001  0.512974386494927E-001  0.131044230373563E+001  0.100050033358353E-002 -0.870136181508576E+001
  0.100000000000000E+001  0.174006060770380E+002  0.467619818787075E+000  0.639090383939230E-001  0.115842698988118E+001  0.100050033358353E-002 -0.870030303851902E+001
  0.100000000000000E+001  0.173931891080354E+002  0.673894540661267E-002  0.586631672388182E-001  0.131051224158781E+001  0.100050033358353E-002 -0.869659455401772E+001
  0.100000000000000E+001  0.173651066161718E+002  0.435980259633783E+000  0.590996622193707E-001  0.117943043560627E+001  0.100050033358353E-002 -0.868255330808592E+001
  0.100000000000000E+001  0.173609589025564E+002  0.763813659295005E+000  0.945741048093676E-001  0.845872066299285E+000  0.100050033358353E-002 -0.868047945127818E+001
  0.100000000000000E+001  0.173551938388160E+002  0.281835775746631E+000  0.433724974419851E-001  0.125741611307148E+001  0.100050033358353E-002 -0.867759691940802E+001
  0.100000000000000E+001  0.173087242738843E+002  0.124459002209008E+000  0.312774240899062E-001  0.130035220980476E+001  0.100050033358353E-002 -0.865436213694215E+001
  0.100000000000000E+001  0.173082047875727E+002  0.283220379236011E+000  0.413836979477701E-001  0.125688166907024E+001  0.100050033358353E-002 -0.865410239378634E+001
  0.100000000000000E+001  0.173059815164871E+002  0.722920094014861E+000  0.898152585135357E-001  0.905494939529006E+000  0.100050033358353E-002 -0.865299075824356E+001
  0.100000000000000E+001  0.172888105364691E+002  0.557791019480981E+000  0.707165713947725E-001  0.108772552674165E+001  0.100050033358353E-002 -0.864440526823454E+001
  0.100000000000000E+001  0.172869975418329E+002  0.205181574741940E+000  0.343801251788058E-001  0.128265881013008E+001  0.100050033358353E-002 -0.864349877091643E+001
  0.100000000000000E+001  0.172853910097440E+002  0.392543889136750E+000  0.512517695968316E-001  0.120534908423104E+001  0.100050033358353E-002 -0.864269550487201E+001
  0.100000000000000E+001  0.172715954906593E+002  0.258107001378828E+000  0.376548112320619E-001  0.126613603599625E+001  0.100050033358353E-002 -0.863579774532967E+001
  0.100000000000000E+001  0.172698717601186E+002  0.898384197551559E+000  0.911524192762531E-001  0.575603762749953E+000  0.100050033358353E-002 -0.863493588005931E+001
  0.100000000000000E+001  0.172675408240208E+002  0.902237968945715E+000  0.904971711917497E-001  0.565156171601178E+000  0.100050033358353E-002 -0.863377041201038E+001
  0.100000000000000E+001  0.172398801650914E+002  0.907887657716296E-001  0.263679307497280E-001  0.130512968730219E+001  0.100050033358353E-002 -0.861994008254571E+001
  0.100000000000000E+001  0.172389195978697E+002  0.154741474779198E+000  0.288309655596464E-001  0.129475651760269E+001  0.100050033358353E-002 -0.861945979893485E+001
  0.100000000000000E+001  0.172337740419161E+002  0.807091653025529E+000  0.935555090881183E-001  0.773778295233071E+000  0.100050033358353E-002 -0.861688702095804E+001
  0.100000000000000E+001  0.172306120468416E+002  0.991476513206446E+000  0.388373574074201E-001  0.170744681351049E+000  0.100050033358353E-002 -0.861530602342078E+001
  0.100000000000000E+001  0.172165003134274E+002  0.563917114915474E+000  0.690304917495526E-001  0.108228672373198E+001  0.100050033358353E-002 -0.860825015671372E+001
  0.100000000000000E+001  0.171948787662578E+002  0.148207381476168E+000  0.263075812834869E-001  0.129606877312304E+001  0.100050033358353E-002 -0.859743938312888E+001
  0.100000000000000E+001  0.171858079830109E+002  0.156763007547666E+000  0.262836278123253E-001  0.129433878445696E+001  0.100050033358353E-002 -0.859290399150546E+001
  0.100000000000000E+001  0.171815097931801E+002  0.705663867311118E+000  0.845250653508319E-001  0.928580283564964E+000  0.100050033358353E-002 -0.859075489659006E+001
  0.100000000000000E+001  0.171737620830907E+002  0.716643872870319E+000  0.854874057368115E-001  0.914023478464137E+000  0.100050033358353E-002 -0.858688104154534E+001
  0.100000000000000E+001  0.171725578110985E+002  0.701968990003862E-001  0.219878559867434E-001  0.130730909605054E+001  0.100050033358353E-002 -0.858627890554927E+001
  0.100000000000000E+001  0.171677971902080E+002  0.349671673525561E+000  0.413234753163636E-001  0.122781050773699E+001  0.100050033358353E-002 -0.858389859510398E+001
  0.100000000000000E+001  0.171568542216903E+002  0.812072624143333E+000  0.917219913238237E-001  0.764775150386561E+000  0.100050033358353E-002 -0.857842711084517E+001
  0.100000000000000E+001  0.171528154643619E+002  0.223409537008507E+000  0.288370277839478E-001  0.127741761609606E+001  0.100050033358353E-002 -0.857640773218097E+001
  0.100000000000000E+001  0.171457305133828E+002  0.370664921282086E+000  0.428312382213357E-001  0.121718772135302E+001  0.100050033358353E-002 -0.857286525669138E+001
  0.100000000000000E+001  0.171442678135548E+002  0.416066352467449E-001  0.192603486211476E-001  0.130940716109930E+001  0.100050033358353E-002 -0.857213390677739E+001
  0.100000000000000E+001  0.171371169324714E+002  0.753948513778157E-001  0.208276320856585E-001  0.130681187985171E+001  0.100050033358353E-002 -0.856855846623569E+001
  0.100000000000000E+001  0.171272552821057E+002  0.336830998642605E+000  0.382437744735600E-001  0.123396063768920E+001  0.100050033358353E-002 -0.856362764105284E+001
  0.100000000000000E+001  0.171259627080122E+002  0.434226030216804E+000  0.494366288325404E-001  0.118054140903813E+001  0.100050033358353E-002 -0.856298135400611E+001
  0.100000000000000E+001  0.171196388059565E+002  0.645307375674317E+000  0.758589408358679E-001  0.100115321141001E+001  0.100050033358353E-002 -0.855981940297825E+001
  0.100000000000000E+001  0.171132552949364E+002  0.993338252906772E+000  0.315901442994441E-001  0.151020364729282E+000  0.100050033358353E-002 -0.855662764746820E+001
  0.100000000000000E+001  0.170988905644959E+002  0.105854283116867E+000  0.172514199915198E-001  0.130317891957608E+001  0.100050033358353E-002 -0.854944528224794E+001
  0.100000000000000E+001  0.170980873282002E+002  0.849742655677001E+000  0.904340438783716E-001  0.690914733420584E+000  0.100050033358353E-002 -0.854904366410009E+001
  0.100000000000000E+001  0.170969714676926E+002  0.241594702499117E+000  0.273409257890999E-001  0.127172013684201E+001  0.100050033358353E-002 -0.854848573384632E+001
  0.100000000000000E+001  0.170947018603437E+002  0.643152631635956E+000  0.748142198906105E-001  0.100353181665000E+001  0.100050033358353E-002 -0.854735093017183E+001
  0.100000000000000E+001  0.170865307643132E+002  0.897791606103015E+000  0.865628258408274E-001  0.577189585512213E+000  0.100050033358353E-002 -0.854326538215659E+001
  0.100000000000000E+001  0.170847039758817E+002  0.134444753953350E+000  0.192494991779448E-001  0.129864370814097E+001  0.100050033358353E-002 -0.854235198794083E+001
  0.100000000000000E+001  0.170801256238480E+002  0.475005024247241E-001  0.154310933819385E-001  0.130906267861118E+001  0.100050033358353E-002 -0.854006281192399E+001
  0.100000000000000E+001  0.170800443124609E+002  0.788068002165992E+000  0.885659477938646E-001  0.806754182270452E+000  0.100050033358353E-002 -0.854002215623046E+001
  0.100000000000000E+001  0.170606823866721E+002  0.404884091927015E+000  0.429809207425930E-001  0.119831769087605E+001  0.100050033358353E-002 -0.853034119333606E+001
  0.100000000000000E+001  0.170449430583735E+002  0.722484396361836E+000  0.822673476408972E-001  0.906091998635655E+000  0.100050033358353E-002 -0.852247152918674E+001
  0.100000000000000E+001  0.170439895419450E+002  0.971990228404016E-001  0.147967525721442E-001  0.130433653736759E+001  0.100050033358353E-002 -0.852199477097251E+001
  0.100000000000000E+001  0.170430026312993E+002  0.619320611066189E+000  0.701075529931134E-001  0.102895657656326E+001  0.100050033358353E-002 -0.852150131564967E+001
  0.100000000000000E+001  0.170401596759114E+002  0.152340159667352E+000  0.174883984208850E-001  0.129524551301004E+001  0.100050033358353E-002 -0.852007983795572E+001
  0.100000000000000E+001  0.170401125028451E+002  0.965139995897315E-001  0.146634964901897E-001  0.130442390122818E+001  0.100050033358353E-002 -0.852005625142255E+001
  0.100000000000000E+001  0.170378441203024E+002  0.830890491577957E+000  0.889700359685165E-001  0.729232711698971E+000  0.100050033358353E-002 -0.851892206015120E+001
  0.100000000000000E+001  0.170356118267919E+002  0.375920116802312E+000  0.382722492682747E-001  0.121441646203517E+001  0.100050033358353E-002 -0.851780591339596E+001
  0.100000000000000E+001  0.170245228183112E+002  0.519069567750946E+000  0.562143006541977E-001  0.112016217861920E+001  0.100050033358353E-002 -0.851226140915560E+001
  0.100000000000000E+001  0.170237980042977E+002  0.123125475077223E+000  0.146938417814821E-001  0.130057023152105E+001  0.100050033358353E-002 -0.851189900214885E+001
  0.100000000000000E+001  0.170211278001452E+002  0.133381379607226E+000  0.150313417674308E-001  0.129883202513749E+001  0.100050033358353E-002 -0.851056390007258E+001
  0.100000000000000E+001  0.170172431399380E+002  0.230760294006532E+000  0.219810296067311E-001  0.127517129747699E+001  0.100050033358353E-002 -0.850862156996900E+001
  0.100000000000000E+001  0.170111713405612E+002  0.493234775008866E+000  0.521966792355752E-001  0.114003554939081E+001  0.100050033358353E-002 -0.850558567028058E+001
  0.100000000000000E+001  0.170006225639924E+002  0.167693082382524E+000  0.158637633953010E-001  0.129198374455398E+001  0.100050033358353E-002 -0.850031128199620E+001
  0.100000000000000E+001  0.169900349258652E+002  0.622133781616572E+000  0.687238154426950E-001  0.102603768402732E+001  0.100050033358353E-002 -0.849501746293261E+001
  0.100000000000000E+001  0.169881665008046E+002  0.255256630274351E+000  0.224775699074614E-001  0.126712811878369E+001  0.100050033358353E-002 -0.849408325040231E+001
  0.100000000000000E+001  0.169645486381078E+002  0.415089945453980E+000  0.398116914919426E-001  0.119230539685734E+001  0.100050033358353E-002 -0.848227431905389E+001
  0.100000000000000E+001  0.169570035950477E+002  0.703009765085238E+000  0.774999794066828E-001  0.932031515516087E+000  0.100050033358353E-002 -0.847850179752387E+001
  0.100000000000000E+001  0.169559131426470E+002  0.971038365947802E+000  0.548307495313725E-001  0.313119426908822E+000  0.100050033358353E-002 -0.847795657132349E+001
  0.100000000000000E+001  0.169555676247811E+002  0.114781596481292E+000  0.962903339228495E-002  0.130188030221502E+001  0.100050033358353E-002 -0.847778381239057E+001
  0.100000000000000E+001  0.169522337460383E+002  0.105420394890546E+000  0.881231652000958E-002  0.130323932599558E+001  0.100050033358353E-002 -0.847611687301915E+001
  0.100000000000000E+001  0.169465601684763E+002  0.547739331647795E+000  0.570600462981209E-001  0.109646371278456E+001  0.100050033358353E-002 -0.847328008423813E+001
  0.100000000000000E+001  0.169348866962357E+002  0.522821553696291E+000  0.531961397634312E-001  0.111716124313859E+001  0.100050033358353E-002 -0.846744334811785E+001
  0.100000000000000E+001  0.169341904965850E+002  0.957187564025369E+000  0.639772586247288E-001  0.379360524568924E+000  0.100050033358353E-002 -0.846709524829252E+001
  0.100000000000000E+001  0.169298806553062E+002  0.229097614407938E+000  0.163829669901024E-001  0.127568610861332E+001  0.100050033358353E-002 -0.846494032765312E+001
  0.100000000000000E+001  0.169221465654993E+002  0.316255875779553E+000  0.253189632563594E-001  0.124327702651241E+001  0.100050033358353E-002 -0.846107328274964E+001
  0.100000000000000E+001  0.169216315100316E+002  0.169850534482493E+000  0.106890965901780E-001  0.129149960866087E+001  0.100050033358353E-002 -0.846081575501579E+001
  0.100000000000000E+001  0.169177259445639E+002  0.667208933902055E-001  0.471664963354615E-002  0.130762169106406E+001  0.100050033358353E-002 -0.845886297228197E+001
  0.100000000000000E+001  0.169086759337177E+002  0.533082938041739E+000  0.535398090320371E-001  0.110880108158534E+001  0.100050033358353E-002 -0.845433796685883E+001
  0.100000000000000E+001  0.168879226367510E+002  0.330949836539283E+000  0.251241612880554E-001  0.123669079398700E+001  0.100050033358353E-002 -0.844396131837548E+001
  0.100000000000000E+001  0.168757868336314E+002  0.641430532690276E+000  0.672478126120307E-001  0.100542308009152E+001  0.100050033358353E-002 -0.843789341681569E+001
  0.100000000000000E+001  0.168676784501303E+002  0.999195894872781E+000  0.809019938536677E-002  0.525454402397047E-001  0.100050033358353E-002 -0.843383922506515E+001
  0.100000000000000E+001  0.168591107881288E+002  0.239853858448425E+000  0.127258222534453E-001  0.127228597664951E+001  0.100050033358353E-002 -0.842955539406438E+001
  0.100000000000000E+001  0.168553643753541E+002  0.274305087548444E+000  0.163444805107109E-001  0.126027317220236E+001  0.100050033358353E-002 -0.842768218767703E+001
  0.100000000000000E+001  0.168535204229422E+002  0.343179003594671E+000  0.246786484747649E-001  0.123095281126311E+001  0.100050033358353E-002 -0.842676021147112E+001
  0.100000000000000E+001  0.168461849461058E+002  0.110460746058240E+000  0.711613062396478E-003  0.130252212194616E+001  0.100050033358353E-002 -0.842309247305290E+001
  0.100000000000000E+001  0.168369169424167E+002  0.424170610404006E+000  0.348716381895004E-001  0.118680363223625E+001  0.100050033358353E-002 -0.841845847120835E+001
  0.100000000000000E+001  0.168341576901426E+002  0.608747087025241E+000  0.613785214484359E-001  0.103973729552493E+001  0.100050033358353E-002 -0.841707884507132E+001
  0.100000000000000E+001  0.168341306681008E+002  0.432617514580687E+000  0.359506000812193E-001  0.118155525092065E+001  0.100050033358353E-002 -0.841706533405042E+001
  0.100000000000000E+001  0.168276146654611E+002  0.681948818522187E+000  0.708477046931041E-001  0.958530283441996E+000  0.100050033358353E-002 -0.841380733273053E+001
  0.100000000000000E+001  0.168260780479402E+002  0.444264008277829E+000  0.372182862660519E-001  0.117410922455426E+001  0.100050033358353E-002 -0.841303902397009E+001
  0.100000000000000E+001  0.168148475348480E+002  0.185332219498488E+000  0.388174700725208E-002  0.128783806866132E+001  0.100050033358353E-002 -0.840742376742398E+001
  0.100000000000000E+001  0.168049415861538E+002  0.407653997637688E+000  0.308050062866446E-001  0.119670369951737E+001  0.100050033358353E-002 -0.840247079307688E+001
  0.100000000000000E+001  0.168038036032117E+002  0.394638984475090E+000  0.289539402516770E-001  0.120417350931212E+001  0.100050033358353E-002 -0.840190180160586E+001
  0.100000000000000E+001  0.167943225883473E+002  0.169704486645499E+000  0.675663954835169E-003  0.129153258309527E+001  0.100050033358353E-002 -0.839716129417365E+001
  0.100000000000000E+001  0.167910179572879E+002  0.841150274645006E+000  0.822477970886741E-001  0.708743022540262E+000  0.100050033358353E-002 -0.839550897864394E+001
  0.100000000000000E+001  0.167856970435813E+002  0.775618363258119E+000  0.792540504485781E-001  0.827216928493191E+000  0.100050033358353E-002 -0.839284852179067E+001
  0.100000000000000E+001  0.167784755854947E+002  0.633499969415257E+000  0.627179031499169E-001  0.101402232497736E+001  0.100050033358353E-002 -0.838923779274734E+001
  0.100000000000000E+001  0.167779225947600E+002  0.867290117871653E+000  0.812422378824425E-001  0.652391771651285E+000  0.100050033358353E-002 -0.838896129737998E+001
  0.100000000000000E+001  0.167772694363693E+002  0.885242350311565E+000  0.798879012420124E-001  0.609572491066189E+000  0.100050033358353E-002 -0.838863471818467E+001
  0.100000000000000E+001  0.167680051935921E+002  0.665787141863204E+000  0.667317687866495E-001  0.977850075541163E+000  0.100050033358353E-002 -0.838400259679606E+001
  0.100000000000000E+001  0.167487915902551E+002  0.276667607426986E+000  0.917807021987792E-002  0.125938588205932E+001  0.100050033358353E-002 -0.837439579512755E+001
  0.100000000000000E+001  0.167466670603750E+002  0.783762532527315E+000  0.786998548869147E-001  0.813926025886569E+000  0.100050033358353E-002 -0.837333353018751E+001
  0.100000000000000E+001  0.167437291085775E+002  0.845527080321730E+000  0.808876976285261E-001  0.699741017820217E+000  0.100050033358353E-002 -0.837186455428875E+001
  0.100000000000000E+001  0.167366108991454E+002  0.963151000115711E+000  0.544011318570244E-001  0.352485007126572E+000  0.100050033358353E-002 -0.836830544957268E+001
  0.100000000000000E+001  0.167340312141719E+002  0.533795923970811E+000  0.462969294054388E-001  0.110821179067495E+001  0.100050033358353E-002 -0.836701560708593E+001
  0.100000000000000E+001  0.167263821929435E+002  0.449732438627233E+000  0.329655703387070E-001  0.117052805652385E+001  0.100050033358353E-002 -0.836319109647174E+001
  0.100000000000000E+001  0.167212425948179E+002  0.337531752027100E+000  0.157010843099793E-001  0.123363171998651E+001  0.100050033358353E-002 -0.836062129740897E+001
  0.100000000000000E+001  0.167107272899967E+002  0.757465130790952E+000  0.755070962643848E-001  0.855620921233135E+000  0.100050033358353E-002 -0.835536364499836E+001
  0.100000000000000E+001  0.167051237958474E+002  0.336962817171251E+000  0.145408609795952E-001  0.123389882396022E+001  0.100050033358353E-002 -0.835256189792372E+001
  0.100000000000000E+001  0.167023174312607E+002  0.825051290778616E+000  0.795099829969286E-001  0.740532037592857E+000  0.100050033358353E-002 -0.835115871563034E+001
  0.100000000000000E+001  0.166959782105613E+002  0.338309702905431E+000  0.141290047860532E-001  0.123326566375401E+001  0.100050033358353E-002 -0.834798910528064E+001
  0.100000000000000E+001  0.166893048938753E+002  0.324274497125304E+000  0.115366912681202E-001  0.123972427875977E+001  0.100050033358353E-002 -0.834465244693763E+001
  0.100000000000000E+001  0.166891257110881E+002  0.373237256479257E+000  0.189903471128612E-001  0.121583689733375E+001  0.100050033358353E-002 -0.834456285554405E+001
  0.100000000000000E+001  0.166818210170941E+002  0.388271944898129E+000  0.209143396317068E-001  0.120772322102704E+001  0.100050033358353E-002 -0.834091050854705E+001
  0.100000000000000E+001  0.166719186701107E+002  0.861428135608310E+000  0.785271977029351E-001  0.665597390739109E+000  0.100050033358353E-002 -0.833595933505534E+001
  0.100000000000000E+001  0.166686788249897E+002  0.347965956077314E+000  0.137009768210348E-001  0.122864252131340E+001  0.100050033358353E-002 -0.833433941249483E+001
  0.100000000000000E+001  0.166386452443086E+002  0.869639012460632E+000  0.772094538534145E-001  0.646999053560781E+000  0.100050033358353E-002 -0.831932262215428E+001
  0.100000000000000E+001  0.166298771701225E+002  0.365731410200030E+000  0.138409184761489E-001  0.121974822558254E+001  0.100050033358353E-002 -0.831493858506125E+001
  0.100000000000000E+001  0.166222433057905E+002  0.286741917339429E+000  0.185497209413035E-003  0.125550954576484E+001  0.100050033358353E-002 -0.831112165289525E+001
  0.100000000000000E+001  0.166109901101887E+002  0.966944638273053E+000  0.476545149422803E-001  0.334170392616586E+000  0.100050033358353E-002 -0.830549505509436E+001
  0.100000000000000E+001  0.166068295584664E+002  0.950153776416351E+000  0.583600049124818E-001  0.408602955319449E+000  0.100050033358353E-002 -0.830341477923322E+001
  0.100000000000000E+001  0.166062252029048E+002  0.661561264037724E+000  0.603331999901605E-001  0.982763809995811E+000  0.100050033358353E-002 -0.830311260145239E+001
  0.100000000000000E+001  0.165964098744932E+002  0.554970069372128E+000  0.435244627469361E-001  0.109020098724524E+001  0.100050033358353E-002 -0.829820493724662E+001
  0.100000000000000E+001  0.165886326664419E+002  0.762396579056397E+000  0.720851376208839E-001  0.848064939076492E+000  0.100050033358353E-002 -0.829431633322097E+001
  0.100000000000000E+001  0.165791301082245E+002  0.628815642236709E+000  0.545155051028466E-001  0.101901773482268E+001  0.100050033358353E-002 -0.828956505411225E+001
  0.100000000000000E+001  0.165702127090913E+002  0.787804535379722E+000  0.736094347037626E-001  0.807196015849735E+000  0.100050033358353E-002 -0.828510635454563E+001
  0.100000000000000E+001  0.165648308946305E+002  0.619529038662600E+000  0.524611942392800E-001  0.102874105330071E+001  0.100050033358353E-002 -0.828241544731527E+001
  0.100000000000000E+001  0.165641569103107E+002  0.437720389598055E+000  0.218630953895267E-001  0.117832292509007E+001  0.100050033358353E-002 -0.828207845515536E+001
  0.100000000000000E+001  0.165594840202786E+002  0.609736188590475E+000  0.507141809782422E-001  0.103874139313809E+001  0.100050033358353E-002 -0.827974201013932E+001
  0.100000000000000E+001  0.165545916081542E+002  0.336299728406898E+000  0.285190042068712E-002  0.123420949001076E+001  0.100050033358353E-002 -0.827729580407709E+001
  0.100000000000000E+001  0.165503381706325E+002  0.711748980019153E+000  0.651022113451274E-001  0.920569133372138E+000  0.100050033358353E-002 -0.827516908531626E+001
  0.100000000000000E+001  0.165432995862548E+002  0.968511843946485E+000  0.441699310497625E-001  0.326282344537635E+000  0.100050033358353E-002 -0.827164979312742E+001
  0.100000000000000E+001  0.165291280092823E+002  0.638274832929116E+000  0.539741730719469E-001  0.100886646567211E+001  0.100050033358353E-002 -0.826456400464114E+001
  0.100000000000000E+001  0.165269897787067E+002  0.927180018905881E+000  0.650667194758557E-001  0.490950115718606E+000  0.100050033358353E-002 -0.826349488935334E+001
  0.100000000000000E+001  0.165182219503823E+002  0.590545765162768E+000  0.458946032309471E-001  0.105761283366773E+001  0.100050033358353E-002 -0.825911097519117E+001
  0.100000000000000E+001  0.165105776129400E+002  0.508132140997039E+000  0.313227530697661E-001  0.112874246408761E+001  0.100050033358353E-002 -0.825528880646999E+001
  0.100000000000000E+001  0.165026258161173E+002  0.609498154245507E+000  0.482712749262559E-001  0.103898129914134E+001  0.100050033358353E-002 -0.825131290805867E+001
  0.100000000000000E+001  0.164966734822165E+002  0.694460184958068E+000  0.609578333437407E-001  0.942975770242276E+000  0.100050033358353E-002 -0.824833674110826E+001
  0.100000000000000E+001  0.164963077689437E+002  0.392753395504735E+000  0.888612283887064E-002  0.120523186159274E+001  0.100050033358353E-002 -0.824815388447187E+001
  0.100000000000000E+001  0.164879446747659E+002  0.964764033481052E+000  0.454029646050928E-001  0.344825391322771E+000  0.100050033358353E-002 -0.824397233738294E+001
  0.100000000000000E+001  0.164810001399605E+002  0.680026527567058E-002  0.959752527333351E-003  0.131051169755453E+001  0.100050033358353E-002 -0.824050006998027E+001
  0.100000000000000E+001  0.164734494409239E+002  0.820924009620566E+000  0.725339727483383E-001  0.748368563089984E+000  0.100050033358353E-002 -0.823672472046193E+001
  0.100000000000000E+001  0.164733010277567E+002  0.559147901341947E+000  0.384318463732721E-001  0.108652833669267E+001  0.100050033358353E-002 -0.823665051387837E+001
  0.100000000000000E+001  0.164687084625255E+002  0.741906503186356E+000  0.659247019738828E-001  0.878722799525877E+000  0.100050033358353E-002 -0.823435423126277E+001
  0.100000000000000E+001  0.164681666646760E+002  0.489201665267957E+000  0.254746971851002E-001  0.114301633409082E+001  0.100050033358353E-002 -0.823408333233798E+001
  0.100000000000000E+001  0.164661652593085E+002  0.461648896525356E+000  0.201298236435763E-001  0.116253297123002E+001  0.100050033358353E-002 -0.823308262965426E+001
  0.100000000000000E+001  0.164649537580239E+002  0.409893370163038E+000  0.987258157155668E-002  0.119538919186974E+001  0.100050033358353E-002 -0.823247687901193E+001
  0.100000000000000E+001  0.164543356692741E+002  0.564926180531925E+000  0.385437649421264E-001  0.108138252461060E+001  0.100050033358353E-002 -0.822716783463706E+001
  0.100000000000000E+001  0.164508763312785E+002  0.918788152483556E+000  0.651138095675767E-001  0.517337729941895E+000  0.100050033358353E-002 -0.822543816563923E+001
  0.100000000000000E+001  0.164499978513316E+002  0.449613117295204E+000  0.167282622856729E-001  0.117060678287905E+001  0.100050033358353E-002 -0.822499892566580E+001
  0.100000000000000E+001  0.164469023936615E+002  0.601488792686703E+000  0.444982298182257E-001  0.104696741528294E+001  0.100050033358353E-002 -0.822345119683073E+001
  0.100000000000000E+001  0.164351495857058E+002  0.864021934340512E+000  0.715410754386712E-001  0.659797829247974E+000  0.100050033358353E-002 -0.821757479285288E+001
  0.100000000000000E+001  0.164256926595004E+002  0.659510523930298E+000  0.530548438051280E-001  0.985128300891107E+000  0.100050033358353E-002 -0.821284632975020E+001
  0.100000000000000E+001  0.164179495269002E+002  0.480925961941047E+000  0.208473846542178E-001  0.114903238950423E+001  0.100050033358353E-002 -0.820897476345011E+001
  0.100000000000000E+001  0.164058647073995E+002  0.952233852113463E+000  0.510223823940106E-001  0.400199897225956E+000  0.100050033358353E-002 -0.820293235369975E+001
  0.100000000000000E+001  0.163988196586211E+002  0.436070006204285E+000  0.102794730310288E-001  0.117937344944096E+001  0.100050033358353E-002 -0.819940982931055E+001
  0.100000000000000E+001  0.163957582706261E+002  0.812725515550502E+000  0.697285977130346E-001  0.763583038261674E+000  0.100050033358353E-002 -0.819787913531307E+001
  0.100000000000000E+001  0.163613231164581E+002  0.962137648001747E+000  0.431717817169095E-001  0.357206599022022E+000  0.100050033358353E-002 -0.818066155822904E+001
  0.100000000000000E+001  0.163544008335701E+002  0.618553061378604E+000  0.432995678278971E-001  0.102974924291090E+001  0.100050033358353E-002 -0.817720041678505E+001
  0.100000000000000E+001  0.163467838344629E+002  0.454281593028131E+000  0.103040593485418E-001  0.116750701486083E+001  0.100050033358353E-002 -0.817339191723146E+001
  0.100000000000000E+001  0.163380488815689E+002  0.704020913399272E+000  0.563060354962094E-001  0.930719722073528E+000  0.100050033358353E-002 -0.816902444078446E+001
  0.100000000000000E+001  0.163235558483427E+002  0.527145125913207E+000  0.243514878145209E-001  0.111366618708004E+001  0.100050033358353E-002 -0.816177792417133E+001
  0.100000000000000E+001  0.163219580282449E+002  0.645755489189941E+000  0.464914678622603E-001  0.100065683120253E+001  0.100050033358353E-002 -0.816097901412243E+001
  0.100000000000000E+001  0.163119532171995E+002  0.627971185100492E+000  0.429891795344205E-001  0.101991173769478E+001  0.100050033358353E-002 -0.815597660859976E+001
  0.100000000000000E+001  0.163059298554886E+002  0.583724199381080E+000  0.345630206281365E-001  0.106409720504788E+001  0.100050033358353E-002 -0.815296492774428E+001
  0.100000000000000E+001  0.163042282133563E+002  0.508853704237294E+000  0.193166781788715E-001  0.112818402760684E+001  0.100050033358353E-002 -0.815211410667816E+001
  0.100000000000000E+001  0.162840719430972E+002  0.644547456335835E+000  0.446492402694351E-001  0.100199363344691E+001  0.100050033358353E-002 -0.814203597154861E+001
  0.100000000000000E+001  0.162808603758157E+002  0.477267918084670E+000  0.104428520870337E-001  0.115164905193375E+001  0.100050033358353E-002 -0.814043018790783E+001
  0.100000000000000E+001  0.162772128132726E+002  0.568703976645571E+000  0.301345028967767E-001  0.107797619241555E+001  0.100050033358353E-002 -0.813860640663628E+001
  0.100000000000000E+001  0.162730055696744E+002  0.606726768740751E+000  0.372914346635970E-001  0.104176353473457E+001  0.100050033358353E-002 -0.813650278483719E+001
  0.100000000000000E+001  0.162717716684967E+002  0.805507267432906E+000  0.651956767377293E-001  0.776608703076035E+000  0.100050033358353E-002 -0.813588583424837E+001
  0.100000000000000E+001  0.162078541906302E+002  0.526536312393420E+000  0.168461459085646E-001  0.111416074146398E+001  0.100050033358353E-002 -0.810392709531512E+001
  0.100000000000000E+001  0.162061609948772E+002  0.644585118652847E+000  0.410896874337656E-001  0.100195202125765E+001  0.100050033358353E-002 -0.810308049743858E+001
  0.100000000000000E+001  0.162031687344504E+002  0.918188492078963E+000  0.576020318879116E-001  0.519163059381676E+000  0.100050033358353E-002 -0.810158436722518E+001
  0.100000000000000E+001  0.161973463351193E+002  0.594383298020665E+000  0.309648224567260E-001  0.105391412849385E+001  0.100050033358353E-002 -0.809867316755965E+001
  0.100000000000000E+001  0.161891823749074E+002  0.569956784954106E+000  0.253670407590059E-001  0.107683916534336E+001  0.100050033358353E-002 -0.809459118745369E+001
  0.100000000000000E+001  0.161878058163707E+002  0.851113581794353E+000  0.640424568161206E-001  0.688010424227698E+000  0.100050033358353E-002 -0.809390290818537E+001
  0.100000000000000E+001  0.161798469963143E+002  0.948766549847274E+000  0.454511848741473E-001  0.414102310271235E+000  0.100050033358353E-002 -0.808992349815714E+001
  0.100000000000000E+001  0.161792932040212E+002  0.874289723769353E+000  0.630858455014215E-001  0.636142917134494E+000  0.100050033358353E-002 -0.808964660201058E+001
  0.100000000000000E+001  0.161715995442753E+002  0.657903261077511E+000  0.418683609505044E-001  0.986972390042581E+000  0.100050033358353E-002 -0.808579977213764E+001
  0.100000000000000E+001  0.161483749843155E+002  0.595023736647341E+000  0.283750503019710E-001  0.105329325570227E+001  0.100050033358353E-002 -0.807418749215777E+001
  0.100000000000000E+001  0.161436055833283E+002  0.494847906332364E+000  0.438951189160475E-002  0.113883426624777E+001  0.100050033358353E-002 -0.807180279166415E+001
  0.100000000000000E+001  0.161431994922213E+002  0.800990113986515E+000  0.604752529148125E-001  0.784592104840707E+000  0.100050033358353E-002 -0.807159974611066E+001
  0.100000000000000E+001  0.161360034571535E+002  0.939494888914410E+000  0.483752717173748E-001  0.448943093431861E+000  0.100050033358353E-002 -0.806800172857676E+001
  0.100000000000000E+001  0.161334027312831E+002  0.620258513033290E+000  0.328051665582638E-001  0.102798581748965E+001  0.100050033358353E-002 -0.806670136564154E+001
  0.100000000000000E+001  0.161306868600004E+002  0.893270036590470E+000  0.597629488593231E-001  0.589115439440152E+000  0.100050033358353E-002 -0.806534343000018E+001
  0.100000000000000E+001  0.161303698750448E+002  0.896537928236678E+000  0.593563865203679E-001  0.580526828741595E+000  0.100050033358353E-002 -0.806518493752239E+001
  0.100000000000000E+001  0.161298112521072E+002  0.514965801346352E+000  0.810144676870062E-002  0.112341065520238E+001  0.100050033358353E-002 -0.806490562605360E+001
  0.100000000000000E+001  0.161181079466755E+002  0.578424039978912E+000  0.229592357350112E-001  0.106905661687718E+001  0.100050033358353E-002 -0.805905397333773E+001
  0.100000000000000E+001  0.161011628919358E+002  0.900046204407889E+000  0.578769572210872E-001  0.571126971110987E+000  0.100050033358353E-002 -0.805058144596792E+001
  0.100000000000000E+001  0.160959591025611E+002  0.950102132664727E+000  0.417972955534871E-001  0.408809156284957E+000  0.100050033358353E-002 -0.804797955128055E+001
  0.100000000000000E+001  0.160794661098816E+002  0.800294405930758E+000  0.581596374119875E-001  0.785810495102532E+000  0.100050033358353E-002 -0.803973305494081E+001
  0.100000000000000E+001  0.160752329664981E+002  0.689803708115248E+000  0.431217226097910E-001  0.948827741690106E+000  0.100050033358353E-002 -0.803761648324904E+001
  0.100000000000000E+001  0.160725002947375E+002  0.583838217690631E+000  0.213427232080057E-001  0.106398976474609E+001  0.100050033358353E-002 -0.803625014736873E+001
  0.100000000000000E+001  0.160582764000132E+002  0.780829637172277E+000  0.555274822801640E-001  0.818753264020437E+000  0.100050033358353E-002 -0.802913820000660E+001
  0.100000000000000E+001  0.160545295571096E+002  0.517300884214485E+000  0.215309728342039E-002  0.112156655651146E+001  0.100050033358353E-002 -0.802726477855482E+001
  0.100000000000000E+001  0.160513976593197E+002  0.894914366254354E+000  0.569577802476449E-001  0.584813530022870E+000  0.100050033358353E-002 -0.802569882965987E+001
  0.100000000000000E+001  0.160400691390888E+002  0.943756471130461E+000  0.431263786975346E-001  0.433319417471362E+000  0.100050033358353E-002 -0.802003456954441E+001
  0.100000000000000E+001  0.160372734752221E+002  0.540236141417728E+000  0.751167366568103E-002  0.110283873923761E+001  0.100050033358353E-002 -0.801863673761105E+001
  0.100000000000000E+001  0.160331706785794E+002  0.532209252205971E+000  0.478309955975177E-002  0.110952169308363E+001  0.100050033358353E-002 -0.801658533928970E+001
  0.100000000000000E+001  0.160271622411094E+002  0.581712698084697E+000  0.178567312049133E-001  0.106598743268010E+001  0.100050033358353E-002 -0.801358112055470E+001
  0.100000000000000E+001  0.160216266019769E+002  0.785742436384153E+000  0.546345834280986E-001  0.810640755527580E+000  0.100050033358353E-002 -0.801081330098845E+001
  0.100000000000000E+001  0.160192304079777E+002  0.904129461221534E+000  0.544871060523027E-001  0.559940349481733E+000  0.100050033358353E-002 -0.800961520398887E+001
  0.100000000000000E+001  0.159969030589189E+002  0.815126672007189E+000  0.562563505975002E-001  0.759174378427827E+000  0.100050033358353E-002 -0.799845152945944E+001
  0.100000000000000E+001  0.159904941607764E+002  0.836910695369376E+000  0.571327948164990E-001  0.717311354781393E+000  0.100050033358353E-002 -0.799524708038822E+001
  0.100000000000000E+001  0.159829226219101E+002  0.589909771847482E+000  0.169161889842249E-001  0.105822226145949E+001  0.100050033358353E-002 -0.799146131095504E+001
  0.100000000000000E+001  0.159827035241277E+002  0.847860501995817E+000  0.570779538541555E-001  0.694874739796832E+000  0.100050033358353E-002 -0.799135176206384E+001
  0.100000000000000E+001  0.159618106522105E+002  0.653948420743623E+000  0.306216359657531E-001  0.991476311252044E+000  0.100050033358353E-002 -0.798090532610527E+001
  0.100000000000000E+001  0.159594487371916E+002  0.870661153747546E+000  0.559202216711328E-001  0.644633689826419E+000  0.100050033358353E-002 -0.797972436859582E+001
  0.100000000000000E+001  0.159540411740537E+002  0.692353947721526E+000  0.379376495313121E-001  0.945632122293564E+000  0.100050033358353E-002 -0.797702058702687E+001
  0.100000000000000E+001  0.159533103729147E+002  0.864837554602380E+000  0.559144948629863E-001  0.657959962591841E+000  0.100050033358353E-002 -0.797665518645737E+001
  0.100000000000000E+001  0.159405554964139E+002  0.568429711911078E+000  0.775329954057546E-002  0.107822461677433E+001  0.100050033358353E-002 -0.797027774820697E+001
  0.100000000000000E+001  0.159393974039120E+002  0.728840206502729E+000  0.436604816295722E-001  0.897306921985886E+000  0.100050033358353E-002 -0.796969870195598E+001
  0.100000000000000E+001  0.159344824177687E+002  0.852164613989040E+000  0.554124256645385E-001  0.685772293524712E+000  0.100050033358353E-002 -0.796724120888434E+001
  0.100000000000000E+001  0.159226942751987E+002  0.732601491974506E+000  0.435371239508888E-001  0.892030647289077E+000  0.100050033358353E-002 -0.796134713759935E+001
  0.100000000000000E+001  0.158530024741794E+002  0.787847984854449E+000  0.482509924937402E-001  0.807123177943060E+000  0.100050033358353E-002 -0.792650123708971E+001
  0.100000000000000E+001  0.158431475265170E+002  0.654106236344643E+000  0.238624397650191E-001  0.991297496008230E+000  0.100050033358353E-002 -0.792157376325848E+001
  0.100000000000000E+001  0.158392543908717E+002  0.637049734023300E+000  0.193897358487082E-001  0.101019552421726E+001  0.100050033358353E-002 -0.791962719543587E+001
  0.100000000000000E+001  0.158380158589066E+002  0.595822295938270E+000  0.760710706566902E-002  0.105251764230969E+001  0.100050033358353E-002 -0.791900792945330E+001
  0.100000000000000E+001  0.158283337410831E+002  0.970840115341724E+000  0.142359518516215E-001  0.314173493562017E+000  0.100050033358353E-002 -0.791416687054157E+001
  0.100000000000000E+001  0.158224488093440E+002  0.909749315525428E+000  0.465129449444925E-001  0.544082023947163E+000  0.100050033358353E-002 -0.791122440467201E+001
  0.100000000000000E+001  0.158201307339232E+002  0.881721936750201E+000  0.502539977722639E-001  0.618273695626402E+000  0.100050033358353E-002 -0.791006536696158E+001
  0.100000000000000E+001  0.158163980381021E+002  0.582978565661822E+000  0.130722255624405E-002  0.106479903703619E+001  0.100050033358353E-002 -0.790819901905103E+001
  0.100000000000000E+001  0.158022206367234E+002  0.586569408090770E+000  0.121339079964533E-002  0.106140660613975E+001  0.100050033358353E-002 -0.790111031836170E+001
  0.100000000000000E+001  0.157987825346149E+002  0.629760273706273E+000  0.146452501996127E-001  0.101801532425464E+001  0.100050033358353E-002 -0.789939126730747E+001
  0.100000000000000E+001  0.157832026703042E+002  0.660336116477662E+000  0.216792794658447E-001  0.984177963405349E+000  0.100050033358353E-002 -0.789160133515208E+001
  0.100000000000000E+001  0.157830826881014E+002  0.976017282090196E+000  0.512642217698400E-002  0.285295888272497E+000  0.100050033358353E-002 -0.789154134405072E+001
  0.100000000000000E+001  0.157828503239922E+002  0.849622768096185E+000  0.497874634293837E-001  0.691167913101252E+000  0.100050033358353E-002 -0.789142516199610E+001
  0.100000000000000E+001  0.157811194589153E+002  0.685364928760759E+000  0.274486324997331E-001  0.954336391430973E+000  0.100050033358353E-002 -0.789055972945764E+001
  0.100000000000000E+001  0.157733395049601E+002  0.612095436828447E+000  0.734729511654354E-002  0.103635551363729E+001  0.100050033358353E-002 -0.788666975248007E+001
  0.100000000000000E+001  0.157597655677604E+002  0.912370130992101E+000  0.436507419699577E-001  0.536491691914667E+000  0.100050033358353E-002 -0.787988278388022E+001
  0.100000000000000E+001  0.157592046451878E+002  0.748574098723406E+000  0.386849488119980E-001  0.868956371530627E+000  0.100050033358353E-002 -0.787960232259388E+001
  0.100000000000000E+001  0.157519085930296E+002  0.902608805831962E+000  0.452565426920830E-001  0.564138241466468E+000  0.100050033358353E-002 -0.787595429651478E+001
  0.100000000000000E+001  0.157485793541488E+002  0.629460080206848E+000  0.107844160161891E-001  0.101833414941969E+001  0.100050033358353E-002 -0.787428967707440E+001
  0.100000000000000E+001  0.157482551228150E+002  0.747554843084491E+000  0.379769774189608E-001  0.870462111413689E+000  0.100050033358353E-002 -0.787412756140749E+001
  0.100000000000000E+001  0.157268034574774E+002  0.960983496402087E+000  0.195826815746874E-001  0.362503402380528E+000  0.100050033358353E-002 -0.786340172873870E+001
  0.100000000000000E+001  0.157214833372455E+002  0.754761854772147E+000  0.379240887563226E-001  0.859714096199277E+000  0.100050033358353E-002 -0.786074166862277E+001
  0.100000000000000E+001  0.157160510310188E+002  0.683077854851401E+000  0.230908581384490E-001  0.957148537353314E+000  0.100050033358353E-002 -0.785802551550939E+001
  0.100000000000000E+001  0.157122339131364E+002  0.782699776244959E+000  0.416595310036258E-001  0.815680604110499E+000  0.100050033358353E-002 -0.785611695656822E+001
  0.100000000000000E+001  0.156731722087844E+002  0.666829959538832E+000  0.160909582028933E-001  0.976628881561923E+000  0.100050033358353E-002 -0.783658610439219E+001
  0.100000000000000E+001  0.156641356078205E+002  0.688991036115892E+000  0.213224421585567E-001  0.949841343841886E+000  0.100050033358353E-002 -0.783206780391024E+001
  0.100000000000000E+001  0.156606736350791E+002  0.777450306424729E+000  0.385780985978447E-001  0.824258013054256E+000  0.100050033358353E-002 -0.783033681753957E+001
  0.100000000000000E+001  0.156496630864386E+002  0.923545036773706E+000  0.364294327536709E-001  0.502579725865119E+000  0.100050033358353E-002 -0.782483154321928E+001
  0.100000000000000E+001  0.156434650889469E+002  0.946294957272771E+000  0.264111672840780E-001  0.423704235728720E+000  0.100050033358353E-002 -0.782173254447346E+001
  0.100000000000000E+001  0.156137089349071E+002  0.663795440068488E+000  0.108118198284155E-001  0.980172939239562E+000  0.100050033358353E-002 -0.780685446745354E+001
  0.100000000000000E+001  0.156095860865425E+002  0.682019397514391E+000  0.158679440331988E-001  0.958444032212147E+000  0.100050033358353E-002 -0.780479304327126E+001
  0.100000000000000E+001  0.155995681006679E+002  0.674509480923461E+000  0.129846965491668E-001  0.967528842826333E+000  0.100050033358353E-002 -0.779978405033395E+001
  0.100000000000000E+001  0.155864788885932E+002  0.767886440994917E+000  0.335192630711064E-001  0.839514847730714E+000  0.100050033358353E-002 -0.779323944429662E+001
  0.100000000000000E+001  0.155726355064535E+002  0.949705924398895E+000  0.211691429184949E-001  0.410387301919432E+000  0.100050033358353E-002 -0.778631775322675E+001
  0.100000000000000E+001  0.155696512699738E+002  0.685335372061577E+000  0.139610603107283E-001  0.954372846720478E+000  0.100050033358353E-002 -0.778482563498692E+001
  0.100000000000000E+001  0.155678136905162E+002  0.730674080306958E+000  0.253234233756342E-001  0.894741670764039E+000  0.100050033358353E-002 -0.778390684525811E+001
  0.100000000000000E+001  0.155661360980424E+002  0.662235049079897E+000  0.639066372108538E-002  0.981984091948573E+000  0.100050033358353E-002 -0.778306804902120E+001
  0.100000000000000E+001  0.155537358441389E+002  0.648657151387108E+000  0.159565912395548E-003  0.997428281321708E+000  0.100050033358353E-002 -0.777686792206946E+001
  0.100000000000000E+001  0.155480360536890E+002  0.689030307167615E+000  0.134587202659001E-001  0.949792415501528E+000  0.100050033358353E-002 -0.777401802684448E+001
  0.100000000000000E+001  0.155460774795061E+002  0.810158607732589E+000  0.375009957223693E-001  0.768253794084591E+000  0.100050033358353E-002 -0.777303873975307E+001
  0.100000000000000E+001  0.155276937319862E+002  0.937948760423594E+000  0.257557680883295E-001  0.454461732295875E+000  0.100050033358353E-002 -0.776384686599309E+001
  0.100000000000000E+001  0.155260005004813E+002  0.800977078000631E+000  0.354899960016012E-001  0.784614961835599E+000  0.100050033358353E-002 -0.776300025024063E+001
  0.100000000000000E+001  0.155207905272116E+002  0.809222140421908E+000  0.362173705123953E-001  0.769947080512317E+000  0.100050033358353E-002 -0.776039526360582E+001
  0.100000000000000E+001  0.155148883383861E+002  0.697390520693322E+000  0.134711802070405E-001  0.939254088223639E+000  0.100050033358353E-002 -0.775744416919304E+001
  0.100000000000000E+001  0.155137135059103E+002  0.658653472660247E+000  0.123274862806146E-003  0.986112625693526E+000  0.100050033358353E-002 -0.775685675295517E+001
  0.100000000000000E+001  0.155052212734897E+002  0.760142053841455E+000  0.278884783135057E-001  0.851533736369007E+000  0.100050033358353E-002 -0.775261063674487E+001
  0.100000000000000E+001  0.155035208529407E+002  0.845233882263200E+000  0.382861359742479E-001  0.700349137681326E+000  0.100050033358353E-002 -0.775176042647037E+001
  0.100000000000000E+001  0.154692916462288E+002  0.932799174125285E+000  0.254578748229745E-001  0.472314865429143E+000  0.100050033358353E-002 -0.773464582311442E+001
  0.100000000000000E+001  0.154661228100277E+002  0.944639892324901E+000  0.193749458598984E-001  0.430000541094164E+000  0.100050033358353E-002 -0.773306140501383E+001
  0.100000000000000E+001  0.154650992096665E+002  0.673699194294345E+000  0.128444831130159E-002  0.968497982352841E+000  0.100050033358353E-002 -0.773254960483327E+001
  0.100000000000000E+001  0.154564449435229E+002  0.909212389202342E+000  0.321306028624714E-001  0.545621354331601E+000  0.100050033358353E-002 -0.772822247176147E+001
  0.100000000000000E+001  0.154489330254092E+002  0.902987831020103E+000  0.330102643227425E-001  0.563095499826682E+000  0.100050033358353E-002 -0.772446651270460E+001
  0.100000000000000E+001  0.154479300886862E+002  0.927197033978187E+000  0.266841204414465E-001  0.490894921856864E+000  0.100050033358353E-002 -0.772396504434308E+001
  0.100000000000000E+001  0.154459138092960E+002  0.717389004724995E+000  0.142131904746720E-001  0.913018988773718E+000  0.100050033358353E-002 -0.772295690464799E+001
  0.100000000000000E+001  0.154368079103621E+002  0.953542016726996E+000  0.118087670547734E-001  0.394813958474773E+000  0.100050033358353E-002 -0.771840395518107E+001
  0.100000000000000E+001  0.154342836118007E+002  0.727906115583169E+000  0.162869575897589E-001  0.898608257094674E+000  0.100050033358353E-002 -0.771714180590036E+001
  0.100000000000000E+001  0.154254505047987E+002  0.793089550649846E+000  0.293597877000175E-001  0.798257753357365E+000  0.100050033358353E-002 -0.771272525239936E+001
  0.100000000000000E+001  0.154112595759570E+002  0.751866196683236E+000  0.206813238145225E-001  0.864060945943840E+000  0.100050033358353E-002 -0.770562978797851E+001
  0.100000000000000E+001  0.153954451741772E+002  0.874902315036549E+000  0.335679967226992E-001  0.634694745276072E+000  0.100050033358353E-002 -0.769772258708859E+001
  0.100000000000000E+001  0.153940876994384E+002  0.729171441708030E+000  0.138013688768614E-001  0.896844604572582E+000  0.100050033358353E-002 -0.769704384971918E+001
  0.100000000000000E+001  0.153933511664965E+002  0.688573380152470E+000  0.838179824805829E-004  0.950361378818134E+000  0.100050033358353E-002 -0.769667558324826E+001
  0.100000000000000E+001  0.153926723952709E+002  0.691765713062163E+000  0.130568190378633E-002  0.946371224050782E+000  0.100050033358353E-002 -0.769633619763546E+001
  0.100000000000000E+001  0.153888869682920E+002  0.932791091356590E+000  0.217423117453265E-001  0.472342281429084E+000  0.100050033358353E-002 -0.769444348414600E+001
  0.100000000000000E+001  0.153816956229303E+002  0.886392278709246E+000  0.322016461848495E-001  0.606695639067282E+000  0.100050033358353E-002 -0.769084781146514E+001
  0.100000000000000E+001  0.153815227342178E+002  0.791946428952502E+000  0.268323513329667E-001  0.800204596980306E+000  0.100050033358353E-002 -0.769076136710891E+001
  0.100000000000000E+001  0.153656609779114E+002  0.737004380334811E+000  0.139334209274871E-001  0.885779567497351E+000  0.100050033358353E-002 -0.768283048895569E+001
  0.100000000000000E+001  0.153644521056120E+002  0.703477690457399E+000  0.311903580016892E-002  0.931424925721445E+000  0.100050033358353E-002 -0.768222605280600E+001
  0.100000000000000E+001  0.153574646782551E+002  0.702556579566559E+000  0.210558647737291E-002  0.932618237002652E+000  0.100050033358353E-002 -0.767873233912757E+001
  0.100000000000000E+001  0.153522943201637E+002  0.721039793769024E+000  0.816603325278147E-002  0.908066235145911E+000  0.100050033358353E-002 -0.767614716008186E+001
  0.100000000000000E+001  0.153489324322773E+002  0.943195417107904E+000  0.144432512773526E-001  0.435412477231811E+000  0.100050033358353E-002 -0.767446621613866E+001
  0.100000000000000E+001  0.153338477666579E+002  0.940623971669824E+000  0.151614142528594E-001  0.444863947934759E+000  0.100050033358353E-002 -0.766692388332895E+001
  0.100000000000000E+001  0.153283724250317E+002  0.883343331961086E+000  0.299968359968035E-001  0.614285801219053E+000  0.100050033358353E-002 -0.766418621251587E+001
  0.100000000000000E+001  0.153145996958537E+002  0.733978709826545E+000  0.921929981780367E-002  0.890084056359331E+000  0.100050033358353E-002 -0.765729984792684E+001
  0.100000000000000E+001  0.153044699739264E+002  0.815298828441059E+000  0.261121836038454E-001  0.758856804082225E+000  0.100050033358353E-002 -0.765223498696319E+001
  0.100000000000000E+001  0.152626878034741E+002  0.746501722293601E+000  0.893039092985148E-002  0.872012999753975E+000  0.100050033358353E-002 -0.763134390173707E+001
  0.100000000000000E+001  0.152621270234143E+002  0.727893596877067E+000  0.266422012095366E-002  0.898625673493097E+000  0.100050033358353E-002 -0.763106351170713E+001
  0.100000000000000E+001  0.152431740589513E+002  0.882340990436913E+000  0.259706222398084E-001  0.616755012309821E+000  0.100050033358353E-002 -0.762158702947567E+001
  0.100000000000000E+001  0.152428578522564E+002  0.745030720125046E+000  0.686618870840261E-002  0.874171031813013E+000  0.100050033358353E-002 -0.762142892612818E+001
  0.100000000000000E+001  0.152413438307008E+002  0.728328971912340E+000  0.839201597358619E-003  0.898019592268879E+000  0.100050033358353E-002 -0.762067191535039E+001
  0.100000000000000E+001  0.152157831080242E+002  0.755747490537757E+000  0.798118953859256E-002  0.858225647636116E+000  0.100050033358353E-002 -0.760789155401208E+001
  0.100000000000000E+001  0.152016581807487E+002  0.876014889462689E+000  0.242048239155032E-001  0.632053515078997E+000  0.100050033358353E-002 -0.760082909037437E+001
  0.100000000000000E+001  0.151774176015066E+002  0.781430402660179E+000  0.120707426211544E-001  0.817768258949754E+000  0.100050033358353E-002 -0.758870880075331E+001
  0.100000000000000E+001  0.151743407798090E+002  0.818891675458854E+000  0.191837835860775E-001  0.752183093576669E+000  0.100050033358353E-002 -0.758717038990449E+001
  0.100000000000000E+001  0.151735895879970E+002  0.770432358831278E+000  0.890501239009561E-002  0.835499027996104E+000  0.100050033358353E-002 -0.758679479399850E+001
  0.100000000000000E+001  0.151562260968569E+002  0.809068916357947E+000  0.164622059034354E-001  0.770223594209051E+000  0.100050033358353E-002 -0.757811304842843E+001
  0.100000000000000E+001  0.151538879848843E+002  0.853381548132639E+000  0.214833202230413E-001  0.683168252299534E+000  0.100050033358353E-002 -0.757694399244217E+001
  0.100000000000000E+001  0.151449072189522E+002  0.806799693369087E+000  0.153112693870400E-001  0.774301059393172E+000  0.100050033358353E-002 -0.757245360947608E+001
  0.100000000000000E+001  0.151414514689612E+002  0.842815455237392E+000  0.200545509293140E-001  0.705337196750787E+000  0.100050033358353E-002 -0.757072573448059E+001
  0.100000000000000E+001  0.151391750789835E+002  0.880937425244029E+000  0.206773361779525E-001  0.620191418372462E+000  0.100050033358353E-002 -0.756958753949175E+001
  0.100000000000000E+001  0.151377150997236E+002  0.847781136265828E+000  0.202297778468615E-001  0.695041035294464E+000  0.100050033358353E-002 -0.756885754986178E+001
  0.100000000000000E+001  0.151228914371288E+002  0.764552287099287E+000  0.243478753935245E-002  0.844725194878046E+000  0.100050033358353E-002 -0.756144571856442E+001
  0.100000000000000E+001  0.151208002002322E+002  0.773011260368798E+000  0.537748739618471E-002  0.831397754704704E+000  0.100050033358353E-002 -0.756040010011610E+001
  0.100000000000000E+001  0.151187166471901E+002  0.850071194756917E+000  0.192900352861146E-001  0.690220262352098E+000  0.100050033358353E-002 -0.755935832359504E+001
  0.100000000000000E+001  0.151029961640318E+002  0.911453209463882E+000  0.142906799972441E-001  0.539161895632341E+000  0.100050033358353E-002 -0.755149808201589E+001
  0.100000000000000E+001  0.151004690822912E+002  0.766785965675431E+000  0.155196449358013E-002  0.841240659141441E+000  0.100050033358353E-002 -0.755023454114559E+001
  0.100000000000000E+001  0.150961248306140E+002  0.789384021725588E+000  0.797538739549186E-002  0.804541366878402E+000  0.100050033358353E-002 -0.754806241530701E+001
  0.100000000000000E+001  0.150916687478518E+002  0.838103830438559E+000  0.166161497581607E-001  0.714914738562072E+000  0.100050033358353E-002 -0.754583437392589E+001
  0.100000000000000E+001  0.150827313107495E+002  0.821441323766938E+000  0.137659374865290E-001  0.747392981383461E+000  0.100050033358353E-002 -0.754136565537477E+001
  0.100000000000000E+001  0.150722702665658E+002  0.898186325408930E+000  0.152097417935433E-001  0.576133886485860E+000  0.100050033358353E-002 -0.753613513328292E+001
  0.100000000000000E+001  0.150687681731570E+002  0.826772465291657E+000  0.136717730282735E-001  0.737227682762315E+000  0.100050033358353E-002 -0.753438408657849E+001
  0.100000000000000E+001  0.150583881492809E+002  0.848305966556102E+000  0.155333960246432E-001  0.693940326305417E+000  0.100050033358353E-002 -0.752919407464047E+001
  0.100000000000000E+001  0.150266969814833E+002  0.876763646831283E+000  0.144373653257713E-001  0.630267849568362E+000  0.100050033358353E-002 -0.751334849074164E+001
  0.100000000000000E+001  0.150241204474394E+002  0.787938401800680E+000  0.147122141752365E-002  0.806971570667968E+000  0.100050033358353E-002 -0.751206022371972E+001
  0.100000000000000E+001  0.150061570893924E+002  0.895566282658313E+000  0.116797631029085E-001  0.583096990301185E+000  0.100050033358353E-002 -0.750307854469618E+001
  0.100000000000000E+001  0.149795547794098E+002  0.839871440141764E+000  0.940554132541868E-002  0.711343031792834E+000  0.100050033358353E-002 -0.748977738970489E+001
  0.100000000000000E+001  0.149775398187212E+002  0.891503187028222E+000  0.103987258701314E-001  0.593694428052136E+000  0.100050033358353E-002 -0.748876990936059E+001
  0.100000000000000E+001  0.149484161577898E+002  0.869771806414651E+000  0.950769309443380E-002  0.646692397432171E+000  0.100050033358353E-002 -0.747420807889491E+001
  0.100000000000000E+001  0.149479197537057E+002  0.824298706350705E+000  0.438566560255038E-002  0.741970089671220E+000  0.100050033358353E-002 -0.747395987685287E+001
  0.100000000000000E+001  0.149364829269496E+002  0.892492379313377E+000  0.761389214457697E-002  0.591136313047853E+000  0.100050033358353E-002 -0.746824146347479E+001
  0.100000000000000E+001  0.149172336298546E+002  0.918930144838253E+000  0.251095288597737E-003  0.516904395144096E+000  0.100050033358353E-002 -0.745861681492730E+001
  0.100000000000000E+001  0.149121359457970E+002  0.852488668169742E+000  0.595289499674215E-002  0.685080199899788E+000  0.100050033358353E-002 -0.745606797289852E+001
  0.100000000000000E+001  0.149023246663263E+002  0.850675362759684E+000  0.501489711816833E-002  0.688940632761522E+000  0.100050033358353E-002 -0.745116233316317E+001
  0.100000000000000E+001  0.148984812516094E+002  0.879210332134034E+000  0.595622348322322E-002  0.624386540997847E+000  0.100050033358353E-002 -0.744924062580470E+001
  0.100000000000000E+001  0.148737899568489E+002  0.838240308184077E+000  0.867238889731569E-003  0.714639869311922E+000  0.100050033358353E-002 -0.743689497842445E+001
  0.100000000000000E+001  0.148462752685026E+002  0.875373033550288E+000  0.214155000653171E-002  0.633579021896574E+000  0.100050033358353E-002 -0.742313763425129E+001
