  0.336558958522145E+000  0.367455934734656E-001  0.123408811935974E+001  0.100050033358353E-002 -0.856396314697777E+001 -0.856396314697777E+001
  0.449344000874206E+000  0.114489176841036E+000  0.117078424558997E+001  0.100050033358353E-002 -0.907071893643952E+001 -0.907071893643952E+001
  0.115728129292877E+000  0.284779651633797E-001  0.130173637273033E+001  0.100050033358353E-002 -0.851187729151344E+001 -0.851187729151344E+001
  0.919335894470461E-001  0.854336340072022E-001  0.130499203882459E+001  0.100050033358353E-002 -0.880970346894875E+001 -0.880970346894875E+001
  0.271439301231384E+000  0.889525406023720E-001  0.126133843503919E+001  0.100050033358353E-002 -0.884901152867244E+001 -0.884901152867244E+001
  0.254976026177210E+000  0.234706281463483E-001  0.126722514676485E+001  0.100050033358353E-002 -0.849046192979762E+001 -0.849046192979762E+001
  0.857659468892085E-001  0.614284397774957E-001  0.130571306255865E+001  0.100050033358353E-002 -0.867963652533677E+001 -0.867963652533677E+001
  0.393377447020655E+000  0.854792847923017E-001  0.120488225504426E+001  0.100050033358353E-002 -0.885615821886227E+001 -0.885615821886227E+001
  0.922183442575853E+000  0.361805700782813E-003  0.506855737072205E+000  0.100050033358353E-002 -0.837994082181193E+001 -0.837994082181193E+001
  0.653796008058044E+000  0.747168463975142E-001  0.991648933090883E+000  0.100050033358353E-002 -0.891277065384937E+001 -0.891277065384937E+001
  0.487114445903962E+000  0.642792143973749E-001  0.114454632003465E+001  0.100050033358353E-002 -0.875038752088260E+001 -0.875038752088260E+001
  0.582144601118813E+000  0.100563715589272E+000  0.106558240163606E+001  0.100050033358353E-002 -0.905995154137744E+001 -0.905995154137744E+001
  0.828224620877326E+000  0.369013816727592E-001  0.734422846072737E+000  0.100050033358353E-002 -0.873624400075592E+001 -0.873624400075592E+001
  0.469828161642664E+000  0.978779000700107E-001  0.115689129525654E+001  0.100050033358353E-002 -0.896635744411960E+001 -0.896635744411960E+001
  0.771654983292059E+000  0.528146547253718E-001  0.833558890395097E+000  0.100050033358353E-002 -0.883401489440249E+001 -0.883401489440249E+001
  0.567306369758400E+000  0.366387439987071E-001  0.107924027509141E+001  0.100050033358353E-002 -0.859495930122304E+001 -0.859495930122304E+001
  0.205381001923856E+000  0.732819467862070E-001  0.128260399079841E+001  0.100050033358353E-002 -0.875093575666243E+001 -0.875093575666243E+001
  0.393681334912135E+000  0.103155202931017E+000  0.120471177302758E+001  0.100050033358353E-002 -0.896885862225278E+001 -0.896885862225278E+001
  0.629344736171473E+000  0.750604422293288E-001  0.101845658538620E+001  0.100050033358353E-002 -0.889593934857760E+001 -0.889593934857760E+001
  0.410441225041788E+000  0.554392274441581E-001  0.119506628462515E+001  0.100050033358353E-002 -0.867815441942201E+001 -0.867815441942201E+001
  0.902104959869058E+000  0.408796000796896E-002  0.565520727163419E+000  0.100050033358353E-002 -0.842239061408488E+001 -0.842239061408488E+001
  0.772742923987016E+000  0.295094757439546E-001  0.831826077490369E+000  0.100050033358353E-002 -0.861495889302543E+001 -0.861495889302543E+001
  0.260599917987024E+000  0.331595794400457E-001  0.126525868816056E+001  0.100050033358353E-002 -0.854016866208000E+001 -0.854016866208000E+001
  0.180727867741189E+000  0.936179808618882E-001  0.128896148859071E+001  0.100050033358353E-002 -0.886275834336213E+001 -0.886275834336213E+001
  0.209946148689852E+000  0.168158468707255E-001  0.128133388629457E+001  0.100050033358353E-002 -0.845623763630033E+001 -0.845623763630033E+001
  0.280516947612583E+000  0.143598722139728E-001  0.125792252325627E+001  0.100050033358353E-002 -0.844554592693161E+001 -0.844554592693161E+001
  0.599449026385495E+000  0.580351565598836E-002  0.104897476722824E+001  0.100050033358353E-002 -0.840922762818393E+001 -0.840922762818393E+001
  0.337444538373315E+000  0.322013041073165E-001  0.123367269811787E+001  0.100050033358353E-002 -0.853973819021361E+001 -0.853973819021361E+001
  0.319469899248172E+000  0.747857376621986E-001  0.124186491318363E+001  0.100050033358353E-002 -0.877479264414130E+001 -0.877479264414130E+001
  0.113402490446338E+000  0.827790719444321E-002  0.130208786487607E+001  0.100050033358353E-002 -0.841413841889500E+001 -0.841413841889500E+001
  0.277940788614389E+000  0.667854899507814E-001  0.125890429726237E+001  0.100050033358353E-002 -0.872284734398609E+001 -0.872284734398609E+001
  0.147080859945079E-001  0.135000376404903E-002  0.131040023900322E+001  0.100050033358353E-002 -0.838157006973178E+001 -0.838157006973178E+001
  0.654003943885816E+000  0.596752754326186E-001  0.991413408551721E+000  0.100050033358353E-002 -0.879172989953321E+001 -0.879172989953321E+001
  0.845049067282407E-001  0.778392020573593E-001  0.130585427400149E+001  0.100050033358353E-002 -0.876757530510602E+001 -0.876757530510602E+001
  0.817917952255448E+000  0.191888095227812E-001  0.754000523432123E+000  0.100050033358353E-002 -0.854519797468934E+001 -0.854519797468934E+001
  0.123408947716705E+000  0.854653991870178E-001  0.130052408547430E+001  0.100050033358353E-002 -0.881156072210937E+001 -0.881156072210937E+001
  0.564275463655426E+000  0.156995707198521E-001  0.108196588775839E+001  0.100050033358353E-002 -0.846566684949838E+001 -0.846566684949838E+001
  0.348929340828112E+000  0.707041247925799E-002  0.122817317154143E+001  0.100050033358353E-002 -0.841044997504877E+001 -0.841044997504877E+001
  0.681693351849894E+000  0.489328089927807E-001  0.958842337647533E+000  0.100050033358353E-002 -0.872394662358274E+001 -0.872394662358274E+001
  0.705157110630604E-001  0.108705803666344E+000  0.130727962699158E+001  0.100050033358353E-002 -0.893966211804762E+001 -0.893966211804762E+001
  0.529530114414805E-001  0.109452763141727E+000  0.130870331624765E+001  0.100050033358353E-002 -0.894222649487889E+001 -0.894222649487889E+001
  0.365247332144311E+000  0.473334835969450E-001  0.121999732774361E+001  0.100050033358353E-002 -0.862491127880608E+001 -0.862491127880608E+001
  0.250948700652672E-002  0.728180376146803E-001  0.131053787340798E+001  0.100050033358353E-002 -0.877580185156812E+001 -0.877580185156812E+001
  0.220951871863397E+000  0.536853681650684E-001  0.127815157761114E+001  0.100050033358353E-002 -0.864555149039217E+001 -0.864555149039217E+001
  0.722895723789709E+000  0.672858917347123E-001  0.905528355213687E+000  0.100050033358353E-002 -0.891626098961489E+001 -0.891626098961489E+001
  0.241753011748491E+000  0.298966643468147E-001  0.127166846485937E+001  0.100050033358353E-002 -0.852256757734906E+001 -0.852256757734906E+001
  0.509130283517142E+000  0.405677435178597E-002  0.112796969226429E+001  0.100050033358353E-002 -0.839723396513960E+001 -0.839723396513960E+001
  0.736015195710914E+000  0.309555135206376E-001  0.887191084832040E+000  0.100050033358353E-002 -0.860817369219285E+001 -0.860817369219285E+001
  0.318673555503803E+000  0.123218084844308E+000  0.124221627534777E+001  0.100050033358353E-002 -0.907154733767414E+001 -0.907154733767414E+001
  0.985879266514382E-001  0.330415009296299E-001  0.130415748999594E+001  0.100050033358353E-002 -0.853420511360673E+001 -0.853420511360673E+001
  0.631141574316773E-001  0.338519125127241E-001  0.130792919099056E+001  0.100050033358353E-002 -0.853772136967354E+001 -0.853772136967354E+001
  0.989626493896217E+000  0.176968411857861E-001  0.188277968986348E+000  0.100050033358353E-002 -0.897982199586577E+001 -0.897982199586577E+001
  0.234007521341518E+000  0.412579368750281E-001  0.127415452148497E+001  0.100050033358353E-002 -0.858080669638254E+001 -0.858080669638254E+001
  0.440696755049962E+000  0.113824942208210E+000  0.117641594484977E+001  0.100050033358353E-002 -0.906141572826736E+001 -0.906141572826736E+001
  0.689860755458710E+000  0.209058666309793E-001  0.948756504017079E+000  0.100050033358353E-002 -0.851655201140340E+001 -0.851655201140340E+001
  0.499484618295727E+000  0.357819270649220E-001  0.113535235617623E+001  0.100050033358353E-002 -0.857710727403305E+001 -0.857710727403305E+001
  0.760335411798066E+000  0.504971755268784E-001  0.851237193355835E+000  0.100050033358353E-002 -0.879866770762682E+001 -0.879866770762682E+001
  0.906091460301378E+000  0.476007088645747E-002  0.554466555188951E+000  0.100050033358353E-002 -0.843154996909392E+001 -0.843154996909392E+001
  0.639129258473193E-002  0.287752127736632E-001  0.131051523280998E+001  0.100050033358353E-002 -0.851523969634341E+001 -0.851523969634341E+001
  0.706948300367093E+000  0.434819304978545E-001  0.926900784460335E+000  0.100050033358353E-002 -0.869491448583193E+001 -0.869491448583193E+001
  0.528719109476765E+000  0.109547380593584E+000  0.111238392965632E+001  0.100050033358353E-002 -0.908620176335585E+001 -0.908620176335585E+001
  0.482100732644628E+000  0.107391339382521E+000  0.114818654421769E+001  0.100050033358353E-002 -0.903939239262614E+001 -0.903939239262614E+001
  0.805612095792717E+000  0.698781374760127E-001  0.776421923934549E+000  0.100050033358353E-002 -0.908183309024630E+001 -0.908183309024630E+001
  0.277743847206292E+000  0.746150316166313E-001  0.125897894759159E+001  0.100050033358353E-002 -0.876709174162417E+001 -0.876709174162417E+001
  0.253329843107405E+000  0.138092273655847E-001  0.126779206996436E+001  0.100050033358353E-002 -0.844226438688067E+001 -0.844226438688067E+001
  0.733819784628393E+000  0.286775825153411E-001  0.890309088822213E+000  0.100050033358353E-002 -0.858875733470965E+001 -0.858875733470965E+001
  0.566157783999048E+000  0.368878828014939E-001  0.108027569541346E+001  0.100050033358353E-002 -0.859630378030671E+001 -0.859630378030671E+001
  0.788684442930252E+000  0.738556974870348E-001  0.805718886879046E+000  0.100050033358353E-002 -0.909075567747815E+001 -0.909075567747815E+001
  0.408444650118714E+000  0.103149038807247E+000  0.119624057518578E+001  0.100050033358353E-002 -0.897452985129262E+001 -0.897452985129262E+001
  0.732575798995461E+000  0.236552552158212E-001  0.892066887267952E+000  0.100050033358353E-002 -0.854853014459338E+001 -0.854853014459338E+001
  0.199353588118364E+000  0.882397478282555E-001  0.128423630729346E+001  0.100050033358353E-002 -0.883422225733096E+001 -0.883422225733096E+001
  0.699869733958162E+000  0.456377011557835E-001  0.936081497242917E+000  0.100050033358353E-002 -0.870824242149492E+001 -0.870824242149492E+001
  0.894919515887955E-001  0.517663498315047E-001  0.130528350972947E+001  0.100050033358353E-002 -0.862916514392138E+001 -0.862916514392138E+001
  0.406570861376834E+000  0.566268831145392E-001  0.119733639964182E+001  0.100050033358353E-002 -0.868442740836820E+001 -0.868442740836820E+001
  0.859137551905713E-001  0.123438806142290E+000  0.130569637300602E+001  0.100050033358353E-002 -0.902727145777708E+001 -0.902727145777708E+001
  0.276813040732272E+000  0.732508503027909E-001  0.125933099261288E+001  0.100050033358353E-002 -0.875918238619274E+001 -0.875918238619274E+001
  0.513570333544417E+000  0.278493491014350E-001  0.112450728693350E+001  0.100050033358353E-002 -0.853209300582847E+001 -0.853209300582847E+001
  0.447745999679454E+000  0.409552517013823E-001  0.117183527107240E+001  0.100050033358353E-002 -0.859969290924750E+001 -0.859969290924750E+001
  0.670802910460314E-001  0.217412892502054E-001  0.130759010974843E+001  0.100050033358353E-002 -0.847831725798677E+001 -0.847831725798677E+001
  0.422637315344050E+000  0.111358604410467E+000  0.118774277556153E+001  0.100050033358353E-002 -0.903549050291956E+001 -0.903549050291956E+001
  0.231456032015945E+000  0.119530095637068E+000  0.127495471103931E+001  0.100050033358353E-002 -0.902442357483768E+001 -0.902442357483768E+001
  0.750734537517472E+000  0.684070893457267E-002  0.865749296654845E+000  0.100050033358353E-002 -0.842472161882218E+001 -0.842472161882218E+001
  0.853612457315796E+000  0.437657023102908E-001  0.682672602437956E+000  0.100050033358353E-002 -0.885995160890006E+001 -0.885995160890006E+001
  0.145300458501896E+000  0.518245741234564E-001  0.129663397343154E+001  0.100050033358353E-002 -0.863137105544351E+001 -0.863137105544351E+001
  0.184391368329436E+000  0.800238346223134E-001  0.128807000543660E+001  0.100050033358353E-002 -0.878632073021218E+001 -0.878632073021218E+001
  0.675469044665390E+000  0.765529739290967E-001  0.966378394972946E+000  0.100050033358353E-002 -0.894850714426639E+001 -0.894850714426639E+001
  0.389887795261238E+000  0.643005756778386E-001  0.120682881397196E+001  0.100050033358353E-002 -0.872652725541479E+001 -0.872652725541479E+001
  0.845704697606525E+000  0.298422625171789E-001  0.699372263289184E+000  0.100050033358353E-002 -0.867798433627973E+001 -0.867798433627973E+001
  0.404912344936366E+000  0.609146684330343E-001  0.119830129466625E+001  0.100050033358353E-002 -0.870942284241168E+001 -0.870942284241168E+001
  0.333699482918717E+000  0.381405369989803E-001  0.123542108797955E+001  0.100050033358353E-002 -0.857123925826536E+001 -0.857123925826536E+001
  0.113905790824584E+000  0.236232477004715E-001  0.130201241010619E+001  0.100050033358353E-002 -0.848798410037261E+001 -0.848798410037261E+001
  0.153921367286455E+000  0.832180117156528E-001  0.129492440216425E+001  0.100050033358353E-002 -0.880142408167576E+001 -0.880142408167576E+001
  0.799624478435034E-001  0.283758871520967E-002  0.130634548288755E+001  0.100050033358353E-002 -0.838853951037563E+001 -0.838853951037563E+001
  0.808373086389584E+000  0.224165893719304E-001  0.771477409547401E+000  0.100050033358353E-002 -0.857059165642928E+001 -0.857059165642928E+001
  0.183440670899623E+000  0.391137396375707E-001  0.128830312837059E+001  0.100050033358353E-002 -0.856725595237821E+001 -0.856725595237821E+001
  0.593458795758547E+000  0.464103715719311E-002  0.105480856415308E+001  0.100050033358353E-002 -0.840222449295517E+001 -0.840222449295517E+001
  0.896952012200257E-002  0.109285176097880E+000  0.131048928088632E+001  0.100050033358353E-002 -0.883436304705200E+001 -0.883436304705200E+001
  0.596739079154228E+000  0.461944571423755E-001  0.105162521252005E+001  0.100050033358353E-002 -0.866618779055865E+001 -0.866618779055865E+001
  0.996578725087748E-001  0.766580821896820E-001  0.130401781106436E+001  0.100050033358353E-002 -0.876180514383944E+001 -0.876180514383944E+001
  0.404288541207214E+000  0.512978261834705E-001  0.119866299144460E+001  0.100050033358353E-002 -0.865296323961539E+001 -0.865296323961539E+001
  0.609693334149467E+000  0.925058187199326E-001  0.103878459554686E+001  0.100050033358353E-002 -0.901965207929180E+001 -0.901965207929180E+001
  0.533126229513303E+000  0.596539053770417E-001  0.110876533208197E+001  0.100050033358353E-002 -0.873509643823431E+001 -0.873509643823431E+001
  0.379608752249743E+000  0.130492641199452E-001  0.121244415805183E+001  0.100050033358353E-002 -0.844151945919977E+001 -0.844151945919977E+001
  0.646655670234638E-001  0.139046633262648E-001  0.130779902495144E+001  0.100050033358353E-002 -0.844054449387759E+001 -0.844054449387759E+001
  0.623731563416176E-001  0.127032542465447E+000  0.130799024247004E+001  0.100050033358353E-002 -0.904637110911067E+001 -0.904637110911067E+001
  0.143078864176030E+000  0.771432371190612E-001  0.129705821412935E+001  0.100050033358353E-002 -0.876686091277106E+001 -0.876686091277106E+001
  0.150038176397729E+000  0.633132633857206E-001  0.129570693180569E+001  0.100050033358353E-002 -0.869240444385333E+001 -0.869240444385333E+001
  0.317747074549757E+000  0.217434399277371E-001  0.124262382843258E+001  0.100050033358353E-002 -0.848401933467187E+001 -0.848401933467187E+001
  0.623633937440588E+000  0.940712730285821E-001  0.102447232688601E+001  0.100050033358353E-002 -0.904567502916898E+001 -0.904567502916898E+001
  0.789777082417527E+000  0.287203256858968E-001  0.803878557727391E+000  0.100050033358353E-002 -0.861821141626806E+001 -0.861821141626806E+001
  0.116469075403024E+000  0.974347614202119E-001  0.130162286867048E+001  0.100050033358353E-002 -0.887838974156393E+001 -0.887838974156393E+001
  0.478559477985248E+000  0.132476522449315E-001  0.115072813715905E+001  0.100050033358353E-002 -0.844635006311364E+001 -0.844635006311364E+001
  0.845466659912726E+000  0.294113651013550E-001  0.699866395813311E+000  0.100050033358353E-002 -0.867281830152715E+001 -0.867281830152715E+001
  0.294006213287899E+000  0.665196816144686E-002  0.125262064142216E+001  0.100050033358353E-002 -0.840770533869958E+001 -0.840770533869958E+001
  0.682010240073602E+000  0.327036459452563E-001  0.958455224027194E+000  0.100050033358353E-002 -0.859986020631611E+001 -0.859986020631611E+001
  0.512565038823208E+000  0.508638266551991E-001  0.112529479612888E+001  0.100050033358353E-002 -0.867225317467157E+001 -0.867225317467157E+001
  0.518469381836485E-001  0.487298739693575E-001  0.130877937742344E+001  0.100050033358353E-002 -0.861283305830143E+001 -0.861283305830143E+001
  0.396287652184263E+000  0.773492329024561E-001  0.120324321589516E+001  0.100050033358353E-002 -0.880665300986451E+001 -0.880665300986451E+001
  0.146353520463506E+000  0.699572458410905E-001  0.129643054558768E+001  0.100050033358353E-002 -0.872796258381268E+001 -0.872796258381268E+001
  0.352761534469141E+000  0.255635923305794E-001  0.122629152358683E+001  0.100050033358353E-002 -0.850558214473112E+001 -0.850558214473112E+001
  0.717445902113188E+000  0.707928246691381E-001  0.912942198783868E+000  0.100050033358353E-002 -0.894266282436926E+001 -0.894266282436926E+001
  0.225417681889560E+000  0.222509055440119E-001  0.127681155521067E+001  0.100050033358353E-002 -0.848345603952698E+001 -0.848345603952698E+001
  0.287915577519277E+000  0.403605707115842E-001  0.125504813988140E+001  0.100050033358353E-002 -0.857955926939438E+001 -0.857955926939438E+001
  0.484190650011145E+000  0.104623918295091E+000  0.114667513316032E+001  0.100050033358353E-002 -0.902096971278838E+001 -0.902096971278838E+001
  0.415846928937946E+000  0.267910242979553E-001  0.119185226838555E+001  0.100050033358353E-002 -0.851640370979856E+001 -0.851640370979856E+001
  0.879823811139360E+000  0.203601442032956E-001  0.622900573104808E+000  0.100050033358353E-002 -0.860413603495737E+001 -0.860413603495737E+001
  0.713236145569853E-001  0.322385878603886E-001  0.130720434830258E+001  0.100050033358353E-002 -0.852984796128727E+001 -0.852984796128727E+001
  0.338052304941448E+000  0.441625961274117E-002  0.123338688485387E+001  0.100050033358353E-002 -0.839711258730358E+001 -0.839711258730358E+001
  0.838406419342617E+000  0.142033397107315E-001  0.714305114558966E+000  0.100050033358353E-002 -0.850688116898578E+001 -0.850688116898578E+001
  0.236882954953618E+000  0.167878094823761E-001  0.127324161003429E+001  0.100050033358353E-002 -0.845662357513076E+001 -0.845662357513076E+001
  0.532717301098588E+000  0.994841601317061E-001  0.110910285782169E+001  0.100050033358353E-002 -0.901385693366091E+001 -0.901385693366091E+001
  0.212457662701739E+000  0.203905254555314E-001  0.128062268333082E+001  0.100050033358353E-002 -0.846710596136744E+001 -0.846710596136744E+001
  0.542669740352579E+000  0.576756492540924E-001  0.110078472136028E+001  0.100050033358353E-002 -0.872523077998265E+001 -0.872523077998265E+001
  0.425345580619142E+000  0.900573398438423E-001  0.118608115568964E+001  0.100050033358353E-002 -0.889558106230812E+001 -0.889558106230812E+001
  0.735280021044837E-001  0.543465837527939E-001  0.130699456324392E+001  0.100050033358353E-002 -0.864210989192415E+001 -0.864210989192415E+001
  0.125095991043229E+000  0.228477922775282E-001  0.130024722498495E+001  0.100050033358353E-002 -0.848430357974875E+001 -0.848430357974875E+001
  0.443101960503617E+000  0.495071924453657E-001  0.117486318875129E+001  0.100050033358353E-002 -0.864906717144178E+001 -0.864906717144178E+001
  0.259259976260498E+000  0.605981183830864E-001  0.126573138605847E+001  0.100050033358353E-002 -0.868605051550979E+001 -0.868605051550979E+001
  0.575162930626680E+000  0.515602455744569E-001  0.107207430509986E+001  0.100050033358353E-002 -0.869535952388176E+001 -0.869535952388176E+001
  0.664951929084196E+000  0.599677942246376E-001  0.978825678396092E+000  0.100050033358353E-002 -0.880124195451783E+001 -0.880124195451783E+001
  0.141768281847895E-001  0.283052290418404E-001  0.131041029540626E+001  0.100050033358353E-002 -0.851115759223634E+001 -0.851115759223634E+001
  0.290649627614977E+000  0.587299973280402E-001  0.125396531637172E+001  0.100050033358353E-002 -0.867944369566830E+001 -0.867944369566830E+001
  0.255867778762562E+000  0.103620454614124E+000  0.126691639921025E+001  0.100050033358353E-002 -0.893310351321982E+001 -0.893310351321982E+001
  0.680734647761789E+000  0.876126204573694E-001  0.960011455095891E+000  0.100050033358353E-002 -0.905310986743764E+001 -0.905310986743764E+001
  0.956184734264670E+000  0.600450654812590E-002  0.383679505247769E+000  0.100050033358353E-002 -0.848017027212511E+001 -0.848017027212511E+001
  0.541379870049604E+000  0.775069548892133E-001  0.110187503055069E+001  0.100050033358353E-002 -0.886035044908281E+001 -0.886035044908281E+001
  0.201446568736450E+000  0.638080638181300E-001  0.128367524004694E+001  0.100050033358353E-002 -0.869856583410344E+001 -0.869856583410344E+001
  0.275110851724007E+000  0.370612027115348E-001  0.125997147700594E+001  0.100050033358353E-002 -0.856128343566978E+001 -0.856128343566978E+001
  0.671598880317893E+000  0.749984406787700E-001  0.971000143441948E+000  0.100050033358353E-002 -0.893127825343946E+001 -0.893127825343946E+001
  0.297720488082405E+000  0.922492451931611E-002  0.125111296213869E+001  0.100050033358353E-002 -0.842041316476444E+001 -0.842041316476444E+001
  0.568021538062960E-002  0.101511494876555E+000  0.131052085761105E+001  0.100050033358353E-002 -0.895166784364054E+001 -0.895166784364054E+001
  0.621568536310075E+000  0.505720017474934E-001  0.102662590095460E+001  0.100050033358353E-002 -0.870633908016257E+001 -0.870633908016257E+001
  0.706669118533490E+000  0.481102980209732E-001  0.927266355724433E+000  0.100050033358353E-002 -0.873276934714930E+001 -0.873276934714930E+001
  0.784937036318130E+000  0.173642068000792E-001  0.811979766549279E+000  0.100050033358353E-002 -0.851498098269724E+001 -0.851498098269724E+001
  0.446771943080036E+000  0.792315335745657E-001  0.117247362318731E+001  0.100050033358353E-002 -0.883328041979758E+001 -0.883328041979758E+001
  0.930200609848558E-001  0.374643453160819E-001  0.130485979746802E+001  0.100050033358353E-002 -0.855617759976274E+001 -0.855617759976274E+001
  0.171756906041789E+000  0.168945673971809E-001  0.129106651152697E+001  0.100050033358353E-002 -0.845598906114573E+001 -0.845598906114573E+001
  0.502196547667642E+000  0.698361457496008E-001  0.113329579029944E+001  0.100050033358353E-002 -0.879147546444286E+001 -0.879147546444286E+001
  0.294171000045689E+000  0.104332939541742E+000  0.125255419151910E+001  0.100050033358353E-002 -0.894590315841007E+001 -0.894590315841007E+001
  0.474442123431166E+000  0.635577398212206E-001  0.115365269039439E+001  0.100050033358353E-002 -0.874210332192584E+001 -0.874210332192584E+001
  0.593828884014610E+000  0.180262706805691E-001  0.105445077005467E+001  0.100050033358353E-002 -0.848253034714626E+001 -0.848253034714626E+001
  0.147784124878424E+000  0.272799418840625E-001  0.129615177977999E+001  0.100050033358353E-002 -0.850655981008957E+001 -0.850655981008957E+001
  0.971568776537200E-001  0.206160916635989E-002  0.130434193032569E+001  0.100050033358353E-002 -0.838494089866047E+001 -0.838494089866047E+001
  0.651581607463727E+000  0.309320271370955E-001  0.994149043418310E+000  0.100050033358353E-002 -0.857763682952680E+001 -0.857763682952680E+001
  0.735806498710736E+000  0.446779078770032E-002  0.887488356401314E+000  0.100050033358353E-002 -0.840650385419855E+001 -0.840650385419855E+001
  0.660499948758733E-001  0.134464358465573E+000  0.130768018889356E+001  0.100050033358353E-002 -0.909275794619540E+001 -0.909275794619540E+001
  0.629859714579649E+000  0.957300006846369E-001  0.101790965598641E+001  0.100050033358353E-002 -0.906599576152899E+001 -0.906599576152899E+001
  0.728564427812239E-001  0.618911379916449E-001  0.130705915345333E+001  0.100050033358353E-002 -0.868127423678943E+001 -0.868127423678943E+001
  0.114850116414653E+000  0.118463810874470E+000  0.130186992331415E+001  0.100050033358353E-002 -0.899999800022065E+001 -0.899999800022065E+001
  0.454135930894205E+000  0.108733878473704E+000  0.116760434032039E+001  0.100050033358353E-002 -0.903325413474279E+001 -0.903325413474279E+001
  0.164599021026718E+000  0.960622545343526E-001  0.129266694630731E+001  0.100050033358353E-002 -0.887497281581371E+001 -0.887497281581371E+001
  0.750726244500367E+000  0.662595141344375E-001  0.865761647685527E+000  0.100050033358353E-002 -0.894159021543511E+001 -0.894159021543511E+001
  0.413523412561048E+000  0.656155055786596E-001  0.119323995356477E+001  0.100050033358353E-002 -0.873938943741524E+001 -0.873938943741524E+001
  0.302059353780393E+000  0.153229555595191E-002  0.124932543023532E+001  0.100050033358353E-002 -0.838279222698174E+001 -0.838279222698174E+001
  0.285075142595478E+000  0.132685758650728E-001  0.125616128397705E+001  0.100050033358353E-002 -0.844021604108883E+001 -0.844021604108883E+001
  0.293289305820686E+000  0.642027745264049E-001  0.125290925854226E+001  0.100050033358353E-002 -0.871029231404716E+001 -0.871029231404716E+001
  0.532864430787500E+000  0.100647496710647E+000  0.110898145999296E+001  0.100050033358353E-002 -0.902256697253341E+001 -0.902256697253341E+001
  0.302777459669494E+000  0.133408385526463E-001  0.124902684046963E+001  0.100050033358353E-002 -0.844096125450802E+001 -0.844096125450802E+001
  0.667684294094596E+000  0.638354272786515E-001  0.975625845392446E+000  0.100050033358353E-002 -0.883449136400865E+001 -0.883449136400865E+001
  0.525143783258880E+000  0.182699188863347E-001  0.111528895720284E+001  0.100050033358353E-002 -0.847747104435733E+001 -0.847747104435733E+001
  0.575649756107422E+000  0.841932590390113E-001  0.107162543996489E+001  0.100050033358353E-002 -0.892858872870941E+001 -0.892858872870941E+001
  0.362183059439862E+000  0.103752287021307E+000  0.122156535231407E+001  0.100050033358353E-002 -0.896163406302693E+001 -0.896163406302693E+001
  0.920790757553678E+000  0.222858782307611E-002  0.511185942391151E+000  0.100050033358353E-002 -0.840361309251206E+001 -0.840361309251206E+001
  0.342202670667092E+000  0.681529259999426E-001  0.123141955509055E+001  0.100050033358353E-002 -0.874023344597378E+001 -0.874023344597378E+001
  0.106911100451053E-001  0.123119743855965E+000  0.131046710049317E+001  0.100050033358353E-002 -0.895698400050294E+001 -0.895698400050294E+001
  0.509246765006881E+000  0.486276807609405E-001  0.112787937778811E+001  0.100050033358353E-002 -0.865739967488634E+001 -0.865739967488634E+001
  0.177674043585531E+000  0.955986227411918E-001  0.128969048182759E+001  0.100050033358353E-002 -0.887382895839390E+001 -0.887382895839390E+001
  0.301315398201265E+000  0.118652301553107E-001  0.124963394562270E+001  0.100050033358353E-002 -0.843356786828603E+001 -0.843356786828603E+001
  0.407824173121897E+000  0.570475803099836E-001  0.119660411022089E+001  0.100050033358353E-002 -0.868713991781867E+001 -0.868713991781867E+001
  0.621299997488404E+000  0.396921282491632E-001  0.102690504791726E+001  0.100050033358353E-002 -0.862949538835147E+001 -0.862949538835147E+001
  0.585279457839481E+000  0.860554680817169E-001  0.106262892545730E+001  0.100050033358353E-002 -0.894928880648482E+001 -0.894928880648482E+001
  0.850046979894514E+000  0.313040635367106E-001  0.690271481127369E+000  0.100050033358353E-002 -0.870012983055718E+001 -0.870012983055718E+001
  0.889110309579280E+000  0.331514206661819E-001  0.599825864029891E+000  0.100050033358353E-002 -0.879106212263139E+001 -0.879106212263139E+001
  0.483943113890657E+000  0.299646392404014E-001  0.114685459472932E+001  0.100050033358353E-002 -0.854083787307919E+001 -0.854083787307919E+001
  0.708957752839522E+000  0.138484620146733E-001  0.924260992570913E+000  0.100050033358353E-002 -0.847003420962086E+001 -0.847003420962086E+001
  0.811681295451826E-002  0.400844227969858E-001  0.131049882829731E+001  0.100050033358353E-002 -0.856811945927072E+001 -0.856811945927072E+001
  0.185540649277130E+000  0.125995525532037E+000  0.128778652157101E+001  0.100050033358353E-002 -0.905492742407061E+001 -0.905492742407061E+001
  0.405383735417807E+000  0.142698941242120E-001  0.119802752834333E+001  0.100050033358353E-002 -0.844874567461056E+001 -0.844874567461056E+001
  0.281627158590712E+000  0.981370734608957E-001  0.125749639067148E+001  0.100050033358353E-002 -0.891087055812954E+001 -0.891087055812954E+001
  0.102479151812189E+000  0.181308715192902E-001  0.130364219611215E+001  0.100050033358353E-002 -0.846113025299739E+001 -0.846113025299739E+001
  0.496835072796965E+000  0.427965292515257E-001  0.113734729663059E+001  0.100050033358353E-002 -0.861884253233349E+001 -0.861884253233349E+001
  0.527231324941730E+000  0.598588729447650E-001  0.111359610151284E+001  0.100050033358353E-002 -0.873446770961568E+001 -0.873446770961568E+001
  0.114661049507511E+000  0.875398740689306E-001  0.130189854655881E+001  0.100050033358353E-002 -0.882246925265165E+001 -0.882246925265165E+001
  0.783548870281042E+000  0.381027806333847E-001  0.814279270710902E+000  0.100050033358353E-002 -0.870199723804103E+001 -0.870199723804103E+001
  0.138958086685602E+000  0.107833106837466E+000  0.129782746648224E+001  0.100050033358353E-002 -0.897325995333562E+001 -0.897325995333562E+001
  0.258235875832637E+000  0.105964968371887E+000  0.126609090194778E+001  0.100050033358353E-002 -0.894768497042698E+001 -0.894768497042698E+001
  0.632130265847512E+000  0.338133012865697E-001  0.101548937106400E+001  0.100050033358353E-002 -0.859221348876556E+001 -0.859221348876556E+001
  0.874744712649316E+000  0.476363754333780E-001  0.635067731364066E+000  0.100050033358353E-002 -0.896672130268106E+001 -0.896672130268106E+001
  0.119423681594500E+000  0.566024787853351E-001  0.130116295357455E+001  0.100050033358353E-002 -0.865531020022278E+001 -0.865531020022278E+001
  0.312646801539317E+000  0.882741351180949E-001  0.124484381249742E+001  0.100050033358353E-002 -0.885300823788619E+001 -0.885300823788619E+001
  0.639906212313652E+000  0.876613295325661E-001  0.100708995389560E+001  0.100050033358353E-002 -0.900804053125490E+001 -0.900804053125490E+001
  0.475305550349351E+000  0.690724173895537E-001  0.115304210617737E+001  0.100050033358353E-002 -0.877742070582721E+001 -0.877742070582721E+001
  0.343842916879140E+000  0.827331198382067E-001  0.123063456113672E+001  0.100050033358353E-002 -0.882666826820273E+001 -0.882666826820273E+001
  0.244043957206158E+000  0.889838225814973E-001  0.127091667591759E+001  0.100050033358353E-002 -0.884468681962991E+001 -0.884468681962991E+001
  0.580415247517364E+000  0.885628497704753E-001  0.106720142892968E+001  0.100050033358353E-002 -0.896498886893579E+001 -0.896498886893579E+001
  0.586412439229209E-001  0.101003235855174E-001  0.130828671650685E+001  0.100050033358353E-002 -0.842254243316056E+001 -0.842254243316056E+001
  0.149761861471750E+000  0.685577144983618E-002  0.129576183428250E+001  0.100050033358353E-002 -0.840758942588065E+001 -0.840758942588065E+001
  0.371089569388781E+000  0.101365093025488E+000  0.121696547054071E+001  0.100050033358353E-002 -0.894935299755721E+001 -0.894935299755721E+001
  0.107888503459236E+000  0.200213701037204E-001  0.130289236651231E+001  0.100050033358353E-002 -0.850193493767743E+001 -0.850193493767743E+001
  0.651866284742353E+000  0.734591975344278E-001  0.993828463066711E+000  0.100050033358353E-002 -0.890078213082480E+001 -0.890078213082480E+001
  0.703934776637417E+000  0.760525653095409E-001  0.930831615454919E+000  0.100050033358353E-002 -0.897540301743459E+001 -0.897540301743459E+001
  0.740922484728438E+000  0.781641800958263E-001  0.880147627236615E+000  0.100050033358353E-002 -0.904766207592141E+001 -0.904766207592141E+001
  0.921963414537387E+000  0.407591474731495E-001  0.507542753027305E+000  0.100050033358353E-002 -0.903362374530384E+001 -0.903362374530384E+001
  0.838941375498687E-001  0.257616712522915E-001  0.130592191074120E+001  0.100050033358353E-002 -0.849807174922473E+001 -0.849807174922473E+001
  0.194786096677336E+000  0.734818998711683E-001  0.128543954504967E+001  0.100050033358353E-002 -0.875093772190681E+001 -0.875093772190681E+001
  0.792530242203940E+000  0.104364591257226E-001  0.799211251568870E+000  0.100050033358353E-002 -0.845883178421053E+001 -0.845883178421053E+001
  0.691395229752596E+000  0.264177773785480E-001  0.946836108559091E+000  0.100050033358353E-002 -0.855665221934752E+001 -0.855665221934752E+001
  0.571757296454704E+000  0.319137920217184E-001  0.107519855568021E+001  0.100050033358353E-002 -0.856585339379918E+001 -0.856585339379918E+001
  0.468596506078066E+000  0.623391732333888E-001  0.115774893930443E+001  0.100050033358353E-002 -0.873283381828807E+001 -0.873283381828807E+001
  0.834252928087678E+000  0.326857890352726E-001  0.722609200179036E+000  0.100050033358353E-002 -0.869672334564358E+001 -0.869672334564358E+001
  0.852930540123572E-001  0.775326881798479E-001  0.130576626407352E+001  0.100050033358353E-002 -0.876575504467717E+001 -0.876575504467717E+001
  0.257770669770107E+000  0.119594458525287E+000  0.126625371141597E+001  0.100050033358353E-002 -0.903091566433084E+001 -0.903091566433084E+001
  0.209093622895834E+000  0.111691023427590E+000  0.128157329050404E+001  0.100050033358353E-002 -0.897304773098273E+001 -0.897304773098273E+001
  0.395349329398225E+000  0.544853784024801E-001  0.120377324676429E+001  0.100050033358353E-002 -0.866997374617713E+001 -0.866997374617713E+001
  0.189682857789951E+000  0.926221078098006E-001  0.128674965019705E+001  0.100050033358353E-002 -0.885817281246995E+001 -0.885817281246995E+001
  0.408955902153807E+000  0.161862406943971E-001  0.119594053611823E+001  0.100050033358353E-002 -0.845898106943328E+001 -0.845898106943328E+001
  0.732952008896868E+000  0.821029588391965E-001  0.891535968579020E+000  0.100050033358353E-002 -0.907496424258987E+001 -0.907496424258987E+001
  0.911723370789494E+000  0.439091157279825E-001  0.538376802961390E+000  0.100050033358353E-002 -0.904365059651973E+001 -0.904365059651973E+001
  0.582085572070839E+000  0.860335676878385E-001  0.106563778485526E+001  0.100050033358353E-002 -0.894687788599083E+001 -0.894687788599083E+001
  0.657459329852104E+000  0.387253214394355E-001  0.987480334619241E+000  0.100050033358353E-002 -0.863508945081636E+001 -0.863508945081636E+001
  0.879924912938001E+000  0.432389795664685E-001  0.622655244474699E+000  0.100050033358353E-002 -0.891627759260088E+001 -0.891627759260088E+001
  0.188915278655940E+000  0.405640350634693E-001  0.128694358097483E+001  0.100050033358353E-002 -0.857491722764651E+001 -0.857491722764651E+001
  0.825408431256456E+000  0.283857620304359E-001  0.739848169056193E+000  0.100050033358353E-002 -0.864170918656246E+001 -0.864170918656246E+001
  0.238723733125973E+000  0.106668596478856E+000  0.127265098586043E+001  0.100050033358353E-002 -0.894796556077516E+001 -0.894796556077516E+001
  0.472112148405858E+000  0.677357928669423E-001  0.115529322317710E+001  0.100050033358353E-002 -0.876790732148950E+001 -0.876790732148950E+001
  0.321050330253051E+000  0.104771094773209E+000  0.124116470306979E+001  0.100050033358353E-002 -0.895555727518163E+001 -0.895555727518163E+001
  0.781339396256419E-001  0.364771305629125E-001  0.130653550367857E+001  0.100050033358353E-002 -0.855113457846730E+001 -0.855113457846730E+001
  0.456684576488323E+000  0.796850064773561E-001  0.116589575640873E+001  0.100050033358353E-002 -0.883958657068166E+001 -0.883958657068166E+001
  0.297259614550688E+000  0.790127566035952E-001  0.125130116529971E+001  0.100050033358353E-002 -0.879549524644974E+001 -0.879549524644974E+001
  0.295580838487081E+000  0.879766679588516E-001  0.125198401033895E+001  0.100050033358353E-002 -0.884777113300127E+001 -0.884777113300127E+001
  0.150314487308482E+000  0.352332943363314E-001  0.129565192659277E+001  0.100050033358353E-002 -0.854640594356116E+001 -0.854640594356116E+001
  0.357186173703653E-001  0.686642864611845E-001  0.130970572557833E+001  0.100050033358353E-002 -0.871671878154244E+001 -0.871671878154244E+001
  0.714903658933593E+000  0.575717739872461E-002  0.916361066426940E+000  0.100050033358353E-002 -0.841424216041487E+001 -0.841424216041487E+001
  0.848788397258042E+000  0.569134048856708E-001  0.692926396033323E+000  0.100050033358353E-002 -0.902455012572402E+001 -0.902455012572402E+001
  0.653779933524856E-001  0.732349476245824E-001  0.130773818767035E+001  0.100050033358353E-002 -0.874156013052991E+001 -0.874156013052991E+001
  0.666884578569915E-001  0.101423907965798E+000  0.130762453288440E+001  0.100050033358353E-002 -0.889740444562362E+001 -0.889740444562362E+001
  0.819730525100864E+000  0.479205043528540E-001  0.750612133898106E+000  0.100050033358353E-002 -0.884870812809197E+001 -0.884870812809197E+001
  0.756528604111959E+000  0.753569419179867E-002  0.857042837462886E+000  0.100050033358353E-002 -0.843047601107399E+001 -0.843047601107399E+001
  0.109478509288092E+000  0.100988468832992E-001  0.130266454555259E+001  0.100050033358353E-002 -0.842274338231841E+001 -0.842274338231841E+001
  0.303188443932566E+000  0.139747861404772E-001  0.124885560123703E+001  0.100050033358353E-002 -0.844414319612816E+001 -0.844414319612816E+001
  0.370129704078753E+000  0.422784105736824E-001  0.121746742125901E+001  0.100050033358353E-002 -0.859732998169419E+001 -0.859732998169419E+001
  0.713887911163095E+000  0.337621733608844E-001  0.917720124726960E+000  0.100050033358353E-002 -0.862059202809428E+001 -0.862059202809428E+001
  0.419338919672656E+000  0.110664071680716E+000  0.118974902738547E+001  0.100050033358353E-002 -0.902925190341893E+001 -0.902925190341893E+001
  0.342686227772446E+000  0.450359058093441E-002  0.123118857503882E+001  0.100050033358353E-002 -0.839758386485968E+001 -0.839758386485968E+001
  0.616637641630018E+000  0.339440894857717E-001  0.103172040762841E+001  0.100050033358353E-002 -0.858898249045594E+001 -0.858898249045594E+001
  0.306659589645966E+000  0.877921916412137E-001  0.124739911138696E+001  0.100050033358353E-002 -0.884888374156210E+001 -0.884888374156210E+001
  0.892729898254532E+000  0.339766064090766E-001  0.590520000153514E+000  0.100050033358353E-002 -0.881154891113886E+001 -0.881154891113886E+001
  0.171948545838420E+000  0.111756063955037E+000  0.129102269854964E+001  0.100050033358353E-002 -0.896731552708534E+001 -0.896731552708534E+001
  0.444792356723544E+000  0.915684745245510E-001  0.117376560594408E+001  0.100050033358353E-002 -0.891281077190675E+001 -0.891281077190675E+001
  0.633511721214580E+000  0.716408529911913E-001  0.101400971506511E+001  0.100050033358353E-002 -0.887195739452671E+001 -0.887195739452671E+001
  0.200845080603785E+000  0.909102169118752E-001  0.128383710671516E+001  0.100050033358353E-002 -0.884967256853227E+001 -0.884967256853227E+001
  0.776855796527619E-001  0.675454808412271E-001  0.130658142260636E+001  0.100050033358353E-002 -0.871176071660718E+001 -0.871176071660718E+001
  0.340248665094939E+000  0.105346304576800E+000  0.123234916220059E+001  0.100050033358353E-002 -0.896477097651717E+001 -0.896477097651717E+001
  0.285807656348166E-001  0.901993717758325E-001  0.131000662586951E+001  0.100050033358353E-002 -0.883066108011116E+001 -0.883066108011116E+001
  0.134746115548953E+000  0.121092367751769E+000  0.129859006192690E+001  0.100050033358353E-002 -0.901777705247539E+001 -0.901777705247539E+001
  0.570270793881436E+000  0.357867116482319E-001  0.107655359561063E+001  0.100050033358353E-002 -0.859016341220338E+001 -0.859016341220338E+001
  0.501809280615884E+000  0.105768399092334E+000  0.113359038094860E+001  0.100050033358353E-002 -0.903974367396126E+001 -0.903974367396126E+001
  0.292426465502419E+000  0.505389444234414E-001  0.125325560408210E+001  0.100050033358353E-002 -0.863464842308249E+001 -0.863464842308249E+001
  0.204019214277462E+000  0.134781680874252E-001  0.128297721824972E+001  0.100050033358353E-002 -0.843984622672349E+001 -0.843984622672349E+001
  0.288110936039507E+000  0.124330861576279E+000  0.125497113829706E+001  0.100050033358353E-002 -0.906888209161124E+001 -0.906888209161124E+001
  0.160619763629253E+000  0.100867399517752E+000  0.129352639222585E+001  0.100050033358353E-002 -0.890217262402384E+001 -0.890217262402384E+001
  0.768116636160181E+000  0.653212017886796E-001  0.839153083705552E+000  0.100050033358353E-002 -0.895756896564117E+001 -0.895756896564117E+001
  0.636690579861617E+000  0.593504272321421E-001  0.101058434071056E+001  0.100050033358353E-002 -0.877877709095756E+001 -0.877877709095756E+001
  0.247210644739077E+000  0.388866923459944E-001  0.126986508611009E+001  0.100050033358353E-002 -0.856916910351254E+001 -0.856916910351254E+001
  0.878244343151533E+000  0.235015436432277E-001  0.626717125729804E+000  0.100050033358353E-002 -0.864149796650414E+001 -0.864149796650414E+001
  0.609102790125535E-001  0.989264874208753E-001  0.130810864483266E+001  0.100050033358353E-002 -0.888366568403183E+001 -0.888366568403183E+001
  0.323074239939503E+000  0.839967638482455E-001  0.124026238144888E+001  0.100050033358353E-002 -0.882969488273776E+001 -0.882969488273776E+001
  0.158074324792435E+000  0.100308255589457E+000  0.129406483913746E+001  0.100050033358353E-002 -0.889874163152313E+001 -0.889874163152313E+001
  0.357110343118869E+000  0.506778407540276E-002  0.122412775028480E+001  0.100050033358353E-002 -0.840053081018837E+001 -0.840053081018837E+001
  0.813232466478685E+000  0.608132356413497E-001  0.762655451105153E+000  0.100050033358353E-002 -0.898860157137916E+001 -0.898860157137916E+001
  0.626606906692933E-001  0.587700573573797E-001  0.130796663830726E+001  0.100050033358353E-002 -0.866470020559012E+001 -0.866470020559012E+001
  0.795782122142544E+000  0.675398952520334E-002  0.793642003801034E+000  0.100050033358353E-002 -0.842910048847993E+001 -0.842910048847993E+001
  0.203945009079906E+000  0.698689188237079E-001  0.128299748135133E+001  0.100050033358353E-002 -0.873187104511554E+001 -0.873187104511554E+001
  0.290989783120290E-001  0.494289800255345E-001  0.130998703142282E+001  0.100050033358353E-002 -0.861512247357379E+001 -0.861512247357379E+001
  0.104851251777506E+000  0.632789409461898E-002  0.130331818236479E+001  0.100050033358353E-002 -0.840490985269853E+001 -0.840490985269853E+001
  0.849526878854948E+000  0.382281958452787E-001  0.691370320437157E+000  0.100050033358353E-002 -0.878242466630648E+001 -0.878242466630648E+001
  0.152386369044886E+000  0.939719492125941E-001  0.129523617699069E+001  0.100050033358353E-002 -0.886183879188799E+001 -0.886183879188799E+001
  0.452728450836265E+000  0.660573095642346E-001  0.116854273665153E+001  0.100050033358353E-002 -0.875177308906602E+001 -0.875177308906602E+001
  0.426554435259530E+000  0.973884986714338E-001  0.118533529663378E+001  0.100050033358353E-002 -0.894387933485214E+001 -0.894387933485214E+001
  0.365826404764371E+000  0.804327665068281E-001  0.121969929754278E+001  0.100050033358353E-002 -0.881788335365372E+001 -0.881788335365372E+001
  0.673825350774531E-002  0.101370667767037E+000  0.131051224769826E+001  0.100050033358353E-002 -0.887996223214003E+001 -0.887996223214003E+001
  0.243944683438343E-001  0.149005541336130E-001  0.131015199669399E+001  0.100050033358353E-002 -0.844443291635629E+001 -0.844443291635629E+001
  0.260302000497539E+000  0.312192315432244E-001  0.126536401194231E+001  0.100050033358353E-002 -0.853015555611001E+001 -0.853015555611001E+001
  0.770641780433154E+000  0.392024629934509E-001  0.835167242656236E+000  0.100050033358353E-002 -0.870155626810728E+001 -0.870155626810728E+001
  0.170610797470416E+000  0.979954733333622E-001  0.129132748594275E+001  0.100050033358353E-002 -0.888674823097570E+001 -0.888674823097570E+001
  0.661415642398095E+000  0.336701004348516E-001  0.982932140848871E+000  0.100050033358353E-002 -0.859995111663131E+001 -0.859995111663131E+001
  0.499065808714538E+000  0.361264823970349E-001  0.113566863298608E+001  0.100050033358353E-002 -0.857909242583158E+001 -0.857909242583158E+001
  0.303303831207329E+000  0.619831241726149E-001  0.124880747839997E+001  0.100050033358353E-002 -0.869913031977820E+001 -0.869913031977820E+001
  0.690390957273102E-001  0.928594282957041E-001  0.130741498784672E+001  0.100050033358353E-002 -0.884973979660094E+001 -0.884973979660094E+001
  0.524437531107072E+000  0.395277078419491E-001  0.111585958020935E+001  0.100050033358353E-002 -0.860419567224386E+001 -0.860419567224386E+001
  0.172766405382353E+000  0.666426358333282E-001  0.129083515229047E+001  0.100050033358353E-002 -0.871308932933776E+001 -0.871308932933776E+001
  0.879019198053097E-001  0.886695153390540E-001  0.130546906811671E+001  0.100050033358353E-002 -0.882744776101975E+001 -0.882744776101975E+001
  0.400599665663641E+000  0.340236771584702E-001  0.120078828790371E+001  0.100050033358353E-002 -0.855480090275484E+001 -0.855480090275484E+001
  0.376317817991652E+000  0.995727867941586E-001  0.121420489198033E+001  0.100050033358353E-002 -0.893969973542218E+001 -0.893969973542218E+001
  0.599961912651084E+000  0.122677120355653E-001  0.104847103444631E+001  0.100050033358353E-002 -0.844792080847473E+001 -0.844792080847473E+001
  0.864409057753558E+000  0.374541895795395E-001  0.658926365358503E+000  0.100050033358353E-002 -0.879905706188250E+001 -0.879905706188250E+001
  0.413327814770911E+000  0.118654088836646E+000  0.119335634318314E+001  0.100050033358353E-002 -0.908061289353865E+001 -0.908061289353865E+001
  0.490496210247465E+000  0.446597492501085E-001  0.114206307731467E+001  0.100050033358353E-002 -0.862893281671300E+001 -0.862893281671300E+001
  0.529100218248222E+000  0.867431173666522E-002  0.111207265884688E+001  0.100050033358353E-002 -0.842319508657845E+001 -0.842319508657845E+001
  0.140526941942273E-001  0.262313773963252E-002  0.131041259186402E+001  0.100050033358353E-002 -0.838779748043175E+001 -0.838779748043175E+001
  0.647798365426708E+000  0.573297184907197E-001  0.998386410857230E+000  0.100050033358353E-002 -0.876974125571294E+001 -0.876974125571294E+001
  0.545406701447812E+000  0.396438072745831E-001  0.109845900602276E+001  0.100050033358353E-002 -0.860924896539773E+001 -0.860924896539773E+001
  0.629045395227649E+000  0.646743310040476E-002  0.101877415803648E+001  0.100050033358353E-002 -0.841435115646476E+001 -0.841435115646476E+001
  0.801375967802645E+000  0.232523560576076E-001  0.783915087307297E+000  0.100050033358353E-002 -0.857449979552498E+001 -0.857449979552498E+001
  0.243916946378470E-001  0.116620122481696E+000  0.131015208539065E+001  0.100050033358353E-002 -0.897784118129810E+001 -0.897784118129810E+001
  0.652648609796021E+000  0.213364724718478E-001  0.992946217364536E+000  0.100050033358353E-002 -0.851214496902995E+001 -0.851214496902995E+001
  0.409613972535583E+000  0.838831707566309E-001  0.119555367003502E+001  0.100050033358353E-002 -0.885100034786963E+001 -0.885100034786963E+001
  0.539347508233800E+000  0.563749182083986E-001  0.110358551753727E+001  0.100050033358353E-002 -0.871551200254025E+001 -0.871551200254025E+001
  0.270039464942039E+000  0.187783270589001E-001  0.126185438801938E+001  0.100050033358353E-002 -0.846734752249218E+001 -0.846734752249218E+001
  0.245202009724958E+000  0.800986177672591E-002  0.127053378439708E+001  0.100050033358353E-002 -0.841381240858857E+001 -0.841381240858857E+001
  0.130370333047671E+000  0.113267249949206E+000  0.129935700651940E+001  0.100050033358353E-002 -0.897117855130212E+001 -0.897117855130212E+001
  0.106603974772529E+000  0.406631778530822E-001  0.130307395527240E+001  0.100050033358353E-002 -0.857266146336705E+001 -0.857266146336705E+001
  0.761001813204972E-001  0.725741270876987E-001  0.130674165979105E+001  0.100050033358353E-002 -0.873886563417380E+001 -0.873886563417380E+001
  0.120499554086787E+000  0.962251183389519E-001  0.130099258019052E+001  0.100050033358353E-002 -0.887182008910271E+001 -0.887182008910271E+001
  0.350133358274965E+000  0.120891841165800E+000  0.122758451051182E+001  0.100050033358353E-002 -0.906791325262849E+001 -0.906791325262849E+001
  0.293151880007731E+000  0.104089870808055E+000  0.125296449622837E+001  0.100050033358353E-002 -0.894412672663796E+001 -0.894412672663796E+001
  0.390147617310169E+000  0.634330473402508E-001  0.120668458832514E+001  0.100050033358353E-002 -0.872144541320349E+001 -0.872144541320349E+001
  0.502109389715468E+000  0.524581304553392E-001  0.113336211708581E+001  0.100050033358353E-002 -0.867965565008343E+001 -0.867965565008343E+001
  0.309665069895486E+000  0.959099111589962E-001  0.124612322487193E+001  0.100050033358353E-002 -0.889830648057260E+001 -0.889830648057260E+001
  0.108325973151655E+000  0.752039305201713E-002  0.130283002081559E+001  0.100050033358353E-002 -0.841054747467139E+001 -0.841054747467139E+001
  0.180189339668227E+000  0.841922942458350E-001  0.128909097556182E+001  0.100050033358353E-002 -0.880927466065946E+001 -0.880927466065946E+001
  0.482642265170704E+000  0.931393008704899E-001  0.114779573073477E+001  0.100050033358353E-002 -0.894005567249167E+001 -0.894005567249167E+001
  0.639046992739624E+000  0.428064473615141E-001  0.100802656766993E+001  0.100050033358353E-002 -0.865761001888981E+001 -0.865761001888981E+001
  0.925447147136915E-001  0.126161189702323E+000  0.130491784770715E+001  0.100050033358353E-002 -0.904382058676102E+001 -0.904382058676102E+001
  0.266973303054428E+000  0.418987841940113E-001  0.126297446954648E+001  0.100050033358353E-002 -0.858621414647757E+001 -0.858621414647757E+001
  0.160862251697405E+000  0.251895697126622E-001  0.129347463722242E+001  0.100050033358353E-002 -0.849645956927968E+001 -0.849645956927968E+001
  0.666625866755910E+000  0.851593335222636E-001  0.976868155507676E+000  0.100050033358353E-002 -0.901442087874415E+001 -0.901442087874415E+001
  0.140575720470660E+000  0.103328917517968E+000  0.129752822654883E+001  0.100050033358353E-002 -0.891426298973773E+001 -0.891426298973773E+001
  0.914857439825061E+000  0.220367796705730E-001  0.529166715621071E+000  0.100050033358353E-002 -0.867962403143949E+001 -0.867962403143949E+001
  0.176002038006392E+000  0.520544076629874E-001  0.129008418011634E+001  0.100050033358353E-002 -0.863411202534556E+001 -0.863411202534556E+001
  0.997832179169883E-001  0.360062171405664E-001  0.130400134786721E+001  0.100050033358353E-002 -0.854912014303963E+001 -0.854912014303963E+001
  0.375433976145702E+000  0.825992435438627E-002  0.121467472650820E+001  0.100050033358353E-002 -0.841688514240892E+001 -0.841688514240892E+001
  0.811405475888074E+000  0.687331234243809E-001  0.765990390228029E+000  0.100050033358353E-002 -0.908167014195404E+001 -0.908167014195404E+001
  0.891834490027376E+000  0.417823104518837E-001  0.592839202264228E+000  0.100050033358353E-002 -0.892972514286132E+001 -0.892972514286132E+001
  0.471388072626052E+000  0.346153395402592E-001  0.115580092681585E+001  0.100050033358353E-002 -0.856619547965701E+001 -0.856619547965701E+001
  0.853950385433826E+000  0.401572398465139E-001  0.681946343456405E+000  0.100050033358353E-002 -0.881425510030592E+001 -0.881425510030592E+001
  0.267345554906535E+000  0.119127723991727E+000  0.126283921933769E+001  0.100050033358353E-002 -0.902992221376971E+001 -0.902992221376971E+001
  0.869342478909364E+000  0.160485498181459E-001  0.647683134536109E+000  0.100050033358353E-002 -0.854380516240342E+001 -0.854380516240342E+001
  0.671776287803846E-001  0.588278907943229E-002  0.130758152707007E+001  0.100050033358353E-002 -0.840273750419718E+001 -0.840273750419718E+001
  0.562181058771671E+000  0.329117986397930E-001  0.108383682005057E+001  0.100050033358353E-002 -0.857032639853673E+001 -0.857032639853673E+001
  0.233979366048341E-001  0.862078841512145E-001  0.131018321397365E+001  0.100050033358353E-002 -0.880607549200414E+001 -0.880607549200414E+001
  0.661935097384781E-002  0.881898735095701E-001  0.131051328845762E+001  0.100050033358353E-002 -0.881708444245266E+001 -0.881708444245266E+001
  0.260474230772151E-001  0.204301283620854E-001  0.131009734399799E+001  0.100050033358353E-002 -0.847170283506907E+001 -0.847170283506907E+001
  0.691757570257369E-001  0.912894397367308E-001  0.130740258101902E+001  0.100050033358353E-002 -0.884108844426623E+001 -0.884108844426623E+001
  0.639759335834843E+000  0.427373669148575E-001  0.100725021118950E+001  0.100050033358353E-002 -0.865739339763505E+001 -0.865739339763505E+001
  0.431185471866510E+000  0.557009561233943E-001  0.118245396882674E+001  0.100050033358353E-002 -0.868362060250605E+001 -0.868362060250605E+001
  0.203169563321142E+000  0.131412482891452E+000  0.128320877108784E+001  0.100050033358353E-002 -0.909154696091140E+001 -0.909154696091140E+001
  0.141452089811568E+000  0.127213128607091E+000  0.129736463473515E+001  0.100050033358353E-002 -0.905544930049999E+001 -0.905544930049999E+001
  0.585200209298397E-001  0.133372084983329E+000  0.130829603909433E+001  0.100050033358353E-002 -0.908413703652461E+001 -0.908413703652461E+001
  0.846484299533292E+000  0.474705324629757E-001  0.697750493928338E+000  0.100050033358353E-002 -0.889292911366780E+001 -0.889292911366780E+001
  0.506910361487182E+000  0.107865218569603E+000  0.112968559654531E+001  0.100050033358353E-002 -0.905828193882749E+001 -0.905828193882749E+001
  0.544779691074070E-001  0.133283546715324E+000  0.130859580946760E+001  0.100050033358353E-002 -0.908397872976677E+001 -0.908397872976677E+001
  0.235138332634191E+000  0.640848379566250E-001  0.127379691222066E+001  0.100050033358353E-002 -0.870305536322784E+001 -0.870305536322784E+001
  0.529903442652515E+000  0.934228844473290E-001  0.111141560433388E+001  0.100050033358353E-002 -0.896770973734007E+001 -0.896770973734007E+001
  0.750166998899046E-001  0.184080451840665E-001  0.130684925643607E+001  0.100050033358353E-002 -0.846219097673251E+001 -0.846219097673251E+001
  0.689139463113297E-001  0.734302541536015E-001  0.130742632794081E+001  0.100050033358353E-002 -0.874280103831446E+001 -0.874280103831446E+001
  0.770238342301418E+000  0.361962641585916E-001  0.835806209222251E+000  0.100050033358353E-002 -0.867353278933824E+001 -0.867353278933824E+001
  0.114326992347456E+000  0.117421867677527E+000  0.130194900338414E+001  0.100050033358353E-002 -0.899403565357332E+001 -0.899403565357332E+001
  0.473699327547058E+000  0.904022710200025E-001  0.115417682252838E+001  0.100050033358353E-002 -0.891725681192184E+001 -0.891725681192184E+001
  0.414331480570641E+000  0.116357299078890E+000  0.119275841188923E+001  0.100050033358353E-002 -0.906546538049474E+001 -0.906546538049474E+001
  0.169784500098684E+000  0.871797419611644E-001  0.129151452141021E+001  0.100050033358353E-002 -0.879836630491802E+001 -0.879836630491802E+001
  0.864104416727506E+000  0.371835764670503E-002  0.659612280173143E+000  0.100050033358353E-002 -0.841135210173806E+001 -0.841135210173806E+001
  0.464859782480835E+000  0.241878557872877E-002  0.116033332901252E+001  0.100050033358353E-002 -0.838800133515183E+001 -0.838800133515183E+001
  0.790543752157997E+000  0.279295104865689E-001  0.802583213838887E+000  0.100050033358353E-002 -0.861138131056508E+001 -0.861138131056508E+001
  0.466253548415219E-001  0.401144496651320E-001  0.130911671579771E+001  0.100050033358353E-002 -0.856858835670347E+001 -0.856858835670347E+001
  0.102706455097309E-001  0.139684639805462E-001  0.131047287615603E+001  0.100050033358353E-002 -0.843630819036673E+001 -0.843630819036673E+001
  0.823576089815796E+000  0.235333864043386E-002  0.743347029008083E+000  0.100050033358353E-002 -0.839517884944319E+001 -0.839517884944319E+001
  0.585647172315811E+000  0.285473769712681E-001  0.106228090738903E+001  0.100050033358353E-002 -0.854710322109696E+001 -0.854710322109696E+001
  0.455757329741238E+000  0.194452138357409E-001  0.116651876881014E+001  0.100050033358353E-002 -0.847903978946936E+001 -0.847903978946936E+001
  0.740731820965939E-001  0.116070624524351E+000  0.130694168991603E+001  0.100050033358353E-002 -0.898332705790473E+001 -0.898332705790473E+001
  0.369435966681889E+000  0.817674036845883E-001  0.121782926566225E+001  0.100050033358353E-002 -0.882684952541174E+001 -0.882684952541174E+001
  0.406032394574849E+000  0.425973564103206E-001  0.119765018761423E+001  0.100050033358353E-002 -0.860338150126766E+001 -0.860338150126766E+001
  0.246198855995403E-001  0.195066670584516E-001  0.131014475463847E+001  0.100050033358353E-002 -0.846560610467774E+001 -0.846560610467774E+001
  0.251280112570882E+000  0.948064676328431E-001  0.126849248667009E+001  0.100050033358353E-002 -0.887983159550152E+001 -0.887983159550152E+001
  0.581859022271382E-001  0.100035053250963E+000  0.130832163410422E+001  0.100050033358353E-002 -0.888970278865320E+001 -0.888970278865320E+001
  0.377815026788991E-001  0.976358170039646E-001  0.130960630465753E+001  0.100050033358353E-002 -0.887511287546536E+001 -0.887511287546536E+001
  0.140721537155137E+000  0.534266203284286E-001  0.129750107889279E+001  0.100050033358353E-002 -0.863952905853087E+001 -0.863952905853087E+001
  0.764667110205070E-001  0.417235326632736E-001  0.130670490975806E+001  0.100050033358353E-002 -0.857750394648980E+001 -0.857750394648980E+001
  0.119682292595592E+000  0.464377091144963E-002  0.130112214189802E+001  0.100050033358353E-002 -0.839704939883198E+001 -0.839704939883198E+001
  0.679449152327424E-001  0.387092552145817E-001  0.130751343449366E+001  0.100050033358353E-002 -0.856228904064176E+001 -0.856228904064176E+001
