  0.741769462835323E-001  0.000000000000000E+000 -0.155176651367030E+002 -0.155176651367030E+002
  0.665448477305920E-001  0.000000000000000E+000 -0.150992451456837E+002 -0.150992451456837E+002
  0.656591354433745E-001  0.000000000000000E+000 -0.156550606816210E+002 -0.156550606816210E+002
  0.739158445332183E-001  0.000000000000000E+000 -0.155213762201281E+002 -0.155213762201281E+002
  0.663666008252143E-001  0.000000000000000E+000 -0.156642105541057E+002 -0.156642105541057E+002
  0.799583558237127E-001  0.000000000000000E+000 -0.157554551393545E+002 -0.157554551393545E+002
  0.989404582836455E-001  0.000000000000000E+000 -0.134524255066993E+002 -0.134524255066993E+002
  0.991158743655945E-001  0.000000000000000E+000 -0.145531619544534E+002 -0.145531619544534E+002
  0.991158741274097E-001  0.000000000000000E+000 -0.137396277838349E+002 -0.137396277838349E+002
  0.977987378321328E-001  0.000000000000000E+000 -0.147407383733172E+002 -0.147407383733172E+002
  0.991223585118837E-001  0.000000000000000E+000 -0.149973255167235E+002 -0.149973255167235E+002
  0.977987378312069E-001  0.000000000000000E+000 -0.127557004633655E+002 -0.127557004633655E+002
  0.100027472365214E+000  0.000000000000000E+000 -0.150348331075630E+002 -0.150348331075630E+002
  0.883182718347498E-001  0.000000000000000E+000 -0.152614618537642E+002 -0.152614618537642E+002
  0.883871763982939E-001  0.000000000000000E+000 -0.142148805683570E+002 -0.142148805683570E+002
  0.894343071172083E-001  0.000000000000000E+000 -0.153316508146307E+002 -0.153316508146307E+002
  0.883183392988144E-001  0.000000000000000E+000 -0.143584440892923E+002 -0.143584440892923E+002
  0.877361481555751E-001  0.000000000000000E+000 -0.156650720920817E+002 -0.156650720920817E+002
  0.877661252158518E-001  0.000000000000000E+000 -0.148547471182447E+002 -0.148547471182447E+002
  0.909244094117075E-001  0.000000000000000E+000 -0.145316074969760E+002 -0.145316074969760E+002
  0.883180477976854E-001  0.000000000000000E+000 -0.152930195896135E+002 -0.152930195896135E+002
  0.883183396590438E-001  0.000000000000000E+000 -0.156176797897055E+002 -0.156176797897055E+002
  0.883183389862867E-001  0.000000000000000E+000 -0.148464771827585E+002 -0.148464771827585E+002
  0.879921607705697E-001  0.000000000000000E+000 -0.138004682219305E+002 -0.138004682219305E+002
  0.909609006386546E-001  0.000000000000000E+000 -0.149314123461836E+002 -0.149314123461836E+002
  0.883870159458298E-001  0.000000000000000E+000 -0.153459331434209E+002 -0.153459331434209E+002
  0.106441020595611E+000  0.000000000000000E+000 -0.144218166170688E+002 -0.144218166170688E+002
  0.106441032926356E+000  0.000000000000000E+000 -0.150405064585385E+002 -0.150405064585385E+002
  0.106441038024709E+000  0.000000000000000E+000 -0.143368562405669E+002 -0.143368562405669E+002
  0.106438775278662E+000  0.000000000000000E+000 -0.120641239283073E+002 -0.120641239283073E+002
  0.106441033519674E+000  0.000000000000000E+000 -0.147288071355214E+002 -0.147288071355214E+002
  0.106441038024710E+000  0.000000000000000E+000 -0.134275389762804E+002 -0.134275389762804E+002
  0.106438775291185E+000  0.000000000000000E+000 -0.138447558665785E+002 -0.138447558665785E+002
  0.106441032926356E+000  0.000000000000000E+000 -0.153120028442696E+002 -0.153120028442696E+002
  0.106441038024710E+000  0.000000000000000E+000 -0.151943314056729E+002 -0.151943314056729E+002
  0.106438775276594E+000  0.000000000000000E+000 -0.122726721288175E+002 -0.122726721288175E+002
  0.106088193600507E+000  0.000000000000000E+000 -0.135027821748790E+002 -0.135027821748790E+002
  0.108811165071606E+000  0.000000000000000E+000 -0.156158949572371E+002 -0.156158949572371E+002
  0.108811165071606E+000  0.000000000000000E+000 -0.142500312393922E+002 -0.142500312393922E+002
  0.108811165071493E+000  0.000000000000000E+000 -0.149414946601489E+002 -0.149414946601489E+002
  0.108811165051667E+000  0.000000000000000E+000 -0.143328620770541E+002 -0.143328620770541E+002
  0.116552897317191E+000  0.000000000000000E+000 -0.150724277842988E+002 -0.150724277842988E+002
  0.116572945669803E+000  0.000000000000000E+000 -0.147293563815038E+002 -0.147293563815038E+002
  0.116572945669799E+000  0.000000000000000E+000 -0.150303670775778E+002 -0.150303670775778E+002
  0.116552897675652E+000  0.000000000000000E+000 -0.148850952428130E+002 -0.148850952428130E+002
  0.102983973183010E+000  0.000000000000000E+000 -0.152745803425575E+002 -0.152745803425575E+002
  0.103059436849108E+000  0.000000000000000E+000 -0.138431596005620E+002 -0.138431596005620E+002
  0.102969739249926E+000  0.000000000000000E+000 -0.135839147878693E+002 -0.135839147878693E+002
  0.102984132084633E+000  0.000000000000000E+000 -0.154642026832049E+002 -0.154642026832049E+002
  0.102983192416361E+000  0.000000000000000E+000 -0.148531648958157E+002 -0.148531648958157E+002
  0.102970471801182E+000  0.000000000000000E+000 -0.154301316151346E+002 -0.154301316151346E+002
  0.102984115336714E+000  0.000000000000000E+000 -0.154509176297280E+002 -0.154509176297280E+002
  0.103059436860950E+000  0.000000000000000E+000 -0.145931241139141E+002 -0.145931241139141E+002
  0.102970471801380E+000  0.000000000000000E+000 -0.141004006938400E+002 -0.141004006938400E+002
  0.103584790366884E+000  0.000000000000000E+000 -0.151044932146372E+002 -0.151044932146372E+002
  0.103585554312297E+000  0.000000000000000E+000 -0.155420006088528E+002 -0.155420006088528E+002
  0.103584790367149E+000  0.000000000000000E+000 -0.155879422380041E+002 -0.155879422380041E+002
  0.103671536408651E+000  0.000000000000000E+000 -0.154165480631486E+002 -0.154165480631486E+002
  0.103671536409508E+000  0.000000000000000E+000 -0.154861579792367E+002 -0.154861579792367E+002
  0.103671521413275E+000  0.000000000000000E+000 -0.144650735254313E+002 -0.144650735254313E+002
  0.103671536408638E+000  0.000000000000000E+000 -0.138306871552789E+002 -0.138306871552789E+002
  0.103932685498035E+000  0.000000000000000E+000 -0.140347033079883E+002 -0.140347033079883E+002
  0.126975548304062E+000  0.000000000000000E+000 -0.156921317227302E+002 -0.156921317227302E+002
  0.126976876652168E+000  0.000000000000000E+000 -0.149597550113647E+002 -0.149597550113647E+002
  0.126788938537477E+000  0.000000000000000E+000 -0.157082857110407E+002 -0.157082857110407E+002
  0.126976979478281E+000  0.000000000000000E+000 -0.151537522208147E+002 -0.151537522208147E+002
  0.126976877070813E+000  0.000000000000000E+000 -0.156865407755322E+002 -0.156865407755322E+002
  0.126807601618851E+000  0.000000000000000E+000 -0.129476829599711E+002 -0.129476829599711E+002
  0.126976978438083E+000  0.000000000000000E+000 -0.147747503035545E+002 -0.147747503035545E+002
  0.129560097059285E+000  0.000000000000000E+000 -0.150392017432458E+002 -0.150392017432458E+002
  0.129372584187496E+000  0.000000000000000E+000 -0.152898409797744E+002 -0.152898409797744E+002
  0.129560096888815E+000  0.000000000000000E+000 -0.153330006792956E+002 -0.153330006792956E+002
  0.129560129216153E+000  0.000000000000000E+000 -0.152373298317939E+002 -0.152373298317939E+002
  0.129560129216180E+000  0.000000000000000E+000 -0.156228850319371E+002 -0.156228850319371E+002
  0.129560129418836E+000  0.000000000000000E+000 -0.131114138269875E+002 -0.131114138269875E+002
  0.129372584887923E+000  0.000000000000000E+000 -0.150034949367812E+002 -0.150034949367812E+002
  0.129372584187624E+000  0.000000000000000E+000 -0.137947114758254E+002 -0.137947114758254E+002
  0.129372584887922E+000  0.000000000000000E+000 -0.137727053998056E+002 -0.137727053998056E+002
  0.129373533379326E+000  0.000000000000000E+000 -0.152815850630170E+002 -0.152815850630170E+002
  0.129370033705572E+000  0.000000000000000E+000 -0.152628523475415E+002 -0.152628523475415E+002
  0.129372066418957E+000  0.000000000000000E+000 -0.152009896584618E+002 -0.152009896584618E+002
  0.129560096888775E+000  0.000000000000000E+000 -0.155358323136681E+002 -0.155358323136681E+002
  0.129372152163443E+000  0.000000000000000E+000 -0.140441431433043E+002 -0.140441431433043E+002
  0.129563022708887E+000  0.000000000000000E+000 -0.155906775874646E+002 -0.155906775874646E+002
  0.166756453668946E+000  0.000000000000000E+000 -0.143325502106621E+002 -0.143325502106621E+002
  0.144932270038063E+000  0.000000000000000E+000 -0.144707998088956E+002 -0.144707998088956E+002
  0.166756867325040E+000  0.000000000000000E+000 -0.154545658668700E+002 -0.154545658668700E+002
  0.144932259739272E+000  0.000000000000000E+000 -0.151234689631096E+002 -0.151234689631096E+002
  0.146381716928153E+000  0.000000000000000E+000 -0.130610773901023E+002 -0.130610773901023E+002
  0.144932261363438E+000  0.000000000000000E+000 -0.145897894200290E+002 -0.145897894200290E+002
  0.144932260183150E+000  0.000000000000000E+000 -0.145316300947449E+002 -0.145316300947449E+002
  0.144932260183753E+000  0.000000000000000E+000 -0.154486586559681E+002 -0.154486586559681E+002
  0.132241577551799E+000  0.000000000000000E+000 -0.154272787971126E+002 -0.154272787971126E+002
  0.132241579209562E+000  0.000000000000000E+000 -0.150616981285282E+002 -0.150616981285282E+002
  0.132241577573529E+000  0.000000000000000E+000 -0.156455739395372E+002 -0.156455739395372E+002
  0.132241577571389E+000  0.000000000000000E+000 -0.153391820673301E+002 -0.153391820673301E+002
  0.132241577551789E+000  0.000000000000000E+000 -0.138985999243172E+002 -0.138985999243172E+002
  0.139431607332194E+000  0.000000000000000E+000 -0.145181393322705E+002 -0.145181393322705E+002
  0.138760368475016E+000  0.000000000000000E+000 -0.151334326380555E+002 -0.151334326380555E+002
  0.139651689703329E+000  0.000000000000000E+000 -0.137008487466924E+002 -0.137008487466924E+002
  0.138760368475037E+000  0.000000000000000E+000 -0.147110890730732E+002 -0.147110890730732E+002
  0.138760368475037E+000  0.000000000000000E+000 -0.151579617297476E+002 -0.151579617297476E+002
  0.139741776008876E+000  0.000000000000000E+000 -0.157208275728288E+002 -0.157208275728288E+002
  0.139651689703327E+000  0.000000000000000E+000 -0.131066932530448E+002 -0.131066932530448E+002
  0.131157955984376E+000  0.000000000000000E+000 -0.153080316491229E+002 -0.153080316491229E+002
  0.131157955984376E+000  0.000000000000000E+000 -0.101657201403699E+002 -0.101657201403699E+002
  0.131157955973727E+000  0.000000000000000E+000 -0.142276367872649E+002 -0.142276367872649E+002
  0.131157957985559E+000  0.000000000000000E+000 -0.151590917976294E+002 -0.151590917976294E+002
  0.131157963672794E+000  0.000000000000000E+000 -0.154572649867571E+002 -0.154572649867571E+002
  0.131157963672794E+000  0.000000000000000E+000 -0.127486081317802E+002 -0.127486081317802E+002
  0.134847984913716E+000  0.000000000000000E+000 -0.128769847578125E+002 -0.128769847578125E+002
  0.133519996153273E+000  0.000000000000000E+000 -0.149985875319296E+002 -0.149985875319296E+002
  0.133520418339427E+000  0.000000000000000E+000 -0.150708101505759E+002 -0.150708101505759E+002
  0.133520393755887E+000  0.000000000000000E+000 -0.156997601033319E+002 -0.156997601033319E+002
  0.133520395727837E+000  0.000000000000000E+000 -0.128999468642768E+002 -0.128999468642768E+002
  0.133520415128628E+000  0.000000000000000E+000 -0.132686426505225E+002 -0.132686426505225E+002
  0.133519996153273E+000  0.000000000000000E+000 -0.157515333414331E+002 -0.157515333414331E+002
  0.144798342543624E+000  0.000000000000000E+000 -0.155166554496746E+002 -0.155166554496746E+002
  0.144798342543624E+000  0.000000000000000E+000 -0.146840760309382E+002 -0.146840760309382E+002
  0.124653388746572E+000  0.000000000000000E+000 -0.147445704443540E+002 -0.147445704443540E+002
  0.124691373649659E+000  0.000000000000000E+000 -0.149854756958617E+002 -0.149854756958617E+002
  0.124691373676914E+000  0.000000000000000E+000 -0.139100406886097E+002 -0.139100406886097E+002
  0.124691373675756E+000  0.000000000000000E+000 -0.135440344463191E+002 -0.135440344463191E+002
  0.124691373650090E+000  0.000000000000000E+000 -0.154217568939705E+002 -0.154217568939705E+002
  0.124640930616246E+000  0.000000000000000E+000 -0.141787096412989E+002 -0.141787096412989E+002
  0.124640930504519E+000  0.000000000000000E+000 -0.136741246367391E+002 -0.136741246367391E+002
  0.124640444870396E+000  0.000000000000000E+000 -0.125647041633834E+002 -0.125647041633834E+002
  0.124640444870396E+000  0.000000000000000E+000 -0.140215917620993E+002 -0.140215917620993E+002
  0.117319258660310E+000  0.000000000000000E+000 -0.148042055317220E+002 -0.148042055317220E+002
  0.117324722292711E+000  0.000000000000000E+000 -0.144656000304949E+002 -0.144656000304949E+002
  0.117319258842047E+000  0.000000000000000E+000 -0.156583971877071E+002 -0.156583971877071E+002
  0.117324722292715E+000  0.000000000000000E+000 -0.146278562205719E+002 -0.146278562205719E+002
  0.117319259256205E+000  0.000000000000000E+000 -0.104522358140139E+002 -0.104522358140139E+002
  0.117319259537483E+000  0.000000000000000E+000 -0.123068107318876E+002 -0.123068107318876E+002
  0.118142617729502E+000  0.000000000000000E+000 -0.140567781334816E+002 -0.140567781334816E+002
  0.118625204391926E+000  0.000000000000000E+000 -0.156490748254408E+002 -0.156490748254408E+002
  0.118027630852444E+000  0.000000000000000E+000 -0.147237015124534E+002 -0.147237015124534E+002
  0.118027630853380E+000  0.000000000000000E+000 -0.132456091130393E+002 -0.132456091130393E+002
  0.118025256669527E+000  0.000000000000000E+000 -0.141805979702909E+002 -0.141805979702909E+002
  0.118717491843331E+000  0.000000000000000E+000 -0.123344012896496E+002 -0.123344012896496E+002
  0.118142617729502E+000  0.000000000000000E+000 -0.150046801960213E+002 -0.150046801960213E+002
  0.118717491843334E+000  0.000000000000000E+000 -0.156318551369297E+002 -0.156318551369297E+002
  0.118717491844486E+000  0.000000000000000E+000 -0.147730223743756E+002 -0.147730223743756E+002
  0.118728755120238E+000  0.000000000000000E+000 -0.138825312138492E+002 -0.138825312138492E+002
  0.116373634472316E+000  0.000000000000000E+000 -0.143817761521960E+002 -0.143817761521960E+002
  0.116373634596978E+000  0.000000000000000E+000 -0.146590003856639E+002 -0.146590003856639E+002
  0.116373632270349E+000  0.000000000000000E+000 -0.149314014223680E+002 -0.149314014223680E+002
  0.116373632308253E+000  0.000000000000000E+000 -0.155994760174890E+002 -0.155994760174890E+002
  0.116373634472292E+000  0.000000000000000E+000 -0.155284779723379E+002 -0.155284779723379E+002
  0.116373634582739E+000  0.000000000000000E+000 -0.149072015693182E+002 -0.149072015693182E+002
  0.116373634472320E+000  0.000000000000000E+000 -0.151640632236093E+002 -0.151640632236093E+002
  0.116373632321127E+000  0.000000000000000E+000 -0.155819180155871E+002 -0.155819180155871E+002
  0.116373632384245E+000  0.000000000000000E+000 -0.152173671200428E+002 -0.152173671200428E+002
  0.113551219685408E+000  0.000000000000000E+000 -0.143949237423142E+002 -0.143949237423142E+002
  0.113551202516620E+000  0.000000000000000E+000 -0.152792758888160E+002 -0.152792758888160E+002
  0.113551202516620E+000  0.000000000000000E+000 -0.138975514337474E+002 -0.138975514337474E+002
  0.111763630630783E+000  0.000000000000000E+000 -0.126266804737335E+002 -0.126266804737335E+002
  0.111748020288078E+000  0.000000000000000E+000 -0.157537340869569E+002 -0.157537340869569E+002
  0.111763630630783E+000  0.000000000000000E+000 -0.140865365760699E+002 -0.140865365760699E+002
  0.111763630630897E+000  0.000000000000000E+000 -0.149708708074102E+002 -0.149708708074102E+002
  0.116075034929776E+000  0.000000000000000E+000 -0.153558890097382E+002 -0.153558890097382E+002
  0.116074588956574E+000  0.000000000000000E+000 -0.150936559245547E+002 -0.150936559245547E+002
  0.116074588956447E+000  0.000000000000000E+000 -0.151404738126625E+002 -0.151404738126625E+002
  0.116075034728664E+000  0.000000000000000E+000 -0.153539417764105E+002 -0.153539417764105E+002
  0.116074588956837E+000  0.000000000000000E+000 -0.147450213286006E+002 -0.147450213286006E+002
  0.116075034728681E+000  0.000000000000000E+000 -0.151239152926018E+002 -0.151239152926018E+002
  0.116074086307771E+000  0.000000000000000E+000 -0.154782805150095E+002 -0.154782805150095E+002
  0.116073874323344E+000  0.000000000000000E+000 -0.149564849967187E+002 -0.149564849967187E+002
  0.128480683794570E+000  0.000000000000000E+000 -0.155418490267857E+002 -0.155418490267857E+002
  0.128288664690592E+000  0.000000000000000E+000 -0.147499003073067E+002 -0.147499003073067E+002
  0.128293504361530E+000  0.000000000000000E+000 -0.144193003821913E+002 -0.144193003821913E+002
  0.128294895129977E+000  0.000000000000000E+000 -0.109751151926948E+002 -0.109751151926948E+002
  0.128293504360642E+000  0.000000000000000E+000 -0.143298013844163E+002 -0.143298013844163E+002
  0.128297987502548E+000  0.000000000000000E+000 -0.144340057119860E+002 -0.144340057119860E+002
  0.128293504366397E+000  0.000000000000000E+000 -0.149896397536585E+002 -0.149896397536585E+002
  0.128294895129920E+000  0.000000000000000E+000 -0.155219140754195E+002 -0.155219140754195E+002
  0.128311500598367E+000  0.000000000000000E+000 -0.133463421916237E+002 -0.133463421916237E+002
  0.128311499914714E+000  0.000000000000000E+000 -0.149991021297380E+002 -0.149991021297380E+002
  0.128289464290586E+000  0.000000000000000E+000 -0.141036900685192E+002 -0.141036900685192E+002
  0.128293504366257E+000  0.000000000000000E+000 -0.145447755366004E+002 -0.145447755366004E+002
  0.128293504366257E+000  0.000000000000000E+000 -0.153844520322226E+002 -0.153844520322226E+002
  0.128293504389425E+000  0.000000000000000E+000 -0.150256046353702E+002 -0.150256046353702E+002
  0.128293504366314E+000  0.000000000000000E+000 -0.157134009310782E+002 -0.157134009310782E+002
  0.128480683794571E+000  0.000000000000000E+000 -0.157490375625300E+002 -0.157490375625300E+002
  0.128297987485520E+000  0.000000000000000E+000 -0.151612549804941E+002 -0.151612549804941E+002
  0.128294232067824E+000  0.000000000000000E+000 -0.152068847158268E+002 -0.152068847158268E+002
  0.128294895129836E+000  0.000000000000000E+000 -0.152602402421683E+002 -0.152602402421683E+002
  0.128293504366286E+000  0.000000000000000E+000 -0.155675103429824E+002 -0.155675103429824E+002
  0.128295177524683E+000  0.000000000000000E+000 -0.140736411626389E+002 -0.140736411626389E+002
  0.128293504366257E+000  0.000000000000000E+000 -0.157378878629360E+002 -0.157378878629360E+002
  0.128311499908119E+000  0.000000000000000E+000 -0.112773480963688E+002 -0.112773480963688E+002
  0.128294895135862E+000  0.000000000000000E+000 -0.154307001182858E+002 -0.154307001182858E+002
  0.128314153903295E+000  0.000000000000000E+000 -0.156698834169155E+002 -0.156698834169155E+002
  0.128293504366397E+000  0.000000000000000E+000 -0.145862247501555E+002 -0.145862247501555E+002
  0.128283265370006E+000  0.000000000000000E+000 -0.153662005792255E+002 -0.153662005792255E+002
  0.128283265369952E+000  0.000000000000000E+000 -0.151542307052543E+002 -0.151542307052543E+002
  0.128283649749014E+000  0.000000000000000E+000 -0.157369220191934E+002 -0.157369220191934E+002
  0.128283649749013E+000  0.000000000000000E+000 -0.125156591473399E+002 -0.125156591473399E+002
  0.128283221383937E+000  0.000000000000000E+000 -0.131863857260042E+002 -0.131863857260042E+002
  0.128283265369952E+000  0.000000000000000E+000 -0.152528823875780E+002 -0.152528823875780E+002
