  0.100000000000000E+001  0.154351946663967E+002  0.306562637729189E-001  0.132925626592691E+000 -0.693147180559945E+000 -0.771759733319837E+001
  0.100000000000000E+001  0.262265004547574E+002  0.620638246183192E-002  0.750190429472297E-001 -0.693147180559945E+000 -0.131132502273787E+002
  0.100000000000000E+001  0.212545637854310E+002 -0.308367682329390E-001  0.972105393822354E-001 -0.693147180559945E+000 -0.106272818927155E+002
  0.100000000000000E+001  0.201318704344830E+002 -0.101338464865648E-001  0.132707011547785E+000 -0.693147180559945E+000 -0.100659352172415E+002
  0.100000000000000E+001  0.199022232721796E+002  0.538969968290106E-001  0.682714898313484E-001 -0.693147180559945E+000 -0.995111163608978E+001
  0.100000000000000E+001  0.135173584846981E+002  0.561519667578090E-001  0.199183332853429E+000 -0.693147180559945E+000 -0.675867924234905E+001
  0.100000000000000E+001  0.128797735808307E+002  0.329167319107393E-002  0.159587104781367E+000 -0.693147180559945E+000 -0.643988679041534E+001
  0.100000000000000E+001  0.122473679006791E+002  0.667239492727267E-002  0.112008709354210E+000 -0.693147180559945E+000 -0.612368395033953E+001
  0.100000000000000E+001  0.115942192054982E+002 -0.493869186580377E-001  0.146124671114536E+000 -0.693147180559945E+000 -0.579710960274909E+001
  0.100000000000000E+001  0.113501455429401E+002 -0.167987814628962E+000  0.165911638145725E+000 -0.693147180559945E+000 -0.567507277147007E+001
  0.100000000000000E+001  0.113023949994637E+002 -0.102236559292535E-002  0.154558717845767E+000 -0.693147180559945E+000 -0.565119749973184E+001
  0.100000000000000E+001  0.111971028520196E+002  0.810828739924641E-002  0.956228727779556E-001 -0.693147180559945E+000 -0.559855142600981E+001
  0.100000000000000E+001  0.110683981929686E+002 -0.424358383298471E-001  0.165370342513905E+000 -0.693147180559945E+000 -0.553419909648429E+001
  0.100000000000000E+001  0.107699666207062E+002 -0.284905582390866E-001  0.164709671648681E+000 -0.693147180559945E+000 -0.538498331035311E+001
  0.100000000000000E+001  0.997332483603405E+001 -0.135911126630606E-001  0.153060692425956E+000 -0.693147180559945E+000 -0.498666241801702E+001
  0.100000000000000E+001  0.104104441912234E+002 -0.112390386485379E+000  0.163745216094085E+000 -0.693147180559945E+000 -0.520522209561168E+001
  0.100000000000000E+001  0.983677932065493E+001 -0.112390387458355E+000  0.163745218820459E+000 -0.693147180559945E+000 -0.491838966032747E+001
  0.100000000000000E+001  0.860958073394699E+001 -0.112390404061406E+000  0.163745271418714E+000 -0.693147180559945E+000 -0.430479036697349E+001
