 -0.606263944951180E-002  0.133598976341600E+000 -0.693147180559945E+000 -0.573749368344771E+001 -0.573749368344771E+001
  0.561519667578090E-001  0.199183332853429E+000 -0.693147180559945E+000 -0.675867924234905E+001 -0.675867924234905E+001
 -0.656776063994269E-002  0.153734043196465E+000 -0.693147180559945E+000 -0.613810316113930E+001 -0.613810316113930E+001
 -0.162261300291355E-002  0.129200204548403E+000 -0.693147180559945E+000 -0.599464064618232E+001 -0.599464064618232E+001
  0.368400902620201E-001  0.100237391373765E+000 -0.693147180559945E+000 -0.471655613722750E+001 -0.471655613722750E+001
 -0.210658648882238E-001  0.142998765583623E+000 -0.693147180559945E+000 -0.635345529963065E+001 -0.635345529963065E+001
  0.189749731985402E-001  0.110182505533388E+000 -0.693147180559945E+000 -0.703915522113883E+001 -0.703915522113883E+001
 -0.716654743818990E-002  0.131086079431205E+000 -0.693147180559945E+000 -0.597862878185893E+001 -0.597862878185893E+001
  0.272663861550104E-001  0.135195498816645E+000 -0.693147180559945E+000 -0.621000001274588E+001 -0.621000001274588E+001
  0.774555880881267E-002  0.140066979926365E+000 -0.693147180559945E+000 -0.438234535072211E+001 -0.438234535072211E+001
  0.280274485095815E-001  0.152919828940314E+000 -0.693147180559945E+000 -0.706220974987179E+001 -0.706220974987179E+001
 -0.159348540952620E-001  0.156447999882124E+000 -0.693147180559945E+000 -0.674338481664129E+001 -0.674338481664129E+001
  0.208095054161641E-001  0.134442391441678E+000 -0.693147180559945E+000 -0.693491390733176E+001 -0.693491390733176E+001
  0.158090436680238E-001  0.119597666223719E+000 -0.693147180559945E+000 -0.630039341173154E+001 -0.630039341173154E+001
  0.790049708130702E-002  0.905489799548125E-001 -0.693147180559945E+000 -0.629277247192727E+001 -0.629277247192727E+001
  0.847459876926737E-002  0.960358372821379E-001 -0.693147180559945E+000 -0.693734691541454E+001 -0.693734691541454E+001
 -0.243110287825204E-001  0.114241413917428E+000 -0.693147180559945E+000 -0.700577049880163E+001 -0.700577049880163E+001
  0.448229262481359E-002  0.151343942422567E+000 -0.693147180559945E+000 -0.681114025383661E+001 -0.681114025383661E+001
  0.460817588708240E-002  0.140602539104159E+000 -0.693147180559945E+000 -0.642642526580049E+001 -0.642642526580049E+001
 -0.333751824388915E-001  0.111598165719958E+000 -0.693147180559945E+000 -0.545647093736995E+001 -0.545647093736995E+001
 -0.691548704880274E-002  0.121874777486123E+000 -0.693147180559945E+000 -0.708293442041152E+001 -0.708293442041152E+001
  0.280274568187890E-001  0.152919834014612E+000 -0.693147180559945E+000 -0.504913483975704E+001 -0.504913483975704E+001
  0.786602947269419E-001  0.189186865363638E+000 -0.693147180559945E+000 -0.677577506752938E+001 -0.677577506752938E+001
 -0.217918042435650E-003  0.130351368564891E+000 -0.693147180559945E+000 -0.560707316145687E+001 -0.560707316145687E+001
  0.329167319107393E-002  0.159587104781367E+000 -0.693147180559945E+000 -0.643988679041534E+001 -0.643988679041534E+001
 -0.192294614383171E-002  0.129153128637820E+000 -0.693147180559945E+000 -0.686335397317839E+001 -0.686335397317839E+001
 -0.329793816383472E-001  0.114725190107733E+000 -0.693147180559945E+000 -0.599883815599250E+001 -0.599883815599250E+001
  0.561519667534851E-001  0.199183332851065E+000 -0.693147180559945E+000 -0.590691509157705E+001 -0.590691509157705E+001
 -0.122467799669139E-001  0.149081498144214E+000 -0.693147180559945E+000 -0.710577542694020E+001 -0.710577542694020E+001
  0.648000979580199E-001  0.133717906663115E+000 -0.693147180559945E+000 -0.711142793961667E+001 -0.711142793961667E+001
 -0.257064164297527E-002  0.927700798906774E-001 -0.693147180559945E+000 -0.710750072188265E+001 -0.710750072188265E+001
  0.222905076036373E-001  0.122122993559802E+000 -0.693147180559945E+000 -0.704096629292691E+001 -0.704096629292691E+001
  0.782307103795254E-002  0.140093428207887E+000 -0.693147180559945E+000 -0.522360813347600E+001 -0.522360813347600E+001
  0.385940798250746E-001  0.214675557914403E+000 -0.693147180559945E+000 -0.679777598163599E+001 -0.679777598163599E+001
 -0.862997299555079E-002  0.125709375818298E+000 -0.693147180559945E+000 -0.683848630039060E+001 -0.683848630039060E+001
 -0.319829926570819E-001  0.135666768506868E+000 -0.693147180559945E+000 -0.637391121411143E+001 -0.637391121411143E+001
  0.411572116108481E-001  0.108777729255984E+000 -0.693147180559945E+000 -0.598727702624835E+001 -0.598727702624835E+001
  0.460818679524100E-002  0.140602537606174E+000 -0.693147180559945E+000 -0.687726206165759E+001 -0.687726206165759E+001
  0.268779750299304E-001  0.133950425863520E+000 -0.693147180559945E+000 -0.549164635582084E+001 -0.549164635582084E+001
  0.176148410471704E-001  0.111181616795041E+000 -0.693147180559945E+000 -0.665083535284530E+001 -0.665083535284530E+001
 -0.147809260908386E-001  0.131104699499491E+000 -0.693147180559945E+000 -0.656314781077380E+001 -0.656314781077380E+001
  0.286854115992925E-001  0.123814105498475E+000 -0.693147180559945E+000 -0.709627677971851E+001 -0.709627677971851E+001
 -0.600940823785501E-002  0.133086088965837E+000 -0.693147180559945E+000 -0.483757788143619E+001 -0.483757788143619E+001
  0.337290196178741E-001  0.125093576838722E+000 -0.693147180559945E+000 -0.535627168058084E+001 -0.535627168058084E+001
 -0.100301975612579E-001  0.104353926027936E+000 -0.693147180559945E+000 -0.632209816427152E+001 -0.632209816427152E+001
  0.279374886024280E-001  0.134922758312934E+000 -0.693147180559945E+000 -0.504007543183683E+001 -0.504007543183683E+001
 -0.212054224666781E-001  0.101593271763361E+000 -0.693147180559945E+000 -0.663738129131085E+001 -0.663738129131085E+001
  0.385923375451251E-001  0.214678196111818E+000 -0.693147180559945E+000 -0.642425905220967E+001 -0.642425905220967E+001
 -0.712773955142354E-003  0.106155283296402E+000 -0.693147180559945E+000 -0.686438870779226E+001 -0.686438870779226E+001
 -0.656775902220019E-002  0.153734041676078E+000 -0.693147180559945E+000 -0.659554721591397E+001 -0.659554721591397E+001
 -0.493869183571003E-001  0.146124671499749E+000 -0.693147180559945E+000 -0.535567786127455E+001 -0.535567786127455E+001
  0.411572118608949E-001  0.108777730506290E+000 -0.693147180559945E+000 -0.676678868200571E+001 -0.676678868200571E+001
 -0.691548704880229E-002  0.121874777486122E+000 -0.693147180559945E+000 -0.676279724192646E+001 -0.676279724192646E+001
  0.801153756767776E-001  0.123981835263611E+000 -0.693147180559945E+000 -0.692274981214836E+001 -0.692274981214836E+001
  0.176148410599655E-001  0.111181616742295E+000 -0.693147180559945E+000 -0.490186574268925E+001 -0.490186574268925E+001
 -0.135911126547577E-001  0.153060692418771E+000 -0.693147180559945E+000 -0.596868027245491E+001 -0.596868027245491E+001
 -0.440071214410243E-002  0.149982682675371E+000 -0.693147180559945E+000 -0.669030199941858E+001 -0.669030199941858E+001
  0.512871332249754E-002  0.112159521586630E+000 -0.693147180559945E+000 -0.623667987776636E+001 -0.623667987776636E+001
  0.200682612047083E-001  0.113455571611728E+000 -0.693147180559945E+000 -0.605645516476021E+001 -0.605645516476021E+001
  0.175948844273772E-001  0.143212460768152E+000 -0.693147180559945E+000 -0.574941610214770E+001 -0.574941610214770E+001
  0.591253555002513E-002  0.158617613556546E+000 -0.693147180559945E+000 -0.497579429231031E+001 -0.497579429231031E+001
  0.286010685318308E-001  0.132832212834624E+000 -0.693147180559945E+000 -0.448052443166448E+001 -0.448052443166448E+001
  0.175948845350857E-001  0.143212460794116E+000 -0.693147180559945E+000 -0.557213368825442E+001 -0.557213368825442E+001
  0.521124389892580E-002  0.112201739295888E+000 -0.693147180559945E+000 -0.515397676917969E+001 -0.515397676917969E+001
 -0.133996096173917E-001  0.154749441557682E+000 -0.693147180559945E+000 -0.612461269267947E+001 -0.612461269267947E+001
  0.801937214953696E-004  0.168174552337985E+000 -0.693147180559945E+000 -0.675071896988818E+001 -0.675071896988818E+001
  0.667239456365576E-002  0.112008709822587E+000 -0.693147180559945E+000 -0.648399364774529E+001 -0.648399364774529E+001
  0.217903991905983E-001  0.134154703199012E+000 -0.693147180559945E+000 -0.628376814930632E+001 -0.628376814930632E+001
 -0.744960070866663E-002  0.130031950079175E+000 -0.693147180559945E+000 -0.704654423972318E+001 -0.704654423972318E+001
 -0.100301975612613E-001  0.104353926027929E+000 -0.693147180559945E+000 -0.650754109143260E+001 -0.650754109143260E+001
  0.515787296277725E-002  0.112111318826528E+000 -0.693147180559945E+000 -0.610437032820647E+001 -0.610437032820647E+001
  0.286010685318310E-001  0.132832212834624E+000 -0.693147180559945E+000 -0.560676797181267E+001 -0.560676797181267E+001
 -0.212032940665328E-001  0.101593882735721E+000 -0.693147180559945E+000 -0.677014489472708E+001 -0.677014489472708E+001
  0.383817432518185E-001  0.153742458589487E+000 -0.693147180559945E+000 -0.525532929653506E+001 -0.525532929653506E+001
  0.921454278491485E-002  0.995520920130708E-001 -0.693147180559945E+000 -0.711379172893336E+001 -0.711379172893336E+001
 -0.416159726980695E-001  0.137954223855421E+000 -0.693147180559945E+000 -0.674477404947650E+001 -0.674477404947650E+001
 -0.237104770250225E-001  0.130816182182258E+000 -0.693147180559945E+000 -0.693228288467466E+001 -0.693228288467466E+001
  0.175580080733655E-001  0.111171073070938E+000 -0.693147180559945E+000 -0.708118164331983E+001 -0.708118164331983E+001
 -0.796151117736477E-002  0.159283529969917E+000 -0.693147180559945E+000 -0.649089216305617E+001 -0.649089216305617E+001
 -0.145749935344682E-001  0.133169563082641E+000 -0.693147180559945E+000 -0.673333452679807E+001 -0.673333452679807E+001
 -0.881819079419310E-002  0.120752784438457E+000 -0.693147180559945E+000 -0.617016057362206E+001 -0.617016057362206E+001
  0.705292749797026E-001  0.120872447956635E+000 -0.693147180559945E+000 -0.672924676437912E+001 -0.672924676437912E+001
  0.148474954376392E-001  0.102203684718099E+000 -0.693147180559945E+000 -0.570114836685800E+001 -0.570114836685800E+001
  0.263518739964954E-001  0.168072064214693E+000 -0.693147180559945E+000 -0.565374461675824E+001 -0.565374461675824E+001
  0.343377221220382E-001  0.135214239061414E+000 -0.693147180559945E+000 -0.623558594811232E+001 -0.623558594811232E+001
  0.232500993588312E-001  0.120711926213972E+000 -0.693147180559945E+000 -0.654071040032276E+001 -0.654071040032276E+001
 -0.147078937516288E-001  0.122170982455233E+000 -0.693147180559945E+000 -0.442133417681878E+001 -0.442133417681878E+001
 -0.600019341378766E-002  0.133077879669448E+000 -0.693147180559945E+000 -0.671082375679536E+001 -0.671082375679536E+001
 -0.136438991831042E-001  0.134492894338556E+000 -0.693147180559945E+000 -0.697928961670398E+001 -0.697928961670398E+001
 -0.235892017605512E-001  0.130815441394332E+000 -0.693147180559945E+000 -0.577849160905656E+001 -0.577849160905656E+001
 -0.147814278874525E-001  0.131106267657362E+000 -0.693147180559945E+000 -0.618124281676939E+001 -0.618124281676939E+001
 -0.148013790125548E-001  0.131107638484601E+000 -0.693147180559945E+000 -0.593334609474831E+001 -0.593334609474831E+001
 -0.100253455034592E-001  0.104354931072547E+000 -0.693147180559945E+000 -0.599583131220731E+001 -0.599583131220731E+001
  0.277784340986633E-001  0.134030977070179E+000 -0.693147180559945E+000 -0.671754987220532E+001 -0.671754987220532E+001
  0.312131086148471E-001  0.125376979045132E+000 -0.693147180559945E+000 -0.638489065311469E+001 -0.638489065311469E+001
 -0.162260811331350E-002  0.129200197735660E+000 -0.693147180559945E+000 -0.551668738724485E+001 -0.551668738724485E+001
  0.256775728656782E-001  0.130493073403372E+000 -0.693147180559945E+000 -0.411116157669079E+001 -0.411116157669079E+001
 -0.243110287829680E-001  0.114241413912299E+000 -0.693147180559945E+000 -0.681433435711000E+001 -0.681433435711000E+001
  0.348860785629368E-001  0.123740294030208E+000 -0.693147180559945E+000 -0.678232523608708E+001 -0.678232523608708E+001
 -0.192291445445114E-002  0.129153138272323E+000 -0.693147180559945E+000 -0.603196483820776E+001 -0.603196483820776E+001
  0.157993508673666E-001  0.119610567093051E+000 -0.693147180559945E+000 -0.515273259592704E+001 -0.515273259592704E+001
  0.175586625327353E-001  0.111167718170134E+000 -0.693147180559945E+000 -0.672082486678785E+001 -0.672082486678785E+001
  0.733301586202173E-002  0.100534139354081E+000 -0.693147180559945E+000 -0.525408176097250E+001 -0.525408176097250E+001
  0.286872158027862E-001  0.123818483341380E+000 -0.693147180559945E+000 -0.659756828401887E+001 -0.659756828401887E+001
  0.379142964828039E-001  0.995025998372394E-001 -0.693147180559945E+000 -0.690674365983103E+001 -0.690674365983103E+001
 -0.482906502625373E-001  0.192005070420255E+000 -0.693147180559945E+000 -0.459670687827172E+001 -0.459670687827172E+001
 -0.100859473289405E-002  0.719065880458810E-001 -0.693147180559945E+000 -0.667752695034688E+001 -0.667752695034688E+001
  0.200512321986963E-001  0.146177117854786E+000 -0.693147180559945E+000 -0.623295571637692E+001 -0.623295571637692E+001
  0.819360539638003E-002  0.164285818213938E+000 -0.693147180559945E+000 -0.643312259329646E+001 -0.643312259329646E+001
  0.326159072551389E-001  0.113986761335566E+000 -0.693147180559945E+000 -0.530033709451329E+001 -0.530033709451329E+001
  0.204278209402582E-001  0.147083941191826E+000 -0.693147180559945E+000 -0.646962479014628E+001 -0.646962479014628E+001
 -0.309168080239791E-001  0.165385412298144E+000 -0.693147180559945E+000 -0.668254026283243E+001 -0.668254026283243E+001
 -0.322388686823130E-001  0.101066597923271E+000 -0.693147180559945E+000 -0.692240725705594E+001 -0.692240725705594E+001
  0.468034122680030E-001  0.957608300560745E-001 -0.693147180559945E+000 -0.684542342329313E+001 -0.684542342329313E+001
  0.445111687111099E-002  0.151362808322644E+000 -0.693147180559945E+000 -0.441291387842301E+001 -0.441291387842301E+001
  0.175586625752029E-001  0.111167718123129E+000 -0.693147180559945E+000 -0.677080767737540E+001 -0.677080767737540E+001
  0.403426758182324E-002  0.125559320698348E+000 -0.693147180559945E+000 -0.701516945728445E+001 -0.701516945728445E+001
  0.448229262409039E-002  0.151343942422366E+000 -0.693147180559945E+000 -0.671904432537198E+001 -0.671904432537198E+001
  0.649708161554601E-001  0.238759884692068E+000 -0.693147180559945E+000 -0.610548458937115E+001 -0.610548458937115E+001
  0.232500993588518E-001  0.120711926213991E+000 -0.693147180559945E+000 -0.512104597216981E+001 -0.512104597216981E+001
  0.277784339480862E-001  0.134030977083912E+000 -0.693147180559945E+000 -0.661742119813067E+001 -0.661742119813067E+001
 -0.294512351334316E-001  0.107602152238681E+000 -0.693147180559945E+000 -0.520348711907463E+001 -0.520348711907463E+001
 -0.280255125674923E-001  0.100736014793235E+000 -0.693147180559945E+000 -0.535996727004852E+001 -0.535996727004852E+001
  0.232499892052591E-001  0.120711766605163E+000 -0.693147180559945E+000 -0.693763882430268E+001 -0.693763882430268E+001
 -0.623428758296998E-001  0.104561858571922E+000 -0.693147180559945E+000 -0.630520868116246E+001 -0.630520868116246E+001
  0.200558803265731E-001  0.146169201519455E+000 -0.693147180559945E+000 -0.621158299066684E+001 -0.621158299066684E+001
 -0.309571045310467E-001  0.165394648052897E+000 -0.693147180559945E+000 -0.415994542855793E+001 -0.415994542855793E+001
 -0.107980948009773E-001  0.132093389911013E+000 -0.693147180559945E+000 -0.648898791522132E+001 -0.648898791522132E+001
 -0.243429490186788E-001  0.130845034173129E+000 -0.693147180559945E+000 -0.709930785845144E+001 -0.709930785845144E+001
  0.200682612047083E-001  0.113455571611728E+000 -0.693147180559945E+000 -0.568359240086712E+001 -0.568359240086712E+001
 -0.237105035418583E-001  0.130816232381073E+000 -0.693147180559945E+000 -0.556869667200728E+001 -0.556869667200728E+001
  0.151157399715416E-001  0.138749858927176E+000 -0.693147180559945E+000 -0.667556599506277E+001 -0.667556599506277E+001
 -0.100302506912898E-001  0.104353945061531E+000 -0.693147180559945E+000 -0.691001485869336E+001 -0.691001485869336E+001
  0.272663861550093E-001  0.135195498816646E+000 -0.693147180559945E+000 -0.645072807117552E+001 -0.645072807117552E+001
 -0.416159726981294E-001  0.137954223855383E+000 -0.693147180559945E+000 -0.666788819483712E+001 -0.666788819483712E+001
 -0.107976374516838E-001  0.132093557176338E+000 -0.693147180559945E+000 -0.701001361654638E+001 -0.701001361654638E+001
 -0.100302506912902E-001  0.104353945061531E+000 -0.693147180559945E+000 -0.510660047357724E+001 -0.510660047357724E+001
 -0.217775872926151E-003  0.130351286884922E+000 -0.693147180559945E+000 -0.656928867023675E+001 -0.656928867023675E+001
  0.199533298568266E-001  0.808262896882185E-001 -0.693147180559945E+000 -0.682249695638423E+001 -0.682249695638423E+001
 -0.424358373770440E-001  0.165370342576851E+000 -0.693147180559945E+000 -0.565713543119231E+001 -0.565713543119231E+001
 -0.284905621586989E-001  0.164709672019588E+000 -0.693147180559945E+000 -0.589834997368439E+001 -0.589834997368439E+001
 -0.107980950162834E-001  0.132093389963467E+000 -0.693147180559945E+000 -0.507612862804393E+001 -0.507612862804393E+001
 -0.121520454480594E-001  0.149139654124341E+000 -0.693147180559945E+000 -0.667377806184536E+001 -0.667377806184536E+001
 -0.347886935770884E-001  0.114412136290730E+000 -0.693147180559945E+000 -0.404574642590095E+001 -0.404574642590095E+001
 -0.219005369573599E-002  0.132781096672261E+000 -0.693147180559945E+000 -0.544607269064418E+001 -0.544607269064418E+001
 -0.819246958741027E-002  0.138821668246304E+000 -0.693147180559945E+000 -0.703936616290270E+001 -0.703936616290270E+001
 -0.315186475393523E-001  0.134035225758223E+000 -0.693147180559945E+000 -0.541057707114887E+001 -0.541057707114887E+001
 -0.483065908074154E-002  0.149628729098408E+000 -0.693147180559945E+000 -0.667431152069401E+001 -0.667431152069401E+001
  0.847459876930090E-002  0.960358372823857E-001 -0.693147180559945E+000 -0.699970033763210E+001 -0.699970033763210E+001
  0.536605808497648E-001  0.194091738317857E+000 -0.693147180559945E+000 -0.655345708819539E+001 -0.655345708819539E+001
 -0.162260800753400E-002  0.129200197724202E+000 -0.693147180559945E+000 -0.589557089121794E+001 -0.589557089121794E+001
  0.272693194316087E-001  0.135207400371947E+000 -0.693147180559945E+000 -0.537044826885452E+001 -0.537044826885452E+001
 -0.284905582390866E-001  0.164709671648681E+000 -0.693147180559945E+000 -0.538498331035311E+001 -0.538498331035311E+001
  0.144354262174291E-001  0.120003302192082E+000 -0.693147180559945E+000 -0.661651430150302E+001 -0.661651430150302E+001
  0.145813347375861E+000  0.155792932202915E+000 -0.693147180559945E+000 -0.626527785407261E+001 -0.626527785407261E+001
 -0.162260810900283E-002  0.129200197736382E+000 -0.693147180559945E+000 -0.700165286529185E+001 -0.700165286529185E+001
  0.411513920437261E-001  0.108782577886917E+000 -0.693147180559945E+000 -0.708180882186418E+001 -0.708180882186418E+001
 -0.816347331130152E-002  0.138852915593107E+000 -0.693147180559945E+000 -0.702388563790298E+001 -0.702388563790298E+001
  0.810802604996597E-002  0.956223459275703E-001 -0.693147180559945E+000 -0.677937921579879E+001 -0.677937921579879E+001
 -0.469505888567829E-001  0.125994174784762E+000 -0.693147180559945E+000 -0.602559184388335E+001 -0.602559184388335E+001
  0.517592150661184E-002  0.112115536461063E+000 -0.693147180559945E+000 -0.660794379137349E+001 -0.660794379137349E+001
 -0.218840220088852E-001  0.166129741674459E+000 -0.693147180559945E+000 -0.632212552511982E+001 -0.632212552511982E+001
  0.326470682455751E-001  0.134738366212360E+000 -0.693147180559945E+000 -0.569389746062712E+001 -0.569389746062712E+001
 -0.493869186580377E-001  0.146124671114536E+000 -0.693147180559945E+000 -0.579710960274909E+001 -0.579710960274909E+001
  0.300804901566178E-001  0.174809560527261E+000 -0.693147180559945E+000 -0.452541290536058E+001 -0.452541290536058E+001
  0.312131086148457E-001  0.125376979045133E+000 -0.693147180559945E+000 -0.589657956914928E+001 -0.589657956914928E+001
  0.135967255018554E-001  0.139079935893139E+000 -0.693147180559945E+000 -0.670149436478993E+001 -0.670149436478993E+001
  0.309037385089881E-001  0.124886530496616E+000 -0.693147180559945E+000 -0.492208956355383E+001 -0.492208956355383E+001
  0.448507403474729E-002  0.140038902558966E+000 -0.693147180559945E+000 -0.680679968105237E+001 -0.680679968105237E+001
  0.200640380105033E-001  0.113465440488974E+000 -0.693147180559945E+000 -0.666603845562279E+001 -0.666603845562279E+001
 -0.237046640142022E-001  0.130801543279138E+000 -0.693147180559945E+000 -0.597710037005062E+001 -0.597710037005062E+001
 -0.237110378429861E-001  0.130819644689479E+000 -0.693147180559945E+000 -0.665098677799571E+001 -0.665098677799571E+001
 -0.440360465559564E-002  0.149927378258084E+000 -0.693147180559945E+000 -0.680413388318681E+001 -0.680413388318681E+001
  0.263518739863433E-001  0.168072064246676E+000 -0.693147180559945E+000 -0.703720513965338E+001 -0.703720513965338E+001
  0.549636543787191E-002  0.101693679987649E+000 -0.693147180559945E+000 -0.645449405636740E+001 -0.645449405636740E+001
  0.311920092058857E-001  0.125386540270069E+000 -0.693147180559945E+000 -0.628944026195061E+001 -0.628944026195061E+001
 -0.485319802441087E-002  0.103644904441262E+000 -0.693147180559945E+000 -0.507933869788756E+001 -0.507933869788756E+001
 -0.135911126243020E-001  0.153060692461793E+000 -0.693147180559945E+000 -0.618970623693437E+001 -0.618970623693437E+001
 -0.108101871318602E-001  0.132086602865307E+000 -0.693147180559945E+000 -0.646351434784247E+001 -0.646351434784247E+001
 -0.702188064749665E-002  0.133246908390874E+000 -0.693147180559945E+000 -0.575467038169178E+001 -0.575467038169178E+001
  0.428875889456037E-002  0.196469450534611E+000 -0.693147180559945E+000 -0.687161104634607E+001 -0.687161104634607E+001
  0.573008157866435E-001  0.208486441682958E+000 -0.693147180559945E+000 -0.659967562414301E+001 -0.659967562414301E+001
 -0.237046620426052E-001  0.130801558574041E+000 -0.693147180559945E+000 -0.633410281868044E+001 -0.633410281868044E+001
 -0.121368637385313E-001  0.164190227706926E+000 -0.693147180559945E+000 -0.500851515948736E+001 -0.500851515948736E+001
 -0.100115329943999E-001  0.104381354251089E+000 -0.693147180559945E+000 -0.663424778748719E+001 -0.663424778748719E+001
 -0.704036085103921E-002  0.130804630208248E+000 -0.693147180559945E+000 -0.643914729452529E+001 -0.643914729452529E+001
  0.774555880875449E-002  0.140066979926399E+000 -0.693147180559945E+000 -0.565367890781368E+001 -0.565367890781368E+001
 -0.107980948264077E-001  0.132093389893197E+000 -0.693147180559945E+000 -0.647566959027367E+001 -0.647566959027367E+001
  0.512888015318813E-002  0.112159171300829E+000 -0.693147180559945E+000 -0.680989730927933E+001 -0.680989730927933E+001
  0.302924391977368E-001  0.132688125274458E+000 -0.693147180559945E+000 -0.455557138206899E+001 -0.455557138206899E+001
  0.215695745913376E-001  0.103440178689943E+000 -0.693147180559945E+000 -0.616105415393944E+001 -0.616105415393944E+001
 -0.133990848439842E-001  0.154749190522934E+000 -0.693147180559945E+000 -0.473704821428599E+001 -0.473704821428599E+001
 -0.212043659875326E-001  0.101594345405400E+000 -0.693147180559945E+000 -0.660443094443674E+001 -0.660443094443674E+001
  0.267334232764573E-001  0.135194129020194E+000 -0.693147180559945E+000 -0.553062593872908E+001 -0.553062593872908E+001
 -0.881819015284180E-002  0.120752782996122E+000 -0.693147180559945E+000 -0.512162905308656E+001 -0.512162905308656E+001
 -0.845806203744316E-001  0.128680786963242E+000 -0.693147180559945E+000 -0.707119552337344E+001 -0.707119552337344E+001
  0.377248798894336E-001  0.930710690902952E-001 -0.693147180559945E+000 -0.681355441633511E+001 -0.681355441633511E+001
 -0.333751824388381E-001  0.111598165720421E+000 -0.693147180559945E+000 -0.662636126357370E+001 -0.662636126357370E+001
  0.285410372570387E-001  0.132870126127427E+000 -0.693147180559945E+000 -0.581979548373441E+001 -0.581979548373441E+001
 -0.424380049731019E-001  0.165366054950468E+000 -0.693147180559945E+000 -0.649016078781324E+001 -0.649016078781324E+001
  0.151157399716331E-001  0.138749858927094E+000 -0.693147180559945E+000 -0.661914412429557E+001 -0.661914412429557E+001
 -0.248056997158116E-001  0.167518133988223E+000 -0.693147180559945E+000 -0.502080680784088E+001 -0.502080680784088E+001
 -0.231316426887798E-001  0.117590623248935E+000 -0.693147180559945E+000 -0.701680720440978E+001 -0.701680720440978E+001
  0.348861150421027E-001  0.123740322154198E+000 -0.693147180559945E+000 -0.550710945191994E+001 -0.550710945191994E+001
  0.397881695994018E-002  0.125563730929243E+000 -0.693147180559945E+000 -0.595366526878547E+001 -0.595366526878547E+001
 -0.716610258066785E-002  0.131085077415695E+000 -0.693147180559945E+000 -0.603835524833071E+001 -0.603835524833071E+001
 -0.162260811291315E-002  0.129200197735846E+000 -0.693147180559945E+000 -0.693992739106827E+001 -0.693992739106827E+001
 -0.135911126630606E-001  0.153060692425956E+000 -0.693147180559945E+000 -0.498666241801702E+001 -0.498666241801702E+001
 -0.107957995282060E-001  0.132089019292085E+000 -0.693147180559945E+000 -0.366116068871120E+001 -0.366116068871120E+001
  0.554290972976124E-002  0.158605843031074E+000 -0.693147180559945E+000 -0.611925121109687E+001 -0.611925121109687E+001
  0.448507221994876E-002  0.140038897477741E+000 -0.693147180559945E+000 -0.568573886189776E+001 -0.568573886189776E+001
  0.368400902620274E-001  0.100237391373747E+000 -0.693147180559945E+000 -0.673138937178426E+001 -0.673138937178426E+001
  0.175587441971090E-001  0.111167570520593E+000 -0.693147180559945E+000 -0.711767587533056E+001 -0.711767587533056E+001
 -0.100276385069943E-001  0.104358998754158E+000 -0.693147180559945E+000 -0.690530731382363E+001 -0.690530731382363E+001
  0.469556846655426E-001  0.966622607363043E-001 -0.693147180559945E+000 -0.654044586250152E+001 -0.654044586250152E+001
 -0.986567759150825E-002  0.129139074338097E+000 -0.693147180559945E+000 -0.635873137831289E+001 -0.635873137831289E+001
 -0.493869183568985E-001  0.146124671499923E+000 -0.693147180559945E+000 -0.631946077930355E+001 -0.631946077930355E+001
 -0.505388226533142E-001  0.145032983444087E+000 -0.693147180559945E+000 -0.706954841822265E+001 -0.706954841822265E+001
  0.413942494976083E-001  0.101529693743327E+000 -0.693147180559945E+000 -0.655778892346964E+001 -0.655778892346964E+001
  0.222944272629524E-001  0.104543946744913E+000 -0.693147180559945E+000 -0.695386762372349E+001 -0.695386762372349E+001
 -0.237150576913793E-001  0.130811530584788E+000 -0.693147180559945E+000 -0.368182267405996E+001 -0.368182267405996E+001
  0.913302052990828E-002  0.995762898799418E-001 -0.693147180559945E+000 -0.606774431203523E+001 -0.606774431203523E+001
 -0.703436671244650E-002  0.130127858469461E+000 -0.693147180559945E+000 -0.391117593219884E+001 -0.391117593219884E+001
  0.158090436680249E-001  0.119597666223719E+000 -0.693147180559945E+000 -0.612172811717498E+001 -0.612172811717498E+001
  0.645105301164706E-002  0.138703421096555E+000 -0.693147180559945E+000 -0.626360992679669E+001 -0.626360992679669E+001
  0.566233851456777E-002  0.111927149195361E+000 -0.693147180559945E+000 -0.697402223996644E+001 -0.697402223996644E+001
 -0.107980974506923E-001  0.132093390202635E+000 -0.693147180559945E+000 -0.527327941698825E+001 -0.527327941698825E+001
 -0.257064164207943E-002  0.927700798907005E-001 -0.693147180559945E+000 -0.657446505006989E+001 -0.657446505006989E+001
  0.151759866059531E-001  0.187316508928982E+000 -0.693147180559945E+000 -0.708376516426892E+001 -0.708376516426892E+001
  0.175612475780982E-001  0.111176994611163E+000 -0.693147180559945E+000 -0.678500882027520E+001 -0.678500882027520E+001
 -0.212032940665330E-001  0.101593882735721E+000 -0.693147180559945E+000 -0.623852340887095E+001 -0.623852340887095E+001
 -0.716138805057809E-002  0.131091207414779E+000 -0.693147180559945E+000 -0.679422267575293E+001 -0.679422267575293E+001
  0.225665965054158E-001  0.973723502685199E-001 -0.693147180559945E+000 -0.695052224515286E+001 -0.695052224515286E+001
 -0.162260855447838E-002  0.129200197483837E+000 -0.693147180559945E+000 -0.675498772591371E+001 -0.675498772591371E+001
 -0.107976347445837E-001  0.132093477464112E+000 -0.693147180559945E+000 -0.666011682853159E+001 -0.666011682853159E+001
  0.131472493101921E-001  0.139586351348356E+000 -0.693147180559945E+000 -0.503132227670323E+001 -0.503132227670323E+001
  0.200558978505412E-001  0.146168999442286E+000 -0.693147180559945E+000 -0.476893072421196E+001 -0.476893072421196E+001
 -0.485319802441075E-002  0.103644904441262E+000 -0.693147180559945E+000 -0.651420700753567E+001 -0.651420700753567E+001
  0.199399948372505E-001  0.808138339987012E-001 -0.693147180559945E+000 -0.702950809630311E+001 -0.702950809630311E+001
 -0.162278687843032E-002  0.129200676919439E+000 -0.693147180559945E+000 -0.688543621589362E+001 -0.688543621589362E+001
 -0.424358373747474E-001  0.165370342579017E+000 -0.693147180559945E+000 -0.657545833871089E+001 -0.657545833871089E+001
  0.272691913569751E-001  0.135207429199052E+000 -0.693147180559945E+000 -0.692188362602049E+001 -0.692188362602049E+001
  0.518402078841524E-001  0.112623837239803E+000 -0.693147180559945E+000 -0.670670926222119E+001 -0.670670926222119E+001
  0.286010685318316E-001  0.132832212834626E+000 -0.693147180559945E+000 -0.425064837152822E+001 -0.425064837152822E+001
  0.448229262498567E-002  0.151343942422510E+000 -0.693147180559945E+000 -0.668918256380903E+001 -0.668918256380903E+001
  0.348870303538036E-001  0.123743096391683E+000 -0.693147180559945E+000 -0.483044994362799E+001 -0.483044994362799E+001
  0.709538018425260E-002  0.123143247485489E+000 -0.693147180559945E+000 -0.684591214916056E+001 -0.684591214916056E+001
  0.200640327673542E-001  0.113465431161870E+000 -0.693147180559945E+000 -0.677581466940212E+001 -0.677581466940212E+001
  0.375757734650337E-001  0.122725862982281E+000 -0.693147180559945E+000 -0.654647589655307E+001 -0.654647589655307E+001
 -0.656775952083122E-002  0.153734042940405E+000 -0.693147180559945E+000 -0.671681581827982E+001 -0.671681581827982E+001
 -0.106882426848591E-001  0.133060734666686E+000 -0.693147180559945E+000 -0.576282650788606E+001 -0.576282650788606E+001
  0.615300704341264E-001  0.128241241084902E+000 -0.693147180559945E+000 -0.709029140508715E+001 -0.709029140508715E+001
 -0.284905621586488E-001  0.164709672019242E+000 -0.693147180559945E+000 -0.702101939490404E+001 -0.702101939490404E+001
  0.940006743874955E-003  0.124349603717317E+000 -0.693147180559945E+000 -0.610468020631277E+001 -0.610468020631277E+001
  0.263560923259578E-001  0.168073606368884E+000 -0.693147180559945E+000 -0.690741030413335E+001 -0.690741030413335E+001
  0.272693336857022E-001  0.135207493431243E+000 -0.693147180559945E+000 -0.711615208192780E+001 -0.711615208192780E+001
 -0.493869183417858E-001  0.146124671516808E+000 -0.693147180559945E+000 -0.702765469383914E+001 -0.702765469383914E+001
  0.255074069833756E-001  0.115027838082658E+000 -0.693147180559945E+000 -0.622294435235003E+001 -0.622294435235003E+001
 -0.235891489180157E-001  0.130815081853454E+000 -0.693147180559945E+000 -0.590852991072891E+001 -0.590852991072891E+001
  0.309036732697630E-001  0.124886546760360E+000 -0.693147180559945E+000 -0.686754502296898E+001 -0.686754502296898E+001
  0.782307103605184E-002  0.140093428213134E+000 -0.693147180559945E+000 -0.572955882551593E+001 -0.572955882551593E+001
 -0.440071183187474E-002  0.149982682193218E+000 -0.693147180559945E+000 -0.649222230173039E+001 -0.649222230173039E+001
 -0.231407815847119E-001  0.117577453978516E+000 -0.693147180559945E+000 -0.686573442376883E+001 -0.686573442376883E+001
  0.868708347274305E-002  0.153196289243192E+000 -0.693147180559945E+000 -0.560366973984126E+001 -0.560366973984126E+001
  0.632013852166429E-001  0.125706026212672E+000 -0.693147180559945E+000 -0.490115329723294E+001 -0.490115329723294E+001
  0.286872159532878E-001  0.123818484192990E+000 -0.693147180559945E+000 -0.684049729789069E+001 -0.684049729789069E+001
  0.348861147090145E-001  0.123740321897261E+000 -0.693147180559945E+000 -0.569180452407246E+001 -0.569180452407246E+001
 -0.107976282509051E-001  0.132093475781702E+000 -0.693147180559945E+000 -0.547901026931234E+001 -0.547901026931234E+001
  0.587475273140270E-002  0.130104690409732E+000 -0.693147180559945E+000 -0.641039535781839E+001 -0.641039535781839E+001
  0.336215000443423E-001  0.124795209989588E+000 -0.693147180559945E+000 -0.683359337712962E+001 -0.683359337712962E+001
  0.566233851456999E-002  0.111927149195357E+000 -0.693147180559945E+000 -0.700027483080057E+001 -0.700027483080057E+001
  0.213456687719369E-001  0.104604689846773E+000 -0.693147180559945E+000 -0.597329700286610E+001 -0.597329700286610E+001
  0.757289616557544E-002  0.141020084288093E+000 -0.693147180559945E+000 -0.468614280912796E+001 -0.468614280912796E+001
 -0.136439985413561E-001  0.134497719424516E+000 -0.693147180559945E+000 -0.669212118501717E+001 -0.669212118501717E+001
  0.243434929707509E-002  0.116052157934855E+000 -0.693147180559945E+000 -0.673087099122215E+001 -0.673087099122215E+001
  0.801937597958435E-004  0.168174552907870E+000 -0.693147180559945E+000 -0.570302722879181E+001 -0.570302722879181E+001
  0.148473166417433E-001  0.102203545641271E+000 -0.693147180559945E+000 -0.704707558070615E+001 -0.704707558070615E+001
  0.941204108113980E-002  0.950599850326505E-001 -0.693147180559945E+000 -0.705386169361212E+001 -0.705386169361212E+001
  0.397881698733293E-002  0.125563730948574E+000 -0.693147180559945E+000 -0.544866134562573E+001 -0.544866134562573E+001
 -0.237104368696424E-001  0.130816241757147E+000 -0.693147180559945E+000 -0.641586501147513E+001 -0.641586501147513E+001
  0.941204108113980E-002  0.950599850326505E-001 -0.693147180559945E+000 -0.565309170213559E+001 -0.565309170213559E+001
 -0.716581629746171E-002  0.131084890922750E+000 -0.693147180559945E+000 -0.711663363334662E+001 -0.711663363334662E+001
 -0.643262080155338E-002  0.133050888291805E+000 -0.693147180559945E+000 -0.665989976388596E+001 -0.665989976388596E+001
  0.459048456385136E-002  0.140589037831600E+000 -0.693147180559945E+000 -0.635027384664595E+001 -0.635027384664595E+001
 -0.856296809957036E-002  0.125654024784346E+000 -0.693147180559945E+000 -0.694696724725468E+001 -0.694696724725468E+001
  0.403374123445377E-002  0.125587955423899E+000 -0.693147180559945E+000 -0.557473080469418E+001 -0.557473080469418E+001
  0.200570396543827E-001  0.113458407264837E+000 -0.693147180559945E+000 -0.690559450510649E+001 -0.690559450510649E+001
  0.460149065614868E-003  0.115623300412322E+000 -0.693147180559945E+000 -0.704644624288122E+001 -0.704644624288122E+001
  0.311374333287473E-001  0.125404052727743E+000 -0.693147180559945E+000 -0.588063655111338E+001 -0.588063655111338E+001
  0.329734823130412E-002  0.921720986041286E-001 -0.693147180559945E+000 -0.612413705707320E+001 -0.612413705707320E+001
  0.205298719433362E-001  0.109730194852249E+000 -0.693147180559945E+000 -0.449747435652228E+001 -0.449747435652228E+001
 -0.704556105851362E-002  0.147438469659092E+000 -0.693147180559945E+000 -0.540207893347048E+001 -0.540207893347048E+001
  0.645106269457796E-002  0.138703419860716E+000 -0.693147180559945E+000 -0.676603224108477E+001 -0.676603224108477E+001
 -0.309571781995239E-001  0.165394447285530E+000 -0.693147180559945E+000 -0.690966607410864E+001 -0.690966607410864E+001
  0.122718028094870E-002  0.107941107991962E+000 -0.693147180559945E+000 -0.558268342417540E+001 -0.558268342417540E+001
  0.913302160308582E-002  0.995762891547285E-001 -0.693147180559945E+000 -0.693094194792507E+001 -0.693094194792507E+001
  0.469609662488599E-001  0.966632669700681E-001 -0.693147180559945E+000 -0.654534943463379E+001 -0.654534943463379E+001
 -0.243110023201939E-001  0.114242024325232E+000 -0.693147180559945E+000 -0.581869806097605E+001 -0.581869806097605E+001
  0.267334216472164E-001  0.135194131090836E+000 -0.693147180559945E+000 -0.548877228102910E+001 -0.548877228102910E+001
  0.462198423782390E-002  0.965659557424342E-001 -0.693147180559945E+000 -0.574063441421887E+001 -0.574063441421887E+001
  0.175586627076700E-001  0.111167718119225E+000 -0.693147180559945E+000 -0.699309824548200E+001 -0.699309824548200E+001
  0.189749731985347E-001  0.110182505533380E+000 -0.693147180559945E+000 -0.430687885672631E+001 -0.430687885672631E+001
  0.460810106212306E-002  0.140602313496457E+000 -0.693147180559945E+000 -0.589118393662575E+001 -0.589118393662575E+001
 -0.606196369843037E-002  0.133588969438072E+000 -0.693147180559945E+000 -0.561749410326417E+001 -0.561749410326417E+001
 -0.699914590766537E-002  0.133165736864349E+000 -0.693147180559945E+000 -0.672349652825761E+001 -0.672349652825761E+001
 -0.243110287825238E-001  0.114241413917425E+000 -0.693147180559945E+000 -0.641520874727382E+001 -0.641520874727382E+001
  0.448507375216667E-002  0.140038902030027E+000 -0.693147180559945E+000 -0.548626103315901E+001 -0.548626103315901E+001
  0.144351005348917E-001  0.120003326271067E+000 -0.693147180559945E+000 -0.677535452867898E+001 -0.677535452867898E+001
 -0.322388686822906E-001  0.101066597923314E+000 -0.693147180559945E+000 -0.560037114882581E+001 -0.560037114882581E+001
  0.512888015318835E-002  0.112159171300829E+000 -0.693147180559945E+000 -0.698663674844944E+001 -0.698663674844944E+001
  0.349907697040939E-001  0.171710717539471E+000 -0.693147180559945E+000 -0.514001712828627E+001 -0.514001712828627E+001
  0.336363114225420E-001  0.172999337896598E+000 -0.693147180559945E+000 -0.586707471953182E+001 -0.586707471953182E+001
  0.377460248485886E-001  0.122634648523967E+000 -0.693147180559945E+000 -0.610155387481400E+001 -0.610155387481400E+001
 -0.236958219373183E-001  0.130832031043724E+000 -0.693147180559945E+000 -0.627813273549960E+001 -0.627813273549960E+001
  0.263518885629930E-001  0.168072063507557E+000 -0.693147180559945E+000 -0.485665816137632E+001 -0.485665816137632E+001
 -0.309571781995236E-001  0.165394447285530E+000 -0.693147180559945E+000 -0.476473071424646E+001 -0.476473071424646E+001
  0.921454597172433E-002  0.995520952205802E-001 -0.693147180559945E+000 -0.578963508620044E+001 -0.578963508620044E+001
  0.379298150287717E-001  0.995129666028846E-001 -0.693147180559945E+000 -0.625069164710021E+001 -0.625069164710021E+001
  0.348869468857498E-001  0.123743047268639E+000 -0.693147180559945E+000 -0.466309235527282E+001 -0.466309235527282E+001
  0.151759862334777E-001  0.187316509471241E+000 -0.693147180559945E+000 -0.647633149491819E+001 -0.647633149491819E+001
 -0.703436671244673E-002  0.130127858469461E+000 -0.693147180559945E+000 -0.685376990762786E+001 -0.685376990762786E+001
 -0.309168084160844E-001  0.165385412537425E+000 -0.693147180559945E+000 -0.519295272576820E+001 -0.519295272576820E+001
  0.448229263066002E-002  0.151343942427839E+000 -0.693147180559945E+000 -0.672859685576657E+001 -0.672859685576657E+001
  0.469609662488601E-001  0.966632669700678E-001 -0.693147180559945E+000 -0.565268714113177E+001 -0.565268714113177E+001
 -0.656775952125310E-002  0.153734042940735E+000 -0.693147180559945E+000 -0.569037002616938E+001 -0.569037002616938E+001
  0.865236659278912E-002  0.132534762933855E+000 -0.693147180559945E+000 -0.627747571756338E+001 -0.627747571756338E+001
 -0.706408579526074E-002  0.133165678263673E+000 -0.693147180559945E+000 -0.669977020307263E+001 -0.669977020307263E+001
  0.300804893730453E-001  0.174809561819902E+000 -0.693147180559945E+000 -0.662825038445134E+001 -0.662825038445134E+001
  0.225401123746343E-001  0.973125325614887E-001 -0.693147180559945E+000 -0.665068157563975E+001 -0.665068157563975E+001
 -0.315245174444657E-001  0.134039415843798E+000 -0.693147180559945E+000 -0.679675336811920E+001 -0.679675336811920E+001
  0.801937214955917E-004  0.168174552337985E+000 -0.693147180559945E+000 -0.331661867471002E+001 -0.331661867471002E+001
 -0.192294613986099E-002  0.129153128639116E+000 -0.693147180559945E+000 -0.706374267692410E+001 -0.706374267692410E+001
  0.104762109793375E-001  0.994165043569578E-001 -0.693147180559945E+000 -0.680683944287539E+001 -0.680683944287539E+001
  0.277784341071061E-001  0.134030977066998E+000 -0.693147180559945E+000 -0.706785680209673E+001 -0.706785680209673E+001
 -0.203557427542557E-001  0.142945499768306E+000 -0.693147180559945E+000 -0.706255238864140E+001 -0.706255238864140E+001
 -0.194488853725450E-002  0.160780385532204E+000 -0.693147180559945E+000 -0.499408738786241E+001 -0.499408738786241E+001
  0.203788766429434E-001  0.105353789553018E+000 -0.693147180559945E+000 -0.647737962073110E+001 -0.647737962073110E+001
 -0.148013790125534E-001  0.131107638484600E+000 -0.693147180559945E+000 -0.542660115689906E+001 -0.542660115689906E+001
 -0.846499777348316E-001  0.129139058110932E+000 -0.693147180559945E+000 -0.554553932595192E+001 -0.554553932595192E+001
  0.265350361296748E-001  0.123012906738504E+000 -0.693147180559945E+000 -0.674242143108741E+001 -0.674242143108741E+001
 -0.703643337413817E-002  0.133129130756629E+000 -0.693147180559945E+000 -0.661373392948807E+001 -0.661373392948807E+001
 -0.656769730332507E-002  0.153734484251070E+000 -0.693147180559945E+000 -0.561917459561507E+001 -0.561917459561507E+001
  0.231947555150362E-001  0.119573724431930E+000 -0.693147180559945E+000 -0.639050407455592E+001 -0.639050407455592E+001
 -0.112660925581859E-001  0.118262897724117E+000 -0.693147180559945E+000 -0.649062021710014E+001 -0.649062021710014E+001
 -0.100302506912006E-001  0.104353945061478E+000 -0.693147180559945E+000 -0.604242420707479E+001 -0.604242420707479E+001
  0.774555895226947E-002  0.140066979891974E+000 -0.693147180559945E+000 -0.670845759529673E+001 -0.670845759529673E+001
  0.411572118608934E-001  0.108777730506292E+000 -0.693147180559945E+000 -0.462845925557514E+001 -0.462845925557514E+001
  0.774555838850288E-002  0.140066981640274E+000 -0.693147180559945E+000 -0.585866659738118E+001 -0.585866659738118E+001
  0.648000979580197E-001  0.133717906663115E+000 -0.693147180559945E+000 -0.556989786654537E+001 -0.556989786654537E+001
  0.144354262174291E-001  0.120003302192082E+000 -0.693147180559945E+000 -0.610357356466146E+001 -0.610357356466146E+001
  0.810833885212681E-002  0.956229426854538E-001 -0.693147180559945E+000 -0.576279762158675E+001 -0.576279762158675E+001
  0.189749731985351E-001  0.110182505533380E+000 -0.693147180559945E+000 -0.566694810260000E+001 -0.566694810260000E+001
  0.337479757557362E-001  0.125016839665128E+000 -0.693147180559945E+000 -0.657383429342166E+001 -0.657383429342166E+001
  0.334637026888012E-001  0.133462504563210E+000 -0.693147180559945E+000 -0.453179866581046E+001 -0.453179866581046E+001
  0.131002516727219E-001  0.982699666399055E-001 -0.693147180559945E+000 -0.621982534456394E+001 -0.621982534456394E+001
 -0.703438604337159E-002  0.130127850953285E+000 -0.693147180559945E+000 -0.638136084114535E+001 -0.638136084114535E+001
  0.801153756767776E-001  0.123981835263610E+000 -0.693147180559945E+000 -0.676630950506802E+001 -0.676630950506802E+001
  0.151157389473651E-001  0.138749855484171E+000 -0.693147180559945E+000 -0.592606613917312E+001 -0.592606613917312E+001
  0.512888015310020E-002  0.112159171300878E+000 -0.693147180559945E+000 -0.543095260991907E+001 -0.543095260991907E+001
 -0.243429136428172E-001  0.130846012903559E+000 -0.693147180559945E+000 -0.710921516034782E+001 -0.710921516034782E+001
  0.619745657092552E-002  0.158670948776758E+000 -0.693147180559945E+000 -0.563947438293084E+001 -0.563947438293084E+001
 -0.192291446221093E-002  0.129153138271636E+000 -0.693147180559945E+000 -0.645079956096294E+001 -0.645079956096294E+001
  0.152428234335855E-002  0.111818856820394E+000 -0.693147180559945E+000 -0.698832829206567E+001 -0.698832829206567E+001
  0.322228940466176E-001  0.134222806978015E+000 -0.693147180559945E+000 -0.604882480838956E+001 -0.604882480838956E+001
  0.108216651056912E+000  0.108913014181304E+000 -0.693147180559945E+000 -0.592757206038853E+001 -0.592757206038853E+001
 -0.716610258419048E-002  0.131085077416479E+000 -0.693147180559945E+000 -0.702664812820821E+001 -0.702664812820821E+001
 -0.316298374702536E-001  0.107853914297063E+000 -0.693147180559945E+000 -0.611505084619017E+001 -0.611505084619017E+001
  0.448707338681009E-002  0.151339632117580E+000 -0.693147180559945E+000 -0.703314384595020E+001 -0.703314384595020E+001
  0.667239492727290E-002  0.112008709354210E+000 -0.693147180559945E+000 -0.681629766568640E+001 -0.681629766568640E+001
  0.256775728656782E-001  0.130493073403372E+000 -0.693147180559945E+000 -0.598498414256894E+001 -0.598498414256894E+001
  0.168686507766727E-001  0.138118551399339E+000 -0.693147180559945E+000 -0.688355863063712E+001 -0.688355863063712E+001
 -0.102010989422641E-002  0.154556800090753E+000 -0.693147180559945E+000 -0.574611992128523E+001 -0.574611992128523E+001
  0.151757752789707E-001  0.187322902217309E+000 -0.693147180559945E+000 -0.482837825724106E+001 -0.482837825724106E+001
  0.322254037583483E-001  0.134225424843669E+000 -0.693147180559945E+000 -0.660924317884522E+001 -0.660924317884522E+001
 -0.315447382226997E-003  0.130137092248054E+000 -0.693147180559945E+000 -0.499040251793568E+001 -0.499040251793568E+001
  0.189749717672494E-001  0.110182505116640E+000 -0.693147180559945E+000 -0.649615682644339E+001 -0.649615682644339E+001
 -0.192291451826687E-002  0.129153138426465E+000 -0.693147180559945E+000 -0.554188969988329E+001 -0.554188969988329E+001
  0.302872191265602E-001  0.132630792472561E+000 -0.693147180559945E+000 -0.513581041609735E+001 -0.513581041609735E+001
 -0.894172794935866E-003  0.117148478790996E+000 -0.693147180559945E+000 -0.699655052221383E+001 -0.699655052221383E+001
  0.200682595405619E-001  0.113455568155004E+000 -0.693147180559945E+000 -0.707790073987204E+001 -0.707790073987204E+001
  0.200570396406983E-001  0.113458407165268E+000 -0.693147180559945E+000 -0.625136881486527E+001 -0.625136881486527E+001
  0.174493611233835E-001  0.138219168353295E+000 -0.693147180559945E+000 -0.706848526926426E+001 -0.706848526926426E+001
  0.632013790692465E-001  0.125706025320717E+000 -0.693147180559945E+000 -0.562051659510945E+001 -0.562051659510945E+001
  0.272693291881481E-001  0.135207396189208E+000 -0.693147180559945E+000 -0.700354449464150E+001 -0.700354449464150E+001
 -0.706408579594009E-002  0.133165678263126E+000 -0.693147180559945E+000 -0.709925649552487E+001 -0.709925649552487E+001
  0.810828739924641E-002  0.956228727779556E-001 -0.693147180559945E+000 -0.559855142600981E+001 -0.559855142600981E+001
 -0.643261854129573E-002  0.133050885702900E+000 -0.693147180559945E+000 -0.700445889129969E+001 -0.700445889129969E+001
  0.847459876926759E-002  0.960358372821389E-001 -0.693147180559945E+000 -0.581300571753702E+001 -0.581300571753702E+001
 -0.424362535667804E-001  0.165371395377643E+000 -0.693147180559945E+000 -0.655625032679168E+001 -0.655625032679168E+001
  0.286010684633613E-001  0.132832212819890E+000 -0.693147180559945E+000 -0.683388668102123E+001 -0.683388668102123E+001
 -0.218840220074604E-001  0.166129741675649E+000 -0.693147180559945E+000 -0.588252083617085E+001 -0.588252083617085E+001
 -0.190889568135477E-002  0.129184160954621E+000 -0.693147180559945E+000 -0.630907426836600E+001 -0.630907426836600E+001
 -0.482906502625446E-001  0.192005070420243E+000 -0.693147180559945E+000 -0.549786135710011E+001 -0.549786135710011E+001
 -0.257064164297527E-002  0.927700798906775E-001 -0.693147180559945E+000 -0.699633224992733E+001 -0.699633224992733E+001
 -0.706408581481444E-002  0.133165678142186E+000 -0.693147180559945E+000 -0.643903824037984E+001 -0.643903824037984E+001
 -0.804645865725262E-002  0.119680838078715E+000 -0.693147180559945E+000 -0.684950942759397E+001 -0.684950942759397E+001
  0.203265499283365E-001  0.105419099450224E+000 -0.693147180559945E+000 -0.695852411843074E+001 -0.695852411843074E+001
 -0.796151116745614E-002  0.159283530006230E+000 -0.693147180559945E+000 -0.632983402723581E+001 -0.632983402723581E+001
 -0.112390386485380E+000  0.163745216094087E+000 -0.693147180559945E+000 -0.560389314631434E+001 -0.560389314631434E+001
 -0.167987814628962E+000  0.165911638145725E+000 -0.693147180559945E+000 -0.567507277147007E+001 -0.567507277147007E+001
