  0.338225652869594E+000  0.000000000000000E+000 -0.886302815446307E+002 -0.886302815446307E+002
  0.333168319486814E+000  0.000000000000000E+000 -0.875241593045500E+002 -0.875241593045500E+002
  0.333168319486934E+000  0.000000000000000E+000 -0.753898706065450E+002 -0.753898706065450E+002
  0.338838694738004E+000  0.000000000000000E+000 -0.771604740656881E+002 -0.771604740656881E+002
  0.335347022113277E+000  0.000000000000000E+000 -0.861607294663336E+002 -0.861607294663336E+002
  0.333627177509316E+000  0.000000000000000E+000 -0.843310835562342E+002 -0.843310835562342E+002
  0.335347080808874E+000  0.000000000000000E+000 -0.849286780580267E+002 -0.849286780580267E+002
  0.333168319486813E+000  0.000000000000000E+000 -0.884668584912829E+002 -0.884668584912829E+002
  0.333168319475729E+000  0.000000000000000E+000 -0.814320871672995E+002 -0.814320871672995E+002
  0.333627177669787E+000  0.000000000000000E+000 -0.850712055735303E+002 -0.850712055735303E+002
  0.338838690401668E+000  0.000000000000000E+000 -0.823952183246453E+002 -0.823952183246453E+002
  0.333168207896550E+000  0.000000000000000E+000 -0.672301636803610E+002 -0.672301636803610E+002
  0.338847914118125E+000  0.000000000000000E+000 -0.776965506191096E+002 -0.776965506191096E+002
  0.333168103725605E+000  0.000000000000000E+000 -0.869254972117041E+002 -0.869254972117041E+002
  0.333605499684585E+000  0.000000000000000E+000 -0.883901319540264E+002 -0.883901319540264E+002
  0.332852005189560E+000  0.000000000000000E+000 -0.777744172543120E+002 -0.777744172543120E+002
  0.341759738935048E+000  0.000000000000000E+000 -0.789252031735313E+002 -0.789252031735313E+002
