  0.302403634903180E+000  0.000000000000000E+000 -0.855095691906513E+002 -0.855095691906513E+002
  0.302001950655087E+000  0.000000000000000E+000 -0.860667681752101E+002 -0.860667681752101E+002
  0.305928946945527E+000  0.000000000000000E+000 -0.848082471474483E+002 -0.848082471474483E+002
  0.307888197658490E+000  0.000000000000000E+000 -0.593118842162381E+002 -0.593118842162381E+002
  0.303991253643576E+000  0.000000000000000E+000 -0.868445523076019E+002 -0.868445523076019E+002
  0.303992191745789E+000  0.000000000000000E+000 -0.787528574436347E+002 -0.787528574436347E+002
  0.304733613023455E+000  0.000000000000000E+000 -0.886155201994493E+002 -0.886155201994493E+002
  0.304732493461189E+000  0.000000000000000E+000 -0.856405805122437E+002 -0.856405805122437E+002
  0.305549608074718E+000  0.000000000000000E+000 -0.782974913653269E+002 -0.782974913653269E+002
  0.305577665911505E+000  0.000000000000000E+000 -0.869849844467559E+002 -0.869849844467559E+002
  0.303992563330820E+000  0.000000000000000E+000 -0.823065325773557E+002 -0.823065325773557E+002
  0.307737214372775E+000  0.000000000000000E+000 -0.835649065562981E+002 -0.835649065562981E+002
  0.305577667033355E+000  0.000000000000000E+000 -0.788996838879802E+002 -0.788996838879802E+002
  0.305469567874771E+000  0.000000000000000E+000 -0.882994735873350E+002 -0.882994735873350E+002
  0.303577143790752E+000  0.000000000000000E+000 -0.846335320801682E+002 -0.846335320801682E+002
  0.303577143773695E+000  0.000000000000000E+000 -0.789990883667389E+002 -0.789990883667389E+002
  0.299998206095416E+000  0.000000000000000E+000 -0.841960074090424E+002 -0.841960074090424E+002
  0.301621576304338E+000  0.000000000000000E+000 -0.777266052835160E+002 -0.777266052835160E+002
  0.302403469368564E+000  0.000000000000000E+000 -0.861946387231297E+002 -0.861946387231297E+002
  0.304732516079336E+000  0.000000000000000E+000 -0.874780126465342E+002 -0.874780126465342E+002
  0.305577665930382E+000  0.000000000000000E+000 -0.861522918309549E+002 -0.861522918309549E+002
  0.305577665911493E+000  0.000000000000000E+000 -0.773668045649904E+002 -0.773668045649904E+002
  0.301621576304287E+000  0.000000000000000E+000 -0.844327495236500E+002 -0.844327495236500E+002
  0.303971105819104E+000  0.000000000000000E+000 -0.841265122695077E+002 -0.841265122695077E+002
  0.304002436956726E+000  0.000000000000000E+000 -0.863736871878490E+002 -0.863736871878490E+002
  0.305547443784029E+000  0.000000000000000E+000 -0.856962201270950E+002 -0.856962201270950E+002
  0.301096244599802E+000  0.000000000000000E+000 -0.855643121478288E+002 -0.855643121478288E+002
  0.303992192758060E+000  0.000000000000000E+000 -0.825108386625353E+002 -0.825108386625353E+002
  0.302001951568538E+000  0.000000000000000E+000 -0.806910635815953E+002 -0.806910635815953E+002
  0.303577247610927E+000  0.000000000000000E+000 -0.885543843555268E+002 -0.885543843555268E+002
  0.303992192758067E+000  0.000000000000000E+000 -0.776995511706324E+002 -0.776995511706324E+002
  0.305554913019338E+000  0.000000000000000E+000 -0.868990358359423E+002 -0.868990358359423E+002
  0.305577665994344E+000  0.000000000000000E+000 -0.815353778389589E+002 -0.815353778389589E+002
  0.303510604308579E+000  0.000000000000000E+000 -0.846306534642401E+002 -0.846306534642401E+002
  0.302001950655087E+000  0.000000000000000E+000 -0.875522929078428E+002 -0.875522929078428E+002
  0.303577233580275E+000  0.000000000000000E+000 -0.733064549509535E+002 -0.733064549509535E+002
  0.303577143773696E+000  0.000000000000000E+000 -0.860611622197916E+002 -0.860611622197916E+002
  0.303576934040186E+000  0.000000000000000E+000 -0.867345941910671E+002 -0.867345941910671E+002
  0.305549608074723E+000  0.000000000000000E+000 -0.874519716535948E+002 -0.874519716535948E+002
  0.305577665911493E+000  0.000000000000000E+000 -0.752907617685482E+002 -0.752907617685482E+002
  0.302001951568538E+000  0.000000000000000E+000 -0.881724876873693E+002 -0.881724876873693E+002
  0.305577665885817E+000  0.000000000000000E+000 -0.757975230570214E+002 -0.757975230570214E+002
  0.302403473851415E+000  0.000000000000000E+000 -0.861578379994884E+002 -0.861578379994884E+002
  0.299996833968037E+000  0.000000000000000E+000 -0.640195107022128E+002 -0.640195107022128E+002
  0.303986537725401E+000  0.000000000000000E+000 -0.886590468747909E+002 -0.886590468747909E+002
  0.305928946945336E+000  0.000000000000000E+000 -0.878599085968446E+002 -0.878599085968446E+002
  0.301979203567652E+000  0.000000000000000E+000 -0.854074250776538E+002 -0.854074250776538E+002
  0.303577247610926E+000  0.000000000000000E+000 -0.838902927613346E+002 -0.838902927613346E+002
  0.302001951568510E+000  0.000000000000000E+000 -0.836201068650171E+002 -0.836201068650171E+002
  0.305577153627326E+000  0.000000000000000E+000 -0.887005829341588E+002 -0.887005829341588E+002
  0.304733859172380E+000  0.000000000000000E+000 -0.808015085255465E+002 -0.808015085255465E+002
  0.302001951568527E+000  0.000000000000000E+000 -0.863088494600446E+002 -0.863088494600446E+002
  0.305577666561238E+000  0.000000000000000E+000 -0.774328399943869E+002 -0.774328399943869E+002
  0.304732493461572E+000  0.000000000000000E+000 -0.692359642318077E+002 -0.692359642318077E+002
  0.301621576300601E+000  0.000000000000000E+000 -0.876531483979930E+002 -0.876531483979930E+002
  0.305577665994336E+000  0.000000000000000E+000 -0.777769781504294E+002 -0.777769781504294E+002
