  0.292337311198698E+000  0.000000000000000E+000 -0.788864200097114E+002 -0.788864200097114E+002
  0.293446526934990E+000  0.000000000000000E+000 -0.835315679720992E+002 -0.835315679720992E+002
  0.291509934869185E+000  0.000000000000000E+000 -0.870061226595484E+002 -0.870061226595484E+002
  0.292215674099980E+000  0.000000000000000E+000 -0.746002895604689E+002 -0.746002895604689E+002
  0.292000259755513E+000  0.000000000000000E+000 -0.734079021763133E+002 -0.734079021763133E+002
  0.293446564004723E+000  0.000000000000000E+000 -0.819682034402873E+002 -0.819682034402873E+002
  0.292341966055364E+000  0.000000000000000E+000 -0.709325091434984E+002 -0.709325091434984E+002
  0.292341966055288E+000  0.000000000000000E+000 -0.867623186286460E+002 -0.867623186286460E+002
  0.292341966055430E+000  0.000000000000000E+000 -0.866525774814703E+002 -0.866525774814703E+002
  0.292339722378575E+000  0.000000000000000E+000 -0.678085980095246E+002 -0.678085980095246E+002
  0.292215674099980E+000  0.000000000000000E+000 -0.822328013101472E+002 -0.822328013101472E+002
  0.292340105141257E+000  0.000000000000000E+000 -0.781357131784739E+002 -0.781357131784739E+002
