  0.260442685867110E+000  0.000000000000000E+000 -0.772860222784914E+002 -0.772860222784914E+002
  0.260442698815644E+000  0.000000000000000E+000 -0.842718374024883E+002 -0.842718374024883E+002
  0.260372535902452E+000  0.000000000000000E+000 -0.712493213750444E+002 -0.712493213750444E+002
  0.260381501691318E+000  0.000000000000000E+000 -0.768130620457025E+002 -0.768130620457025E+002
  0.260366973051090E+000  0.000000000000000E+000 -0.825927494669195E+002 -0.825927494669195E+002
  0.260228596825613E+000  0.000000000000000E+000 -0.797379374234759E+002 -0.797379374234759E+002
  0.260532785127691E+000  0.000000000000000E+000 -0.843070352425770E+002 -0.843070352425770E+002
  0.260493890132344E+000  0.000000000000000E+000 -0.824021577906869E+002 -0.824021577906869E+002
  0.260442698815644E+000  0.000000000000000E+000 -0.877124839569821E+002 -0.877124839569821E+002
  0.260442853917842E+000  0.000000000000000E+000 -0.774022965500522E+002 -0.774022965500522E+002
  0.260228585419532E+000  0.000000000000000E+000 -0.812099338645634E+002 -0.812099338645634E+002
