  0.572301096139262E+000  0.134812281083007E-001  0.107470153924375E+001  0.100050033358353E-002 -0.857011603019995E+001 -0.857011603019995E+001
  0.848099858877034E+000  0.251546075113848E-001  0.694372878341844E+000  0.100050033358353E-002 -0.871145804810329E+001 -0.871145804810329E+001
  0.428078853721463E+000  0.518679531777999E-002  0.118439104510616E+001  0.100050033358353E-002 -0.845113729323827E+001 -0.845113729323827E+001
  0.444377980860654E+000  0.252788508509110E-001  0.117403514398462E+001  0.100050033358353E-002 -0.877738364359279E+001 -0.877738364359279E+001
  0.522361581670036E+000  0.557040998226993E-002  0.111753073768326E+001  0.100050033358353E-002 -0.845429361198530E+001 -0.845429361198530E+001
  0.916388944739957E+000  0.549282138415275E-002  0.524595576819907E+000  0.100050033358353E-002 -0.843736327008871E+001 -0.843736327008871E+001
  0.806261666775357E+000  0.766524033799321E-002  0.775262997177918E+000  0.100050033358353E-002 -0.847048939843713E+001 -0.847048939843713E+001
  0.981010078920328E+000  0.205619176793762E-001  0.254188481201216E+000  0.100050033358353E-002 -0.861868339468021E+001 -0.861868339468021E+001
  0.353814675577677E+000  0.373204464749910E-002  0.122577030961834E+001  0.100050033358353E-002 -0.843069341779407E+001 -0.843069341779407E+001
  0.124654028456657E+000  0.238238184544876E-001  0.130032012453020E+001  0.100050033358353E-002 -0.877192350244945E+001 -0.877192350244945E+001
  0.370921731361599E+000  0.203487286025691E-001  0.121705334827301E+001  0.100050033358353E-002 -0.869842533623467E+001 -0.869842533623467E+001
  0.754321080162626E+000  0.223963846749039E-001  0.860378267028305E+000  0.100050033358353E-002 -0.868636330734849E+001 -0.868636330734849E+001
  0.561095029740043E-001  0.169021373523852E-001  0.130847739956074E+001  0.100050033358353E-002 -0.865014220716074E+001 -0.865014220716074E+001
  0.962939672913735E+000  0.623737083959652E-002  0.353475277415286E+000  0.100050033358353E-002 -0.844336206923713E+001 -0.844336206923713E+001
  0.382839765196409E+000  0.574598987902308E-002  0.121069804560484E+001  0.100050033358353E-002 -0.846056695983900E+001 -0.846056695983900E+001
  0.142010030440635E-002  0.836175704204545E-002  0.131054067852422E+001  0.100050033358353E-002 -0.860833313905187E+001 -0.860833313905187E+001
  0.497476172439490E+000  0.276893026900185E-001  0.113686588275763E+001  0.100050033358353E-002 -0.881463900429842E+001 -0.881463900429842E+001
  0.970066330186017E+000  0.226621525325454E-001  0.318252152685618E+000  0.100050033358353E-002 -0.864955316971719E+001 -0.864955316971719E+001
  0.819829966260612E+000  0.303342178579266E-001  0.750425580180311E+000  0.100050033358353E-002 -0.879937287023182E+001 -0.879937287023182E+001
  0.428616616783174E+000  0.795193650147119E-002  0.118405696126482E+001  0.100050033358353E-002 -0.849291136578644E+001 -0.849291136578644E+001
  0.114071138397429E+000  0.123994411368092E-001  0.130198754732898E+001  0.100050033358353E-002 -0.857312243379231E+001 -0.857312243379231E+001
  0.583807476118853E-001  0.733883897669717E-003  0.130830672593611E+001  0.100050033358353E-002 -0.838644182827685E+001 -0.838644182827685E+001
  0.864169901353009E+000  0.261423739713263E-001  0.659464918786789E+000  0.100050033358353E-002 -0.872307009585288E+001 -0.872307009585288E+001
  0.106864690397121E+000  0.233727265699828E-001  0.130303727689348E+001  0.100050033358353E-002 -0.876505014024396E+001 -0.876505014024396E+001
  0.470746009584882E+000  0.345632463694996E-001  0.115625028724324E+001  0.100050033358353E-002 -0.894326675452722E+001 -0.894326675452722E+001
  0.690136855336068E+000  0.187832222951419E-001  0.948411566344401E+000  0.100050033358353E-002 -0.863994042100498E+001 -0.863994042100498E+001
  0.743279881323373E+000  0.182156638528492E-001  0.876727148844290E+000  0.100050033358353E-002 -0.862451607933446E+001 -0.862451607933446E+001
  0.835364772967494E+000  0.139175331543678E-001  0.720399699605631E+000  0.100050033358353E-002 -0.855127023848619E+001 -0.855127023848619E+001
  0.258886058089119E+000  0.230357080633834E-001  0.126586282878000E+001  0.100050033358353E-002 -0.875320487775734E+001 -0.875320487775734E+001
  0.193989973253240E+000  0.248434802025792E-001  0.128564630443706E+001  0.100050033358353E-002 -0.878994382172387E+001 -0.878994382172387E+001
  0.399950231368303E-001  0.230249337932653E-001  0.130949340777895E+001  0.100050033358353E-002 -0.876100114185818E+001 -0.876100114185818E+001
  0.149852768889093E-002  0.123583002566162E-001  0.131054052853229E+001  0.100050033358353E-002 -0.872119824191887E+001 -0.872119824191887E+001
  0.666890905075226E+000  0.213938410744392E-001  0.976557404767021E+000  0.100050033358353E-002 -0.868404727050371E+001 -0.868404727050371E+001
  0.286338900826709E-001  0.258735265316361E-001  0.131000463335979E+001  0.100050033358353E-002 -0.880438014029694E+001 -0.880438014029694E+001
  0.985765348206628E-002  0.154320185272079E-002  0.131047832358650E+001  0.100050033358353E-002 -0.839965476666813E+001 -0.839965476666813E+001
  0.735066816322428E+000  0.231154410985254E-001  0.888540493704020E+000  0.100050033358353E-002 -0.870100920543522E+001 -0.870100920543522E+001
  0.612960077330685E+000  0.472303915580242E-002  0.103547742471380E+001  0.100050033358353E-002 -0.843958269661195E+001 -0.843958269661195E+001
  0.441095105095009E+000  0.178023044097740E-001  0.117615950277420E+001  0.100050033358353E-002 -0.865005131807385E+001 -0.865005131807385E+001
  0.870247881820893E+000  0.357684106087113E-001  0.645591431484664E+000  0.100050033358353E-002 -0.887497757819155E+001 -0.887497757819155E+001
  0.301604241934218E+000  0.320662009823603E-001  0.124951426268089E+001  0.100050033358353E-002 -0.891885385535504E+001 -0.891885385535504E+001
  0.364363354199583E+000  0.119934771579766E-001  0.122045123261651E+001  0.100050033358353E-002 -0.855901469202699E+001 -0.855901469202699E+001
  0.572938139745588E+000  0.184735288630398E-002  0.107411840675213E+001  0.100050033358353E-002 -0.840056217446223E+001 -0.840056217446223E+001
  0.782602175262447E+000  0.295449665312565E-001  0.815841431961798E+000  0.100050033358353E-002 -0.879474445491237E+001 -0.879474445491237E+001
  0.826880934078663E+000  0.160554185247678E-001  0.737018714137912E+000  0.100050033358353E-002 -0.858184952882238E+001 -0.858184952882238E+001
  0.517546841505550E-001  0.215108675490228E-001  0.130878564870538E+001  0.100050033358353E-002 -0.873661982229640E+001 -0.873661982229640E+001
  0.608141651653114E+000  0.222332008323417E-001  0.104034562645985E+001  0.100050033358353E-002 -0.870565327968004E+001 -0.870565327968004E+001
  0.919041785007207E+000  0.116792462264867E-001  0.516563387350718E+000  0.100050033358353E-002 -0.851240733719316E+001 -0.851240733719316E+001
  0.945206563352476E+000  0.767395009007735E-002  0.427856443620685E+000  0.100050033358353E-002 -0.846119251002924E+001 -0.846119251002924E+001
  0.897675410127136E+000  0.330689072969560E-001  0.577499902245218E+000  0.100050033358353E-002 -0.882332324227172E+001 -0.882332324227172E+001
  0.469550182092600E+000  0.156148944484788E-001  0.115708511425797E+001  0.100050033358353E-002 -0.861211370127753E+001 -0.861211370127753E+001
  0.603609750591310E+000  0.249758099963342E-002  0.104486881940100E+001  0.100050033358353E-002 -0.840910955859897E+001 -0.840910955859897E+001
  0.592903883373711E+000  0.145486338356882E-001  0.105534439763023E+001  0.100050033358353E-002 -0.858497583879826E+001 -0.858497583879826E+001
  0.599101234791529E+000  0.335718671539795E-001  0.104931596921865E+001  0.100050033358353E-002 -0.890306020569907E+001 -0.890306020569907E+001
  0.355978558918703E+000  0.791825615908384E-002  0.122469379671230E+001  0.100050033358353E-002 -0.849485264259788E+001 -0.849485264259788E+001
  0.187480963145506E+000  0.891107557052216E-002  0.128730377921333E+001  0.100050033358353E-002 -0.851505426673240E+001 -0.851505426673240E+001
  0.542680380215727E+000  0.151220967809688E-002  0.110077571234804E+001  0.100050033358353E-002 -0.839620661936303E+001 -0.839620661936303E+001
  0.638698339340285E+000  0.705741705353827E-002  0.100840601926869E+001  0.100050033358353E-002 -0.847127738129456E+001 -0.847127738129456E+001
  0.143626658595620E+000  0.316853434346881E-001  0.129695422606472E+001  0.100050033358353E-002 -0.892386734258070E+001 -0.892386734258070E+001
  0.546243542749130E+000  0.271359945568979E-001  0.109774458222441E+001  0.100050033358353E-002 -0.879719506433639E+001 -0.879719506433639E+001
  0.697540219744861E+000  0.353938293021848E-002  0.939063144829517E+000  0.100050033358353E-002 -0.842121853362667E+001 -0.842121853362667E+001
  0.121611205793219E-001  0.296979056521461E-001  0.131044508651850E+001  0.100050033358353E-002 -0.887309590837939E+001 -0.887309590837939E+001
  0.972425666596909E+000  0.464251118339782E-002  0.305635486445672E+000  0.100050033358353E-002 -0.842497048590743E+001 -0.842497048590743E+001
  0.365749442868920E+000  0.198936770373022E-001  0.121973893877766E+001  0.100050033358353E-002 -0.869148308460863E+001 -0.869148308460863E+001
  0.924696667472392E+000  0.942791736052230E-002  0.498929506801884E+000  0.100050033358353E-002 -0.848386295233593E+001 -0.848386295233593E+001
  0.504122909739711E+000  0.181842553936117E-001  0.113182590266320E+001  0.100050033358353E-002 -0.865078033674519E+001 -0.865078033674519E+001
  0.989498834404042E+000  0.418503598536653E-001  0.189426851894870E+000  0.100050033358353E-002 -0.893666997592553E+001 -0.893666997592553E+001
  0.333022339028900E+000  0.252135951089359E-001  0.123573486950224E+001  0.100050033358353E-002 -0.878760339666315E+001 -0.878760339666315E+001
  0.462557733442944E+000  0.338161040543645E-001  0.116191233432648E+001  0.100050033358353E-002 -0.893028236593354E+001 -0.893028236593354E+001
  0.727007734921973E+000  0.102010243754126E-001  0.899856495755507E+000  0.100050033358353E-002 -0.851014354704375E+001 -0.851014354704375E+001
  0.484960240575449E+000  0.282653635730179E-002  0.114611642058336E+001  0.100050033358353E-002 -0.841545702938941E+001 -0.841545702938941E+001
  0.437702276803833E+000  0.242403725406060E-001  0.117833448112045E+001  0.100050033358353E-002 -0.876078968947788E+001 -0.876078968947788E+001
  0.364196983144992E+000  0.318848404276182E-001  0.122053651897693E+001  0.100050033358353E-002 -0.890714954714306E+001 -0.890714954714306E+001
  0.904445677498372E-001  0.226279974195746E-001  0.130517073207376E+001  0.100050033358353E-002 -0.875006722627212E+001 -0.875006722627212E+001
  0.136429850866748E+000  0.255057670413632E-001  0.129828808390631E+001  0.100050033358353E-002 -0.880238629212569E+001 -0.880238629212569E+001
  0.475301257565038E+000  0.206521524927825E-001  0.115304514542538E+001  0.100050033358353E-002 -0.869505820094517E+001 -0.869505820094517E+001
  0.846302547118311E+000  0.700738028694439E-002  0.698129055397798E+000  0.100050033358353E-002 -0.845963912793084E+001 -0.845963912793084E+001
  0.318483878579094E+000  0.229826683765889E-001  0.124229982051391E+001  0.100050033358353E-002 -0.874789420708793E+001 -0.874789420708793E+001
  0.869681492546642E+000  0.272403036265987E-001  0.646900976787612E+000  0.100050033358353E-002 -0.873887120645996E+001 -0.873887120645996E+001
  0.403934789705060E+000  0.344602894591098E-001  0.119886780908944E+001  0.100050033358353E-002 -0.895185876497839E+001 -0.895185876497839E+001
  0.896079690474589E+000  0.395294868674928E-001  0.581740704718900E+000  0.100050033358353E-002 -0.893036613107492E+001 -0.893036613107492E+001
  0.278413677922929E+000  0.498516791474712E-002  0.125872481513447E+001  0.100050033358353E-002 -0.845068182480193E+001 -0.845068182480193E+001
  0.143158923480816E-001  0.378542199800513E-002  0.131040769875174E+001  0.100050033358353E-002 -0.843194945897111E+001 -0.843194945897111E+001
  0.865478290327724E+000  0.331905811525259E-001  0.656511340505358E+000  0.100050033358353E-002 -0.883425696755695E+001 -0.883425696755695E+001
  0.140238596116844E+000  0.134107417684777E-001  0.129759088129349E+001  0.100050033358353E-002 -0.858930029021735E+001 -0.858930029021735E+001
  0.124405069462604E+000  0.314225244428070E-001  0.130036107369052E+001  0.100050033358353E-002 -0.891415328341501E+001 -0.891415328341501E+001
  0.267383857274972E+000  0.349238345125014E-003  0.126282529142846E+001  0.100050033358353E-002 -0.838057297261780E+001 -0.838057297261780E+001
  0.487398439042917E+000  0.202782972514169E-001  0.114433865023034E+001  0.100050033358353E-002 -0.868761232594895E+001 -0.868761232594895E+001
  0.399404252522249E+000  0.129066436282540E-001  0.120147202943447E+001  0.100050033358353E-002 -0.857264855637269E+001 -0.857264855637269E+001
  0.949064026053367E-001  0.621534152109595E-002  0.130462647575347E+001  0.100050033358353E-002 -0.847197020949051E+001 -0.847197020949051E+001
  0.813250649861884E+000  0.155824610280016E-002  0.762622148573800E+000  0.100050033358353E-002 -0.839392964558197E+001 -0.839392964558197E+001
  0.758774774744110E+000  0.101989624444773E-001  0.853625574594314E+000  0.100050033358353E-002 -0.850764197720190E+001 -0.850764197720190E+001
  0.879199074692805E-001  0.238319670880613E-001  0.130546698768624E+001  0.100050033358353E-002 -0.877573414326100E+001 -0.877573414326100E+001
  0.773388331291099E-001  0.186479261341152E-001  0.130661675245296E+001  0.100050033358353E-002 -0.868407803840118E+001 -0.868407803840118E+001
  0.313751849347541E+000  0.191461113005571E-001  0.124436620379793E+001  0.100050033358353E-002 -0.868207786512067E+001 -0.868207786512067E+001
  0.676502104633638E+000  0.355183916812479E-001  0.965136465910574E+000  0.100050033358353E-002 -0.892108280099209E+001 -0.892108280099209E+001
  0.888307697861942E+000  0.399417210657583E-001  0.601864803206593E+000  0.100050033358353E-002 -0.893980608253830E+001 -0.893980608253830E+001
  0.640427591778082E+000  0.219115194776879E-001  0.100652057213846E+001  0.100050033358353E-002 -0.869588649839294E+001 -0.869588649839294E+001
  0.294087717876950E+000  0.157145273762738E-001  0.125258777996750E+001  0.100050033358353E-002 -0.862386473830941E+001 -0.862386473830941E+001
  0.527727962522019E+000  0.498303685669741E-002  0.111319199274261E+001  0.100050033358353E-002 -0.844574228307287E+001 -0.844574228307287E+001
  0.296159560689437E+000  0.250523322506495E-001  0.125174909292007E+001  0.100050033358353E-002 -0.878706640796694E+001 -0.878706640796694E+001
  0.338691491836962E+000  0.313731195400349E-001  0.123308566905541E+001  0.100050033358353E-002 -0.889996872558526E+001 -0.889996872558526E+001
  0.196152342670175E+000  0.145904220284531E-001  0.128508266867194E+001  0.100050033358353E-002 -0.860828307660012E+001 -0.860828307660012E+001
  0.607828828226089E+000  0.365207495764567E-001  0.104065956961883E+001  0.100050033358353E-002 -0.895526445484777E+001 -0.895526445484777E+001
  0.522480456262422E+000  0.290877696950856E-001  0.111743528884652E+001  0.100050033358353E-002 -0.883491269601066E+001 -0.883491269601066E+001
  0.276706639153279E+000  0.338980220074822E-001  0.125937115376975E+001  0.100050033358353E-002 -0.895411686957729E+001 -0.895411686957729E+001
  0.554223037529210E+000  0.133758458590141E-001  0.109085348895003E+001  0.100050033358353E-002 -0.856988771378825E+001 -0.856988771378825E+001
  0.694889346931711E+000  0.298487077860882E-001  0.942432608456379E+000  0.100050033358353E-002 -0.881850920959631E+001 -0.881850920959631E+001
  0.431978848633400E+000  0.174992297913148E-001  0.118195651592381E+001  0.100050033358353E-002 -0.864562267064536E+001 -0.864562267064536E+001
  0.780314926746782E+000  0.194857347883498E-001  0.819595631478072E+000  0.100050033358353E-002 -0.863801305307469E+001 -0.863801305307469E+001
  0.324196479116451E-002  0.166149539014223E-001  0.131053511286371E+001  0.100050033358353E-002 -0.872986255381073E+001 -0.872986255381073E+001
  0.260971339753241E+000  0.170423762260486E-001  0.126512719712897E+001  0.100050033358353E-002 -0.864807221991009E+001 -0.864807221991009E+001
  0.537883268069831E+000  0.262064080398872E-001  0.110481223813705E+001  0.100050033358353E-002 -0.878267841338688E+001 -0.878267841338688E+001
  0.954493868641937E+000  0.775673559198677E-002  0.390843647773186E+000  0.100050033358353E-002 -0.846145479231391E+001 -0.846145479231391E+001
  0.620194695718938E+000  0.349327225378548E-001  0.102805194614786E+001  0.100050033358353E-002 -0.892300940064251E+001 -0.892300940064251E+001
  0.425652188693435E-001  0.859468074238644E-002  0.130935424316846E+001  0.100050033358353E-002 -0.850893459721587E+001 -0.850893459721587E+001
  0.437913433114397E-001  0.302944133323753E-001  0.130928479574399E+001  0.100050033358353E-002 -0.890267429681367E+001 -0.890267429681367E+001
  0.714582885654371E+000  0.231248060917854E-001  0.916790683691250E+000  0.100050033358353E-002 -0.870426344621372E+001 -0.870426344621372E+001
  0.756136781535187E+000  0.126047131981199E-001  0.857636515925996E+000  0.100050033358353E-002 -0.854131595842510E+001 -0.854131595842510E+001
  0.169691079549976E+000  0.558695852201263E-002  0.129153560866303E+001  0.100050033358353E-002 -0.846184282834883E+001 -0.846184282834883E+001
  0.626117058981642E+000  0.608337835181426E-002  0.102186769977144E+001  0.100050033358353E-002 -0.845814076703068E+001 -0.845814076703068E+001
  0.738700002027234E+000  0.222396602868055E-001  0.883350327086370E+000  0.100050033358353E-002 -0.868647831024997E+001 -0.868647831024997E+001
  0.557289990682008E-001  0.218796257065691E-001  0.130850532831030E+001  0.100050033358353E-002 -0.874332204336838E+001 -0.874332204336838E+001
  0.278462003436331E+000  0.335833564015444E-001  0.125870645486740E+001  0.100050033358353E-002 -0.894759926151441E+001 -0.894759926151441E+001
  0.479377413304424E+000  0.634086515142698E-002  0.115014325900139E+001  0.100050033358353E-002 -0.846712140815828E+001 -0.846712140815828E+001
  0.851059016349377E-001  0.264062025085352E-001  0.130578723729954E+001  0.100050033358353E-002 -0.882395726164785E+001 -0.882395726164785E+001
  0.393084180376145E+000  0.780063244443741E-002  0.120504663083985E+001  0.100050033358353E-002 -0.849194392840014E+001 -0.849194392840014E+001
  0.370216246313761E+000  0.169140537923556E-001  0.121742222677668E+001  0.100050033358353E-002 -0.863979827998568E+001 -0.863979827998568E+001
  0.219432792536819E+000  0.334481916078483E-001  0.127860097012181E+001  0.100050033358353E-002 -0.895302064511863E+001 -0.895302064511863E+001
  0.379266536687075E+000  0.194185576427136E-001  0.121262808585065E+001  0.100050033358353E-002 -0.868232500182976E+001 -0.868232500182976E+001
  0.918105176999753E+000  0.351493720598347E-001  0.519416063766158E+000  0.100050033358353E-002 -0.885064846913582E+001 -0.885064846913582E+001
  0.900431948449693E+000  0.508180878977194E-002  0.570081712142446E+000  0.100050033358353E-002 -0.843331414364842E+001 -0.843331414364842E+001
  0.931441221332723E+000  0.219253638759821E-001  0.476895503733179E+000  0.100050033358353E-002 -0.864731482948995E+001 -0.864731482948995E+001
  0.869641240391736E+000  0.930888989460024E-002  0.646993910267429E+000  0.100050033358353E-002 -0.848709017446385E+001 -0.848709017446385E+001
  0.486465774948814E+000  0.153623744547268E-002  0.114502006525542E+001  0.100050033358353E-002 -0.839699014196431E+001 -0.839699014196431E+001
  0.781999677989545E+000  0.188024813790069E-001  0.816833088313757E+000  0.100050033358353E-002 -0.862773485026433E+001 -0.862773485026433E+001
  0.148784961973167E+000  0.132743890209205E-001  0.129595510971806E+001  0.100050033358353E-002 -0.858693080947275E+001 -0.858693080947275E+001
  0.964042216094935E+000  0.124535993781547E-001  0.348275409867918E+000  0.100050033358353E-002 -0.851695259628852E+001 -0.851695259628852E+001
  0.498522950087995E+000  0.104163694510804E-001  0.113607806356218E+001  0.100050033358353E-002 -0.852771036947701E+001 -0.852771036947701E+001
  0.998499967453113E+000  0.211438333145064E-001  0.717551964161496E-001  0.100050033358353E-002 -0.862291433483367E+001 -0.862291433483367E+001
  0.599617130384486E+000  0.133926409410987E-001  0.104880973749242E+001  0.100050033358353E-002 -0.856689927351318E+001 -0.856689927351318E+001
  0.200773321555287E+000  0.569196166799323E-002  0.128385638413840E+001  0.100050033358353E-002 -0.846271767013026E+001 -0.846271767013026E+001
  0.668778231760998E+000  0.970930320108554E-002  0.974338115834501E+000  0.100050033358353E-002 -0.850722931488796E+001 -0.850722931488796E+001
  0.283765002688766E+000  0.311232370256621E-002  0.125667066921575E+001  0.100050033358353E-002 -0.842211402588829E+001 -0.842211402588829E+001
  0.384086191332542E+000  0.220335045859521E-001  0.121001981451043E+001  0.100050033358353E-002 -0.872661375291766E+001 -0.872661375291766E+001
  0.237579260534369E+000  0.175181446476525E-001  0.127301876621970E+001  0.100050033358353E-002 -0.865810392941556E+001 -0.865810392941556E+001
  0.816379926761718E+000  0.161898511191303E-001  0.756857935392838E+000  0.100050033358353E-002 -0.858507040090194E+001 -0.858507040090194E+001
  0.761850644121604E+000  0.210029575889191E-001  0.848907155071900E+000  0.100050033358353E-002 -0.866393477833848E+001 -0.866393477833848E+001
  0.720709744890222E+000  0.102774440228529E-001  0.908516133988023E+000  0.100050033358353E-002 -0.851161770430942E+001 -0.851161770430942E+001
  0.758278816708547E+000  0.148223963567927E-001  0.854382159910880E+000  0.100050033358353E-002 -0.857262079418844E+001 -0.857262079418844E+001
  0.954218281924952E+000  0.961009590555439E-002  0.391997703681364E+000  0.100050033358353E-002 -0.848342094436236E+001 -0.848342094436236E+001
  0.784482032352406E+000  0.133158257632364E-001  0.812734648359517E+000  0.100050033358353E-002 -0.854841085141602E+001 -0.854841085141602E+001
  0.786819900202230E+000  0.250424463255861E-001  0.808843806988409E+000  0.100050033358353E-002 -0.872188142010663E+001 -0.872188142010663E+001
  0.282064582148106E+000  0.292137416117633E-001  0.125732799223121E+001  0.100050033358353E-002 -0.886517398609447E+001 -0.886517398609447E+001
  0.159126534752666E-001  0.168668196683595E-001  0.131037606666053E+001  0.100050033358353E-002 -0.865416772047121E+001 -0.865416772047121E+001
  0.466840338189704E+000  0.323559267059226E-001  0.115896683370916E+001  0.100050033358353E-002 -0.890281233536641E+001 -0.890281233536641E+001
  0.429503257965547E+000  0.231145208231472E-001  0.118350501551826E+001  0.100050033358353E-002 -0.874202241663587E+001 -0.874202241663587E+001
  0.886452806798848E-001  0.157390936900097E-001  0.130538273444715E+001  0.100050033358353E-002 -0.862894283485535E+001 -0.862894283485535E+001
  0.887421395896982E+000  0.375838990500639E-001  0.604106224201209E+000  0.100050033358353E-002 -0.890055964269323E+001 -0.890055964269323E+001
  0.231912228923664E-001  0.629324326138714E-002  0.131018952635135E+001  0.100050033358353E-002 -0.847531571250304E+001 -0.847531571250304E+001
  0.960692780609243E+000  0.391981702100752E-003  0.363824448694808E+000  0.100050033358353E-002 -0.837947881347571E+001 -0.837947881347571E+001
  0.619960208028457E+000  0.534833408976913E-002  0.102829483160750E+001  0.100050033358353E-002 -0.844809794116703E+001 -0.844809794116703E+001
  0.514938345746064E-001  0.264828385578830E-002  0.130880332024547E+001  0.100050033358353E-002 -0.841658842860020E+001 -0.841658842860020E+001
  0.217762035592785E+000  0.137202731253735E-001  0.127909147333598E+001  0.100050033358353E-002 -0.859375199588472E+001 -0.859375199588472E+001
  0.347704529426488E+000  0.281009245507990E-001  0.122876963061233E+001  0.100050033358353E-002 -0.883960710034965E+001 -0.883960710034965E+001
  0.988493038314756E+000  0.309817935451281E-001  0.198240924619246E+000  0.100050033358353E-002 -0.876473761466038E+001 -0.876473761466038E+001
  0.776956317773334E-001  0.194675809942163E-001  0.130658039602837E+001  0.100050033358353E-002 -0.869855702811691E+001 -0.869855702811691E+001
  0.214019114442711E+000  0.701511298822025E-002  0.128017605075606E+001  0.100050033358353E-002 -0.848365545562768E+001 -0.848365545562768E+001
  0.278535207369016E+000  0.732701612542812E-002  0.125867863598587E+001  0.100050033358353E-002 -0.848720899335755E+001 -0.848720899335755E+001
  0.279722182134468E+000  0.356724790344043E-002  0.125822645633466E+001  0.100050033358353E-002 -0.842911055534924E+001 -0.842911055534924E+001
  0.416081124593795E+000  0.288386868908073E-001  0.119171187726262E+001  0.100050033358353E-002 -0.884493296543780E+001 -0.884493296543780E+001
  0.932460066116010E+000  0.409490557427812E-001  0.473463520806190E+000  0.100050033358353E-002 -0.894190717623257E+001 -0.894190717623257E+001
  0.916826084189934E+000  0.127020035654613E-002  0.523282093045829E+000  0.100050033358353E-002 -0.838929817276684E+001 -0.838929817276684E+001
  0.256791255399073E+000  0.307057737391453E-001  0.126659545209634E+001  0.100050033358353E-002 -0.889475710557986E+001 -0.889475710557986E+001
  0.578547299620849E+000  0.216818224659594E-001  0.106894205557044E+001  0.100050033358353E-002 -0.870019731847981E+001 -0.870019731847981E+001
  0.774270950493010E+000  0.148292389694578E-001  0.829382067752125E+000  0.100050033358353E-002 -0.857091339982124E+001 -0.857091339982124E+001
  0.110513350104185E+000  0.164217061496412E-001  0.130251445806827E+001  0.100050033358353E-002 -0.864051975099670E+001 -0.864051975099670E+001
  0.569313868064339E+000  0.312412218627004E-001  0.107742312796935E+001  0.100050033358353E-002 -0.886685534250433E+001 -0.886685534250433E+001
  0.153364049350362E+000  0.980265823035346E-002  0.129503796949091E+001  0.100050033358353E-002 -0.853027246247988E+001 -0.853027246247988E+001
  0.245275914842557E+000  0.275097139983935E-001  0.127050928339544E+001  0.100050033358353E-002 -0.883726453532724E+001 -0.883726453532724E+001
  0.492185618458125E+000  0.348241299862296E-001  0.114081406455890E+001  0.100050033358353E-002 -0.894485380786575E+001 -0.894485380786575E+001
  0.782435350404730E+000  0.289404747579910E-001  0.816116207789079E+000  0.100050033358353E-002 -0.878491624463799E+001 -0.878491624463799E+001
  0.191462638942832E+000  0.154902296020726E-001  0.128629684474249E+001  0.100050033358353E-002 -0.862497596770183E+001 -0.862497596770183E+001
  0.411716384284087E+000  0.264866713680317E-001  0.119431269249780E+001  0.100050033358353E-002 -0.880351725016926E+001 -0.880351725016926E+001
  0.840302679150035E+000  0.267058117610817E-001  0.710467781219399E+000  0.100050033358353E-002 -0.873687034798936E+001 -0.873687034798936E+001
  0.284893166938794E+000  0.874400514695114E-002  0.125623218920141E+001  0.100050033358353E-002 -0.850971855742632E+001 -0.850971855742632E+001
  0.863624308096635E+000  0.336157743798050E-001  0.660691334082107E+000  0.100050033358353E-002 -0.884170104919911E+001 -0.884170104919911E+001
  0.456155279238100E+000  0.271182418783145E-002  0.116625158442047E+001  0.100050033358353E-002 -0.841416937333751E+001 -0.841416937333751E+001
  0.864163303892132E+000  0.379114922856695E-001  0.659479767184868E+000  0.100050033358353E-002 -0.891291439264185E+001 -0.891291439264185E+001
  0.693331128878701E+000  0.280550784340761E-001  0.944401649695374E+000  0.100050033358353E-002 -0.878894528127201E+001 -0.878894528127201E+001
  0.348042936160142E+000  0.722670179771757E-002  0.122860507180412E+001  0.100050033358353E-002 -0.848424412215744E+001 -0.848424412215744E+001
  0.430758885893841E+000  0.307945968672025E-001  0.118272097691616E+001  0.100050033358353E-002 -0.887872247380413E+001 -0.887872247380413E+001
  0.378696397305628E+000  0.432892206929348E-002  0.121293408377834E+001  0.100050033358353E-002 -0.843917383520055E+001 -0.843917383520055E+001
  0.348978080813792E+000  0.237823390286659E-002  0.122814938673043E+001  0.100050033358353E-002 -0.841041114655709E+001 -0.841041114655709E+001
  0.816780366023521E+000  0.394223982017617E-001  0.756115538684026E+000  0.100050033358353E-002 -0.895339480670537E+001 -0.895339480670537E+001
  0.192613164791260E+000  0.147708898104835E-001  0.128600179595962E+001  0.100050033358353E-002 -0.861105550289141E+001 -0.861105550289141E+001
  0.244857220517135E+000  0.238012690528989E-001  0.127064798499913E+001  0.100050033358353E-002 -0.876771901742362E+001 -0.876771901742362E+001
  0.935042445871625E+000  0.168543311389866E-001  0.464634039652479E+000  0.100050033358353E-002 -0.857728575869841E+001 -0.857728575869841E+001
  0.536719229767470E+000  0.178344810146563E-001  0.110578410674961E+001  0.100050033358353E-002 -0.864193014374354E+001 -0.864193014374354E+001
  0.594975952011206E+000  0.327944550095615E-001  0.105333961620768E+001  0.100050033358353E-002 -0.888962863437984E+001 -0.888962863437984E+001
  0.978724783097583E+000  0.377336177373464E-001  0.268893707074645E+000  0.100050033358353E-002 -0.887275993090743E+001 -0.887275993090743E+001
  0.657818954599115E-001  0.172061204832283E-001  0.130770339930508E+001  0.100050033358353E-002 -0.865833729082954E+001 -0.865833729082954E+001
  0.314432068501730E+000  0.163527451425775E-001  0.124407127931699E+001  0.100050033358353E-002 -0.863329014098386E+001 -0.863329014098386E+001
  0.952676740958834E+000  0.373994090538865E-002  0.398385426767356E+000  0.100050033358353E-002 -0.841579248118614E+001 -0.841579248118614E+001
  0.146104303176940E+000  0.156360540318169E-001  0.129647882433103E+001  0.100050033358353E-002 -0.862744530027300E+001 -0.862744530027300E+001
  0.315550284204342E+000  0.238407095268189E-001  0.124358491074948E+001  0.100050033358353E-002 -0.876501996484424E+001 -0.876501996484424E+001
  0.988763492511797E+000  0.418860070635977E-001  0.195910713363192E+000  0.100050033358353E-002 -0.893719366169622E+001 -0.893719366169622E+001
  0.417401406759595E+000  0.109920253599597E-001  0.119091863024471E+001  0.100050033358353E-002 -0.854110359216819E+001 -0.854110359216819E+001
  0.155889820994417E+000  0.890159705850824E-004  0.129451990301144E+001  0.100050033358353E-002 -0.837671834303940E+001 -0.837671834303940E+001
  0.187213137917734E+000  0.234062488131749E-001  0.128737072263309E+001  0.100050033358353E-002 -0.876482750466402E+001 -0.876482750466402E+001
  0.502562561081092E+000  0.335437731629458E-001  0.113301708772895E+001  0.100050033358353E-002 -0.891898139613366E+001 -0.891898139613366E+001
  0.814209059854823E+000  0.290132005431238E-001  0.760863718767868E+000  0.100050033358353E-002 -0.877911546938917E+001 -0.877911546938917E+001
  0.366305246537932E+000  0.241537585426057E-001  0.121945244120476E+001  0.100050033358353E-002 -0.876512362720437E+001 -0.876512362720437E+001
  0.253913490793325E-001  0.283838912111199E-001  0.131011946516722E+001  0.100050033358353E-002 -0.887449374489526E+001 -0.887449374489526E+001
  0.198585774372104E+000  0.686050979529238E-002  0.128444060579816E+001  0.100050033358353E-002 -0.848111230949824E+001 -0.848111230949824E+001
  0.621354018925069E+000  0.117879069448630E-001  0.102684890825029E+001  0.100050033358353E-002 -0.854102515170976E+001 -0.854102515170976E+001
  0.824533981959508E+000  0.310494451456093E-001  0.741520961340196E+000  0.100050033358353E-002 -0.880950681293859E+001 -0.880950681293859E+001
  0.713112326898975E+000  0.270946582311074E-001  0.918755194975746E+000  0.100050033358353E-002 -0.876909236734561E+001 -0.876909236734561E+001
  0.588090997446396E+000  0.877774272165252E-002  0.105995951444706E+001  0.100050033358353E-002 -0.849852812612887E+001 -0.849852812612887E+001
  0.588030032055462E+000  0.143239245990525E-001  0.106001760507781E+001  0.100050033358353E-002 -0.858196269046711E+001 -0.858196269046711E+001
  0.723010404892860E+000  0.193010445399502E-001  0.905371087521887E+000  0.100050033358353E-002 -0.864359827714832E+001 -0.864359827714832E+001
  0.294786007788128E+000  0.176403285239990E-001  0.125230583097488E+001  0.100050033358353E-002 -0.865637163087879E+001 -0.865637163087879E+001
  0.864239355738353E+000  0.316114085498073E-001  0.659308575969603E+000  0.100050033358353E-002 -0.880865984785788E+001 -0.880865984785788E+001
  0.457937236375330E+000  0.155576137641643E-001  0.116505155872725E+001  0.100050033358353E-002 -0.861179193856521E+001 -0.861179193856521E+001
  0.110347121229745E+000  0.275361730170656E-001  0.130253866332886E+001  0.100050033358353E-002 -0.884069995444988E+001 -0.884069995444988E+001
  0.699653281156218E+000  0.145739346291484E-001  0.936359364282612E+000  0.100050033358353E-002 -0.857547108880481E+001 -0.857547108880481E+001
  0.601736026670560E+000  0.122606545877779E-001  0.104672338468087E+001  0.100050033358353E-002 -0.854954447694322E+001 -0.854954447694322E+001
  0.753032041746709E+000  0.198648660020322E-001  0.862315468000032E+000  0.100050033358353E-002 -0.864790683250552E+001 -0.864790683250552E+001
  0.627157585116813E+000  0.848121845934413E-003  0.102077119749961E+001  0.100050033358353E-002 -0.838660022670101E+001 -0.838660022670101E+001
  0.306007911277483E+000  0.209837847792121E-001  0.124767394938055E+001  0.100050033358353E-002 -0.871413598767932E+001 -0.871413598767932E+001
  0.347159573939162E+000  0.650536022045157E-002  0.122903424628868E+001  0.100050033358353E-002 -0.847318172962152E+001 -0.847318172962152E+001
  0.543087444758149E+000  0.127577838618768E-001  0.110043085353407E+001  0.100050033358353E-002 -0.856130087517481E+001 -0.856130087517481E+001
  0.444902066455689E+000  0.396459770702584E-002  0.117369419089364E+001  0.100050033358353E-002 -0.843265029992846E+001 -0.843265029992846E+001
  0.515778394885672E+000  0.236825704623802E-001  0.112277021081035E+001  0.100050033358353E-002 -0.874213218635039E+001 -0.874213218635039E+001
  0.317994276549895E+000  0.219803664021234E-001  0.124251521497584E+001  0.100050033358353E-002 -0.873092915476874E+001 -0.873092915476874E+001
  0.474837254121015E-001  0.328695655038836E-001  0.130906372399892E+001  0.100050033358353E-002 -0.895626693123699E+001 -0.895626693123699E+001
  0.318502033454983E+000  0.310289602113639E-001  0.124229182640652E+001  0.100050033358353E-002 -0.889524955013784E+001 -0.889524955013784E+001
  0.618290067562822E+000  0.329855721408376E-001  0.103002047644026E+001  0.100050033358353E-002 -0.888822106879334E+001 -0.888822106879334E+001
  0.425429627705947E-001  0.186594083781008E-001  0.130935548549247E+001  0.100050033358353E-002 -0.867756471832194E+001 -0.867756471832194E+001
  0.862068158149809E+000  0.327868383024612E-001  0.664172666012170E+000  0.100050033358353E-002 -0.882833435442047E+001 -0.882833435442047E+001
  0.330907932416256E+000  0.213050857372150E-001  0.123671005276865E+001  0.100050033358353E-002 -0.871793113685701E+001 -0.871793113685701E+001
  0.236530844406310E+000  0.266094446101653E-001  0.127335403476153E+001  0.100050033358353E-002 -0.881885367136458E+001 -0.881885367136458E+001
  0.669734770094098E+000  0.368736545059327E-001  0.973208998986768E+000  0.100050033358353E-002 -0.894790581479930E+001 -0.894790581479930E+001
  0.714251990419573E+000  0.156287614325482E-001  0.917233444729988E+000  0.100050033358353E-002 -0.858930668262771E+001 -0.858930668262771E+001
  0.541445230183413E+000  0.303064264532951E-002  0.110181987087965E+001  0.100050033358353E-002 -0.841753846820900E+001 -0.841753846820900E+001
  0.952450478116486E+000  0.349867066982958E-001  0.399313538107927E+000  0.100050033358353E-002 -0.883736542100457E+001 -0.883736542100457E+001
  0.935485761402910E+000  0.347767271701556E-001  0.463098870861870E+000  0.100050033358353E-002 -0.883961056892989E+001 -0.883961056892989E+001
  0.581021166224611E-001  0.265682534870073E-001  0.130832802940077E+001  0.100050033358353E-002 -0.882459746738948E+001 -0.882459746738948E+001
  0.533052441055906E+000  0.259574734341260E-001  0.110882626314311E+001  0.100050033358353E-002 -0.877893220479546E+001 -0.877893220479546E+001
  0.657243008659924E+000  0.210217807991716E-001  0.987727629748455E+000  0.100050033358353E-002 -0.867969062795329E+001 -0.867969062795329E+001
  0.442997909166201E-001  0.455162079246962E-002  0.130925541782374E+001  0.100050033358353E-002 -0.844509809835106E+001 -0.844509809835106E+001
  0.233021502747831E+000  0.257782936907386E-001  0.127446485300092E+001  0.100050033358353E-002 -0.880507911861175E+001 -0.880507911861175E+001
  0.760702474276201E+000  0.335658308363878E-001  0.850673756724586E+000  0.100050033358353E-002 -0.886710951783983E+001 -0.886710951783983E+001
  0.515017678441112E+000  0.281475466380641E-001  0.112336980942614E+001  0.100050033358353E-002 -0.881983123463379E+001 -0.881983123463379E+001
  0.372487027535096E+000  0.145867657205283E-001  0.121623198922531E+001  0.100050033358353E-002 -0.860083691332367E+001 -0.860083691332367E+001
  0.574274637297826E+000  0.445418595421351E-002  0.107289187186176E+001  0.100050033358353E-002 -0.843685445625793E+001 -0.843685445625793E+001
  0.420743750510455E+000  0.256575966403821E-001  0.118889687326161E+001  0.100050033358353E-002 -0.878675024585373E+001 -0.878675024585373E+001
  0.303067773511757E+000  0.317088253014769E-001  0.124890590586618E+001  0.100050033358353E-002 -0.891098564856549E+001 -0.891098564856549E+001
  0.639576713842842E+000  0.128446510033115E-001  0.100744938365607E+001  0.100050033358353E-002 -0.855535583532573E+001 -0.855535583532573E+001
  0.388443245060758E+000  0.330911446142842E-001  0.120762861015178E+001  0.100050033358353E-002 -0.892670927189102E+001 -0.892670927189102E+001
  0.782746550739928E+000  0.334066020146317E-001  0.815603510289809E+000  0.100050033358353E-002 -0.885900751675805E+001 -0.885900751675805E+001
  0.958802796586131E+000  0.269978316124714E-001  0.372288969980893E+000  0.100050033358353E-002 -0.871381466145157E+001 -0.871381466145157E+001
  0.641791296470339E+000  0.326281019845320E-001  0.100502759225306E+001  0.100050033358353E-002 -0.887782278856745E+001 -0.887782278856745E+001
  0.689415379897814E+000  0.344669553478502E-001  0.949312366707452E+000  0.100050033358353E-002 -0.890026877120020E+001 -0.890026877120020E+001
  0.162528488110752E+000  0.137684754292991E-001  0.129311683894421E+001  0.100050033358353E-002 -0.859468901011777E+001 -0.859468901011777E+001
  0.552991803393636E+000  0.255681217728810E-001  0.109192615500752E+001  0.100050033358353E-002 -0.876937975739257E+001 -0.876937975739257E+001
  0.141800208276645E+000  0.296332190251381E-001  0.129729936358531E+001  0.100050033358353E-002 -0.888346108156317E+001 -0.888346108156317E+001
  0.926786937556092E+000  0.219320455833345E-001  0.492223197296655E+000  0.100050033358353E-002 -0.864819510002178E+001 -0.864819510002178E+001
  0.263212544653374E+000  0.245139095088394E-001  0.126432949662366E+001  0.100050033358353E-002 -0.878064250814637E+001 -0.878064250814637E+001
  0.191243948362599E-001  0.130083889382586E-001  0.131030231764329E+001  0.100050033358353E-002 -0.858736921895743E+001 -0.858736921895743E+001
  0.420173975542891E+000  0.664941287992216E-003  0.118924290934010E+001  0.100050033358353E-002 -0.838489957046699E+001 -0.838489957046699E+001
  0.223583343807502E+000  0.416238414838010E-002  0.127736538667201E+001  0.100050033358353E-002 -0.843891356945789E+001 -0.843891356945789E+001
  0.811418526136246E-001  0.275350791634376E-001  0.130622057075546E+001  0.100050033358353E-002 -0.884582246893675E+001 -0.884582246893675E+001
  0.314332467166792E-001  0.314523034060638E-001  0.130989440013965E+001  0.100050033358353E-002 -0.893259944432609E+001 -0.893259944432609E+001
  0.497715015799911E+000  0.340515861321735E-001  0.113668631984066E+001  0.100050033358353E-002 -0.893044453123794E+001 -0.893044453123794E+001
  0.267323393206322E+000  0.196108926571655E-002  0.126284727702636E+001  0.100050033358353E-002 -0.840477758689672E+001 -0.840477758689672E+001
  0.949401162818000E+000  0.323491651108137E-001  0.411596641384102E+000  0.100050033358353E-002 -0.879717424873508E+001 -0.879717424873508E+001
  0.300308990377161E+000  0.112693300812118E-001  0.125004996755788E+001  0.100050033358353E-002 -0.854976089990142E+001 -0.854976089990142E+001
  0.250141228554067E+000  0.222712895278641E-001  0.126887903174033E+001  0.100050033358353E-002 -0.873991814390253E+001 -0.873991814390253E+001
  0.829254546066960E+000  0.705091964140564E-003  0.732424039066934E+000  0.100050033358353E-002 -0.838363039023658E+001 -0.838363039023658E+001
  0.735963983541805E+000  0.288903068452450E-001  0.887264049347434E+000  0.100050033358353E-002 -0.879421720283711E+001 -0.879421720283711E+001
  0.986202157464412E+000  0.913181355680750E-003  0.216954299162360E+000  0.100050033358353E-002 -0.838474046166203E+001 -0.838474046166203E+001
  0.391937033418981E+000  0.312265722331246E-001  0.120568821390580E+001  0.100050033358353E-002 -0.889228670850704E+001 -0.889228670850704E+001
  0.487178507174716E+000  0.335228020215894E-001  0.114449948913358E+001  0.100050033358353E-002 -0.892211922824413E+001 -0.892211922824413E+001
  0.460480561529699E+000  0.294710635082021E-001  0.116332853924997E+001  0.100050033358353E-002 -0.885042561395202E+001 -0.885042561395202E+001
  0.567800056265424E+000  0.235484897296826E-001  0.107879427871200E+001  0.100050033358353E-002 -0.873322752629537E+001 -0.873322752629537E+001
  0.884772722848942E-001  0.210259306482478E-001  0.130540231097278E+001  0.100050033358353E-002 -0.872124743482050E+001 -0.872124743482050E+001
  0.790210949617538E+000  0.295788763511585E-001  0.803145918763081E+000  0.100050033358353E-002 -0.879368292464463E+001 -0.879368292464463E+001
  0.998245018357016E+000  0.413571594977706E-002  0.776089132736301E-001  0.100050033358353E-002 -0.841832441190990E+001 -0.841832441190990E+001
  0.155812393780191E+000  0.178801968554268E-001  0.129453591310966E+001  0.100050033358353E-002 -0.866719688448317E+001 -0.866719688448317E+001
  0.578877362881435E+000  0.167354577722576E-001  0.106863510389742E+001  0.100050033358353E-002 -0.862040642066482E+001 -0.862040642066482E+001
  0.911627374848951E+000  0.837341361783417E-002  0.538655926250107E+000  0.100050033358353E-002 -0.847210820927679E+001 -0.847210820927679E+001
  0.898432915776861E+000  0.286972323739068E-001  0.575473147802609E+000  0.100050033358353E-002 -0.875415411693427E+001 -0.875415411693427E+001
  0.613301506223577E+000  0.213948635144878E-002  0.103513013854752E+001  0.100050033358353E-002 -0.840408552443250E+001 -0.840408552443250E+001
  0.699444087073500E+000  0.335352696602589E-001  0.936627753109875E+000  0.100050033358353E-002 -0.888159379233270E+001 -0.888159379233270E+001
  0.321253242894498E+000  0.330610132430026E-001  0.124107452359630E+001  0.100050033358353E-002 -0.893561843859395E+001 -0.893561843859395E+001
  0.910393676836298E+000  0.221121206324279E-001  0.542227710360250E+000  0.100050033358353E-002 -0.865394305186814E+001 -0.865394305186814E+001
  0.110458731273399E+000  0.209571236841968E-001  0.130252241540650E+001  0.100050033358353E-002 -0.872009985773925E+001 -0.872009985773925E+001
  0.572371668517213E+000  0.517639132145151E-002  0.107463698672907E+001  0.100050033358353E-002 -0.844713200085178E+001 -0.844713200085178E+001
  0.676022632454330E+000  0.194936255040362E-001  0.965713314759098E+000  0.100050033358353E-002 -0.865286466668233E+001 -0.865286466668233E+001
  0.682690782210307E+000  0.372308033317587E-001  0.957622729761702E+000  0.100050033358353E-002 -0.895053477612992E+001 -0.895053477612992E+001
  0.352924076392142E+000  0.307504971331426E-002  0.122621119519999E+001  0.100050033358353E-002 -0.842076685053680E+001 -0.842076685053680E+001
  0.674677847319928E+000  0.188019705480261E-001  0.967327200871346E+000  0.100050033358353E-002 -0.864210796317348E+001 -0.864210796317348E+001
  0.945306084139538E+000  0.297455321881423E-001  0.427478646201073E+000  0.100050033358353E-002 -0.875835897227378E+001 -0.875835897227378E+001
  0.937612636723965E+000  0.367252612547952E-001  0.455651430791116E+000  0.100050033358353E-002 -0.887039723143046E+001 -0.887039723143046E+001
  0.511709880907071E+000  0.191324299016944E-001  0.112596304696005E+001  0.100050033358353E-002 -0.866605393935627E+001 -0.866605393935627E+001
  0.246760559378543E-001  0.210391462793724E-002  0.131014293966152E+001  0.100050033358353E-002 -0.840698289371503E+001 -0.840698289371503E+001
  0.777480079425988E+000  0.351366957306781E-001  0.824209778864522E+000  0.100050033358353E-002 -0.889042684324622E+001 -0.889042684324622E+001
  0.513274373090826E+000  0.107192081000251E-001  0.112473934852203E+001  0.100050033358353E-002 -0.853185839634054E+001 -0.853185839634054E+001
  0.839818365123953E+000  0.279432955468157E-001  0.711450648374954E+000  0.100050033358353E-002 -0.875654889398747E+001 -0.875654889398747E+001
  0.309558837226630E+000  0.131927918610847E-001  0.124616855728209E+001  0.100050033358353E-002 -0.858164499017325E+001 -0.858164499017325E+001
  0.601052015066562E+000  0.302919413524079E-001  0.104739814972435E+001  0.100050033358353E-002 -0.884409183348383E+001 -0.884409183348383E+001
  0.572005516899557E+000  0.192122891432446E-001  0.107497177683257E+001  0.100050033358353E-002 -0.866086028132437E+001 -0.866086028132437E+001
  0.378143566011856E+000  0.247785576153954E-001  0.121323027920119E+001  0.100050033358353E-002 -0.877546441784545E+001 -0.877546441784545E+001
  0.324717871237427E-001  0.254817840562860E-002  0.130985088891699E+001  0.100050033358353E-002 -0.841380005496838E+001 -0.841380005496838E+001
  0.835179354975947E+000  0.124270441320478E-001  0.720768844560815E+000  0.100050033358353E-002 -0.853105403843678E+001 -0.853105403843678E+001
  0.394844522666252E-001  0.666248025844052E-002  0.130952001963635E+001  0.100050033358353E-002 -0.848137885330497E+001 -0.848137885330497E+001
  0.277888473885746E+000  0.191875220243876E-001  0.125892413267039E+001  0.100050033358353E-002 -0.868463551360060E+001 -0.868463551360060E+001
  0.949022246616309E+000  0.384057937950324E-001  0.413094761639106E+000  0.100050033358353E-002 -0.889395930372595E+001 -0.889395930372595E+001
  0.995170203450796E+000  0.245979158541537E-001  0.128648680823863E+000  0.100050033358353E-002 -0.867085952270824E+001 -0.867085952270824E+001
  0.140407768552345E+000  0.755931383208071E-002  0.129755945968683E+001  0.100050033358353E-002 -0.849284272681712E+001 -0.849284272681712E+001
  0.614090153562545E+000  0.246757837456096E-001  0.103432677613437E+001  0.100050033358353E-002 -0.874535669267045E+001 -0.874535669267045E+001
  0.808481859509443E+000  0.201708441563523E-001  0.771281616874159E+000  0.100050033358353E-002 -0.864380497882206E+001 -0.864380497882206E+001
  0.745641067528192E+000  0.250184848344391E-001  0.873276786227677E+000  0.100050033358353E-002 -0.872950585713049E+001 -0.872950585713049E+001
  0.654987972228030E+000  0.156402978536540E-001  0.990297043430741E+000  0.100050033358353E-002 -0.859590085588986E+001 -0.859590085588986E+001
  0.439463178316867E+000  0.295124444181020E-001  0.117720825009603E+001  0.100050033358353E-002 -0.885526187978743E+001 -0.885526187978743E+001
  0.729356401866378E+000  0.173858714417686E-001  0.896586253563493E+000  0.100050033358353E-002 -0.861391430509072E+001 -0.861391430509072E+001
  0.848034150838268E+000  0.226429040945773E-001  0.694510699124471E+000  0.100050033358353E-002 -0.867371143824653E+001 -0.867371143824653E+001
  0.655778813545236E+000  0.221028439527022E-001  0.989397714772383E+000  0.100050033358353E-002 -0.869724014112382E+001 -0.869724014112382E+001
  0.564719739403135E+000  0.126372018675680E-001  0.108156770454434E+001  0.100050033358353E-002 -0.855772919470286E+001 -0.855772919470286E+001
  0.721460693510879E+000  0.251098553867124E-001  0.907491872269051E+000  0.100050033358353E-002 -0.873535053805913E+001 -0.873535053805913E+001
  0.783398892772665E+000  0.190345035693000E-002  0.814527077435316E+000  0.100050033358353E-002 -0.839855771185869E+001 -0.839855771185869E+001
  0.571373838378015E+000  0.720394087718280E-002  0.107554860277114E+001  0.100050033358353E-002 -0.847646806457391E+001 -0.847646806457391E+001
  0.613480177261965E+000  0.295567678308449E-001  0.103494827882066E+001  0.100050033358353E-002 -0.882936651785675E+001 -0.882936651785675E+001
  0.161530706880323E+000  0.331009013062751E-001  0.129333155165213E+001  0.100050033358353E-002 -0.895055433734602E+001 -0.895055433734602E+001
  0.448090880071738E+000  0.178964113002319E-001  0.117160883546104E+001  0.100050033358353E-002 -0.865084650701812E+001 -0.865084650701812E+001
  0.987865095411222E+000  0.140809117175023E-002  0.203546003990252E+000  0.100050033358353E-002 -0.838984737385378E+001 -0.838984737385378E+001
  0.135453332138003E+000  0.314518359620582E-001  0.129846368789387E+001  0.100050033358353E-002 -0.892002798378130E+001 -0.892002798378130E+001
  0.271623620571638E+000  0.806540731551700E-002  0.126127028391031E+001  0.100050033358353E-002 -0.849958012646807E+001 -0.849958012646807E+001
  0.759683270340620E+000  0.366331719069653E-001  0.852236634346534E+000  0.100050033358353E-002 -0.892108337278205E+001 -0.892108337278205E+001
  0.359371136715548E+000  0.334012967379824E-001  0.122299087520161E+001  0.100050033358353E-002 -0.893804037510308E+001 -0.893804037510308E+001
  0.323796342825690E+000  0.179782977731518E-001  0.123993891336207E+001  0.100050033358353E-002 -0.866128419483870E+001 -0.866128419483870E+001
  0.398681713017632E+000  0.327343969975711E-001  0.120188412223263E+001  0.100050033358353E-002 -0.891883847352731E+001 -0.891883847352731E+001
  0.264568589707920E+000  0.623480483634609E-002  0.126384328748555E+001  0.100050033358353E-002 -0.847031029206695E+001 -0.847031029206695E+001
  0.573391081619837E+000  0.255165293254398E-001  0.107370320850173E+001  0.100050033358353E-002 -0.876599390074592E+001 -0.876599390074592E+001
  0.953510312409760E+000  0.419260971653494E-001  0.394945447073068E+000  0.100050033358353E-002 -0.895139429842718E+001 -0.895139429842718E+001
  0.614561339304653E+000  0.218252971892770E-001  0.103384600772645E+001  0.100050033358353E-002 -0.869796609152469E+001 -0.869796609152469E+001
  0.386577618610000E+000  0.240826357860902E-002  0.120865637040350E+001  0.100050033358353E-002 -0.841046990427440E+001 -0.841046990427440E+001
  0.654210157300548E+000  0.178244800962720E-001  0.991179705688160E+000  0.100050033358353E-002 -0.862944412474731E+001 -0.862944412474731E+001
  0.825553971458302E+000  0.149138604052396E-001  0.739569215870421E+000  0.100050033358353E-002 -0.856618397197466E+001 -0.856618397197466E+001
  0.988136676999057E+000  0.113716874241987E-002  0.201269162666528E+000  0.100050033358353E-002 -0.838703537579872E+001 -0.838703537579872E+001
  0.170000528442173E-001  0.206851045885805E-001  0.131035261181930E+001  0.100050033358353E-002 -0.871857552385870E+001 -0.871857552385870E+001
  0.716045968564980E+000  0.273477966757578E-003  0.914827943781364E+000  0.100050033358353E-002 -0.837881317962743E+001 -0.837881317962743E+001
  0.827185104618336E-001  0.198713421179384E-001  0.130605070924507E+001  0.100050033358353E-002 -0.870125041783003E+001 -0.870125041783003E+001
  0.676156792944852E+000  0.112586068845660E-001  0.965551983355810E+000  0.100050033358353E-002 -0.852896807327047E+001 -0.852896807327047E+001
  0.852379600751506E+000  0.520500088846421E-002  0.685313246340865E+000  0.100050033358353E-002 -0.843699364971868E+001 -0.843699364971868E+001
  0.383162813066115E+000  0.231353087487286E-001  0.121052251023124E+001  0.100050033358353E-002 -0.874647316433323E+001 -0.874647316433323E+001
  0.721323761243056E+000  0.532121623546218E-002  0.907678807722042E+000  0.100050033358353E-002 -0.844405488120604E+001 -0.844405488120604E+001
  0.856259803672364E+000  0.289308983310636E-003  0.676954439518496E+000  0.100050033358353E-002 -0.837868368926318E+001 -0.837868368926318E+001
  0.647524008185572E+000  0.114916592794490E-001  0.998692044427690E+000  0.100050033358353E-002 -0.853470036552141E+001 -0.853470036552141E+001
  0.754210301309324E-001  0.283598993502687E-001  0.130680928534210E+001  0.100050033358353E-002 -0.886426963938430E+001 -0.886426963938430E+001
  0.413203743677488E+000  0.947692593942762E-002  0.119343013672715E+001  0.100050033358353E-002 -0.851736831400262E+001 -0.851736831400262E+001
  0.983825575027057E+000  0.392491645231348E-001  0.234756221614100E+000  0.100050033358353E-002 -0.889577167829370E+001 -0.889577167829370E+001
  0.182802950391155E+000  0.176594487929524E-001  0.128845880665763E+001  0.100050033358353E-002 -0.866121770623689E+001 -0.866121770623689E+001
  0.214291959127938E+000  0.151369720530167E-001  0.128009765540800E+001  0.100050033358353E-002 -0.861678524110345E+001 -0.861678524110345E+001
  0.400948316760941E-001  0.227844990764217E-002  0.130948816556610E+001  0.100050033358353E-002 -0.841017629156545E+001 -0.841017629156545E+001
  0.483736388299932E+000  0.245216382000522E-001  0.114700437718863E+001  0.100050033358353E-002 -0.876050832846058E+001 -0.876050832846058E+001
  0.146342351847224E+000  0.195619684649435E-001  0.129643271098823E+001  0.100050033358353E-002 -0.869507544768625E+001 -0.869507544768625E+001
  0.657024441916559E+000  0.230662403410899E-001  0.987977346471522E+000  0.100050033358353E-002 -0.871251408639921E+001 -0.871251408639921E+001
  0.922306852839232E+000  0.169512596922400E-001  0.506469920834404E+000  0.100050033358353E-002 -0.858049491274702E+001 -0.858049491274702E+001
  0.878600430354182E+000  0.237505394520152E-001  0.625859323042292E+000  0.100050033358353E-002 -0.868406446441083E+001 -0.868406446441083E+001
  0.878638660265216E+000  0.204999160610924E-001  0.625767137822717E+000  0.100050033358353E-002 -0.863682146692511E+001 -0.863682146692511E+001
  0.707561324982213E+000  0.143326443919295E-001  0.926097053320076E+000  0.100050033358353E-002 -0.857112067675030E+001 -0.857112067675030E+001
  0.411694707240729E+000  0.143219241410900E-001  0.119432552668204E+001  0.100050033358353E-002 -0.859489980022508E+001 -0.859489980022508E+001
  0.839202335659484E+000  0.766780993015370E-002  0.712698043629365E+000  0.100050033358353E-002 -0.846846583354603E+001 -0.846846583354603E+001
  0.357613740239927E-002  0.139457677305651E-001  0.131053361987049E+001  0.100050033358353E-002 -0.865970932819877E+001 -0.865970932819877E+001
  0.310965107068092E+000  0.367088126718362E-002  0.124556706905248E+001  0.100050033358353E-002 -0.843024551008803E+001 -0.843024551008803E+001
  0.884586547184781E+000  0.277852503547218E-001  0.611205430158834E+000  0.100050033358353E-002 -0.874349460387216E+001 -0.874349460387216E+001
  0.228445416281690E+000  0.116341677730443E-001  0.127588697412096E+001  0.100050033358353E-002 -0.855773788935334E+001 -0.855773788935334E+001
  0.936016659644481E+000  0.393839593069486E-001  0.461252723462218E+000  0.100050033358353E-002 -0.891456576028202E+001 -0.891456576028202E+001
  0.894727765734161E-002  0.207315948672074E-003  0.131048954203129E+001  0.100050033358353E-002 -0.837848939938257E+001 -0.837848939938257E+001
  0.866174409455930E+000  0.359099424796183E-001  0.654932651801700E+000  0.100050033358353E-002 -0.887857393129292E+001 -0.887857393129292E+001
  0.665583151079512E+000  0.230908388342441E-002  0.978088557797051E+000  0.100050033358353E-002 -0.840559659574390E+001 -0.840559659574390E+001
  0.916617316622445E+000  0.101746326009221E-001  0.523909871093479E+000  0.100050033358353E-002 -0.849378829869359E+001 -0.849378829869359E+001
  0.479372127012989E+000  0.169683129001131E-001  0.115014704321383E+001  0.100050033358353E-002 -0.863340232067131E+001 -0.863340232067131E+001
  0.547822651727795E+000  0.941616261718414E-002  0.109639221733199E+001  0.100050033358353E-002 -0.851019044823633E+001 -0.851019044823633E+001
  0.499845410224085E+000  0.222065507999389E-001  0.113507960970199E+001  0.100050033358353E-002 -0.871871119811905E+001 -0.871871119811905E+001
  0.214449477675061E+000  0.260735869871725E-001  0.128005234858271E+001  0.100050033358353E-002 -0.881014029410300E+001 -0.881014029410300E+001
  0.439352715237480E+000  0.878043742285335E-002  0.117727906433318E+001  0.100050033358353E-002 -0.850555955212394E+001 -0.850555955212394E+001
  0.614644522165719E-001  0.310455227593448E-001  0.130806412303003E+001  0.100050033358353E-002 -0.891790106279197E+001 -0.891790106279197E+001
  0.638236656893617E+000  0.146436494336526E-002  0.100890794625315E+001  0.100050033358353E-002 -0.839469989342404E+001 -0.839469989342404E+001
  0.911289875112323E+000  0.181995362179568E-001  0.539635880892825E+000  0.100050033358353E-002 -0.859924200133361E+001 -0.859924200133361E+001
  0.283723791806345E+000  0.161946547704639E-001  0.125668665069061E+001  0.100050033358353E-002 -0.863307573683872E+001 -0.863307573683872E+001
  0.620277794976302E+000  0.267490155723910E-002  0.102796583501529E+001  0.100050033358353E-002 -0.841121156858458E+001 -0.841121156858458E+001
  0.711185830378985E+000  0.240848017991562E-001  0.921316352664994E+000  0.100050033358353E-002 -0.872050940869106E+001 -0.872050940869106E+001
  0.803801234029458E+000  0.299007283761003E-003  0.779638754981078E+000  0.100050033358353E-002 -0.837893034036224E+001 -0.837893034036224E+001
  0.612465217176960E+000  0.989262768398027E-002  0.103598022458180E+001  0.100050033358353E-002 -0.851340401226260E+001 -0.851340401226260E+001
  0.847739792640878E-001  0.176119236551245E-001  0.130582432003622E+001  0.100050033358353E-002 -0.866183517796355E+001 -0.866183517796355E+001
  0.359371101814717E+000  0.315181878877003E-002  0.122299089281559E+001  0.100050033358353E-002 -0.842193101841621E+001 -0.842193101841621E+001
  0.270343183701315E+000  0.181367389690230E-001  0.126174268757918E+001  0.100050033358353E-002 -0.866592269801905E+001 -0.866592269801905E+001
  0.796707379035707E+000  0.156428490726575E-001  0.792046039976982E+000  0.100050033358353E-002 -0.857982893303645E+001 -0.857982893303645E+001
