  0.235861098882591E+000  0.000000000000000E+000 -0.439659962805841E+002 -0.439659962805841E+002 -0.587931173978740E+002
  0.235861098880849E+000  0.000000000000000E+000 -0.484863723532248E+002 -0.484863723532248E+002 -0.780100361037494E+002
  0.235861098555462E+000  0.000000000000000E+000 -0.526808641582347E+002 -0.526808641582347E+002 -0.569475250857669E+002
  0.607629468531628E+000  0.000000000000000E+000 -0.446662498600092E+002 -0.446662498600092E+002 -0.555788659422743E+002
  0.607631481202100E+000  0.000000000000000E+000 -0.462773460312826E+002 -0.462773460312826E+002 -0.578223642793007E+002
  0.607631481199410E+000  0.000000000000000E+000 -0.458520606900740E+002 -0.458520606900740E+002 -0.462773460312826E+002
  0.388062071012508E+000  0.000000000000000E+000 -0.423987605820767E+002 -0.423987605820767E+002 -0.693411866140238E+002
  0.386720547715588E+000  0.000000000000000E+000 -0.421707565085888E+002 -0.421707565085888E+002 -0.693411866140238E+002
  0.388062153738737E+000  0.000000000000000E+000 -0.507042969291569E+002 -0.507042969291569E+002 -0.662089041955163E+002
  0.388062070975297E+000  0.000000000000000E+000 -0.445093181912721E+002 -0.445093181912721E+002 -0.507042969291569E+002
  0.388050335587983E+000  0.000000000000000E+000 -0.493053269726602E+002 -0.493053269726602E+002 -0.507042969291569E+002
  0.388062071012488E+000  0.000000000000000E+000 -0.477883399929324E+002 -0.477883399929324E+002 -0.507042969291569E+002
  0.383669225638900E+000  0.000000000000000E+000 -0.471516069787157E+002 -0.471516069787157E+002 -0.611959191203262E+002
  0.383669049333189E+000  0.000000000000000E+000 -0.479682460025438E+002 -0.479682460025438E+002 -0.770161652793891E+002
  0.383667418143079E+000  0.000000000000000E+000 -0.429092348565328E+002 -0.429092348565328E+002 -0.527512353621939E+002
  0.383669049333189E+000  0.000000000000000E+000 -0.309063028088181E+002 -0.309063028088181E+002 -0.551843597465215E+002
  0.383669354745538E+000  0.000000000000000E+000 -0.475103598082602E+002 -0.475103598082602E+002 -0.551843597465215E+002
  0.383669049195979E+000  0.000000000000000E+000 -0.425375476693282E+002 -0.425375476693282E+002 -0.541599276786965E+002
  0.383669049333249E+000  0.000000000000000E+000 -0.517143164962795E+002 -0.517143164962795E+002 -0.551843597465215E+002
  0.383669226560363E+000  0.000000000000000E+000 -0.462240621149618E+002 -0.462240621149618E+002 -0.551843597465215E+002
  0.383669049333189E+000  0.000000000000000E+000 -0.400124541824521E+002 -0.400124541824521E+002 -0.527512353621939E+002
  0.383667418143078E+000  0.000000000000000E+000 -0.483803325336200E+002 -0.483803325336200E+002 -0.527512353621939E+002
  0.390008050757377E+000  0.000000000000000E+000 -0.507892609890976E+002 -0.507892609890976E+002 -0.580903686037106E+002
  0.390332656056137E+000  0.000000000000000E+000 -0.498065112659838E+002 -0.498065112659838E+002 -0.553166299663286E+002
  0.390008050757376E+000  0.000000000000000E+000 -0.519462886348766E+002 -0.519462886348766E+002 -0.639180608066373E+002
  0.390332656770955E+000  0.000000000000000E+000 -0.373262072534512E+002 -0.373262072534512E+002 -0.553166299663286E+002
  0.333770116485257E+000  0.000000000000000E+000 -0.526316645834644E+002 -0.526316645834644E+002 -0.544381186345439E+002
  0.331941403159479E+000  0.000000000000000E+000 -0.504956481899805E+002 -0.504956481899805E+002 -0.559621175201866E+002
  0.333770116485249E+000  0.000000000000000E+000 -0.522455782216783E+002 -0.522455782216783E+002 -0.534265147280163E+002
  0.346193931466979E+000  0.000000000000000E+000 -0.494660572760291E+002 -0.494660572760291E+002 -0.539341257382083E+002
  0.335260594179980E+000  0.000000000000000E+000 -0.517960133226013E+002 -0.517960133226013E+002 -0.704223603149679E+002
  0.328987836427780E+000  0.000000000000000E+000 -0.464135364931007E+002 -0.464135364931007E+002 -0.630103973010701E+002
  0.331954059698092E+000  0.000000000000000E+000 -0.519909945222495E+002 -0.519909945222495E+002 -0.546912915488746E+002
  0.322378085881598E+000  0.000000000000000E+000 -0.510062886342500E+002 -0.510062886342500E+002 -0.763815870643453E+002
  0.354498420263532E+000  0.000000000000000E+000 -0.516907137519605E+002 -0.516907137519605E+002 -0.538461644120620E+002
  0.346445281764322E+000  0.000000000000000E+000 -0.503533395328103E+002 -0.503533395328103E+002 -0.610015598530127E+002
  0.346445278916427E+000  0.000000000000000E+000 -0.458931401130098E+002 -0.458931401130098E+002 -0.565389336438043E+002
  0.332495376889410E+000  0.000000000000000E+000 -0.451809821301022E+002 -0.451809821301022E+002 -0.546912915488746E+002
  0.334849736381760E+000  0.000000000000000E+000 -0.497988134200987E+002 -0.497988134200987E+002 -0.630103973010701E+002
  0.326557997712895E+000  0.000000000000000E+000 -0.438246219526835E+002 -0.438246219526835E+002 -0.527817742167470E+002
  0.330029386846791E+000  0.000000000000000E+000 -0.426887128848328E+002 -0.426887128848328E+002 -0.750692855581261E+002
  0.326557910140789E+000  0.000000000000000E+000 -0.507828730623721E+002 -0.507828730623721E+002 -0.657929137071653E+002
  0.355504718078126E+000  0.000000000000000E+000 -0.523805407653504E+002 -0.523805407653504E+002 -0.771685207789987E+002
  0.333770116485258E+000  0.000000000000000E+000 -0.518335148912400E+002 -0.518335148912400E+002 -0.584085372565912E+002
  0.326557997712895E+000  0.000000000000000E+000 -0.404288504918439E+002 -0.404288504918439E+002 -0.566930272832748E+002
  0.333770116486142E+000  0.000000000000000E+000 -0.491778374811842E+002 -0.491778374811842E+002 -0.527817742167470E+002
  0.355536459890966E+000  0.000000000000000E+000 -0.519056549441672E+002 -0.519056549441672E+002 -0.566930272832748E+002
  0.332495376889466E+000  0.000000000000000E+000 -0.491979124944234E+002 -0.491979124944234E+002 -0.602996458733907E+002
  0.333772794917997E+000  0.000000000000000E+000 -0.401043384551145E+002 -0.401043384551145E+002 -0.650827781264416E+002
  0.331941288273084E+000  0.000000000000000E+000 -0.508538721826367E+002 -0.508538721826367E+002 -0.642218867255313E+002
  0.355505778472865E+000  0.000000000000000E+000 -0.523995297523631E+002 -0.523995297523631E+002 -0.636601520859138E+002
  0.330027959375293E+000  0.000000000000000E+000 -0.490657838975022E+002 -0.490657838975022E+002 -0.642218867255313E+002
  0.328091263502386E+000  0.000000000000000E+000 -0.370960421617626E+002 -0.370960421617626E+002 -0.573412717897554E+002
  0.355504718078182E+000  0.000000000000000E+000 -0.429483210279765E+002 -0.429483210279765E+002 -0.716814950218097E+002
  0.331237369764834E+000  0.000000000000000E+000 -0.438678815066825E+002 -0.438678815066825E+002 -0.585492075783331E+002
  0.335260591923728E+000  0.000000000000000E+000 -0.487507674350177E+002 -0.487507674350177E+002 -0.688964796980548E+002
  0.333772794895637E+000  0.000000000000000E+000 -0.284257402487492E+002 -0.284257402487492E+002 -0.590291321437793E+002
  0.355504727067401E+000  0.000000000000000E+000 -0.511120954163392E+002 -0.511120954163392E+002 -0.603733011287781E+002
  0.359127510758257E+000  0.000000000000000E+000 -0.394220950399329E+002 -0.394220950399329E+002 -0.603733011287781E+002
  0.349623987312670E+000  0.000000000000000E+000 -0.524639924368200E+002 -0.524639924368200E+002 -0.557620259844663E+002
  0.328091263502386E+000  0.000000000000000E+000 -0.510412017927551E+002 -0.510412017927551E+002 -0.655516200947379E+002
  0.354417749651188E+000  0.000000000000000E+000 -0.463481507769300E+002 -0.463481507769300E+002 -0.602996458733907E+002
  0.355505778475191E+000  0.000000000000000E+000 -0.453371046451094E+002 -0.453371046451094E+002 -0.671168963636447E+002
  0.344034421555672E+000  0.000000000000000E+000 -0.506888561134866E+002 -0.506888561134866E+002 -0.668250225746950E+002
  0.329167860551506E+000  0.000000000000000E+000 -0.524082653166780E+002 -0.524082653166780E+002 -0.599891018884142E+002
  0.349617585764797E+000  0.000000000000000E+000 -0.430069506852503E+002 -0.430069506852503E+002 -0.725810827834742E+002
  0.346445279943385E+000  0.000000000000000E+000 -0.430182613607845E+002 -0.430182613607845E+002 -0.573412717897554E+002
  0.349617322218612E+000  0.000000000000000E+000 -0.501037806235865E+002 -0.501037806235865E+002 -0.601588797561842E+002
  0.334441204592783E+000  0.000000000000000E+000 -0.475379769988150E+002 -0.475379769988150E+002 -0.690531065401264E+002
  0.346193928405644E+000  0.000000000000000E+000 -0.515524560874554E+002 -0.515524560874554E+002 -0.544890731737810E+002
  0.355503865510490E+000  0.000000000000000E+000 -0.331165504637944E+002 -0.331165504637944E+002 -0.596919075558960E+002
  0.326881814701964E+000  0.000000000000000E+000 -0.412229125035034E+002 -0.412229125035034E+002 -0.527817742167470E+002
  0.332297684510134E+000  0.000000000000000E+000 -0.495696028819474E+002 -0.495696028819474E+002 -0.527817742167470E+002
  0.309667475325942E+000  0.000000000000000E+000 -0.447052385591705E+002 -0.447052385591705E+002 -0.551899577137689E+002
  0.297876809743575E+000  0.000000000000000E+000 -0.404418052923092E+002 -0.404418052923092E+002 -0.615439724568693E+002
  0.310214053157283E+000  0.000000000000000E+000 -0.508474419505211E+002 -0.508474419505211E+002 -0.568064037011788E+002
  0.312942371762261E+000  0.000000000000000E+000 -0.458065430341746E+002 -0.458065430341746E+002 -0.549268641738828E+002
  0.312941963566732E+000  0.000000000000000E+000 -0.381404028775234E+002 -0.381404028775234E+002 -0.536696894976530E+002
  0.313627136217494E+000  0.000000000000000E+000 -0.525481554161591E+002 -0.525481554161591E+002 -0.734104803322731E+002
  0.313638251553147E+000  0.000000000000000E+000 -0.398701546882955E+002 -0.398701546882955E+002 -0.527929422458077E+002
  0.274770194514686E+000  0.000000000000000E+000 -0.407546511625758E+002 -0.407546511625758E+002 -0.596564426223706E+002
  0.312942321593937E+000  0.000000000000000E+000 -0.419161415838546E+002 -0.419161415838546E+002 -0.568064037011788E+002
  0.312941963566731E+000  0.000000000000000E+000 -0.478155867109397E+002 -0.478155867109397E+002 -0.576323014369048E+002
  0.312942321594828E+000  0.000000000000000E+000 -0.520610448826417E+002 -0.520610448826417E+002 -0.652863377141106E+002
  0.312942322658705E+000  0.000000000000000E+000 -0.520928557742081E+002 -0.520928557742081E+002 -0.592069113862425E+002
  0.309667475322682E+000  0.000000000000000E+000 -0.508405551750161E+002 -0.508405551750161E+002 -0.578978251713882E+002
  0.298549451790810E+000  0.000000000000000E+000 -0.517692169232369E+002 -0.517692169232369E+002 -0.854423670061287E+002
  0.312945842827430E+000  0.000000000000000E+000 -0.447788530096147E+002 -0.447788530096147E+002 -0.622487109772728E+002
  0.312924297690683E+000  0.000000000000000E+000 -0.505857807945742E+002 -0.505857807945742E+002 -0.551899577137689E+002
  0.313627171013290E+000  0.000000000000000E+000 -0.523598281945329E+002 -0.523598281945329E+002 -0.568064037011788E+002
  0.312903052582144E+000  0.000000000000000E+000 -0.455040565969366E+002 -0.455040565969366E+002 -0.551899577137689E+002
  0.277304393457397E+000  0.000000000000000E+000 -0.421268758265203E+002 -0.421268758265203E+002 -0.622487109772728E+002
  0.429560975763154E+000  0.000000000000000E+000 -0.341084023296048E+002 -0.341084023296048E+002 -0.100000000000000E+031
  0.429186974273788E+000  0.000000000000000E+000 -0.526401849078075E+002 -0.526401849078075E+002 -0.583570572556597E+002
  0.433424197232652E+000  0.000000000000000E+000 -0.383483114678068E+002 -0.383483114678068E+002 -0.583570572556597E+002
  0.433424197232600E+000  0.000000000000000E+000 -0.300118807514095E+002 -0.300118807514095E+002 -0.652687082714187E+002
  0.429560944300555E+000  0.000000000000000E+000 -0.456883969676809E+002 -0.456883969676809E+002 -0.572792911316908E+002
  0.427300816585917E+000  0.000000000000000E+000 -0.492312464915155E+002 -0.492312464915155E+002 -0.639523747761034E+002
  0.427303784446902E+000  0.000000000000000E+000 -0.492099092610034E+002 -0.492099092610034E+002 -0.571519795564432E+002
  0.441166023543431E+000  0.000000000000000E+000 -0.496319109287888E+002 -0.496319109287888E+002 -0.605993353672472E+002
  0.429186923027694E+000  0.000000000000000E+000 -0.474656064251249E+002 -0.474656064251249E+002 -0.674045422439537E+002
  0.427300814168203E+000  0.000000000000000E+000 -0.452598936018029E+002 -0.452598936018029E+002 -0.534175295873223E+002
  0.427312230427257E+000  0.000000000000000E+000 -0.441397695071934E+002 -0.441397695071934E+002 -0.531174191069203E+002
  0.432897805451853E+000  0.000000000000000E+000 -0.501679733774040E+002 -0.501679733774040E+002 -0.544131709650466E+002
  0.429186923027694E+000  0.000000000000000E+000 -0.425797664045413E+002 -0.425797664045413E+002 -0.597659022671530E+002
  0.427300816585921E+000  0.000000000000000E+000 -0.526565389669681E+002 -0.526565389669681E+002 -0.565447469359668E+002
  0.433568407026018E+000  0.000000000000000E+000 -0.517385380381172E+002 -0.517385380381172E+002 -0.638339160617911E+002
  0.427303984185744E+000  0.000000000000000E+000 -0.465566081946111E+002 -0.465566081946111E+002 -0.644641773308196E+002
  0.427312515585015E+000  0.000000000000000E+000 -0.331409528352650E+002 -0.331409528352650E+002 -0.605993353672472E+002
  0.427312514861544E+000  0.000000000000000E+000 -0.422775399822677E+002 -0.422775399822677E+002 -0.534175295873223E+002
  0.441166023544928E+000  0.000000000000000E+000 -0.413333357291469E+002 -0.413333357291469E+002 -0.665220952084392E+002
  0.433424170060024E+000  0.000000000000000E+000 -0.508327177600477E+002 -0.508327177600477E+002 -0.541439984312452E+002
  0.431515384056830E+000  0.000000000000000E+000 -0.524891380324138E+002 -0.524891380324138E+002 -0.624974457342150E+002
  0.427300742449979E+000  0.000000000000000E+000 -0.505054112360413E+002 -0.505054112360413E+002 -0.593212468926537E+002
  0.433453710265513E+000  0.000000000000000E+000 -0.479421164772345E+002 -0.479421164772345E+002 -0.572792911316908E+002
  0.433247622319786E+000  0.000000000000000E+000 -0.518753398359516E+002 -0.518753398359516E+002 -0.603043387553830E+002
  0.433424197347456E+000  0.000000000000000E+000 -0.445385167499110E+002 -0.445385167499110E+002 -0.544131709650466E+002
  0.427300742448922E+000  0.000000000000000E+000 -0.435663715647206E+002 -0.435663715647206E+002 -0.544131709650466E+002
  0.441152077049465E+000  0.000000000000000E+000 -0.507795982367940E+002 -0.507795982367940E+002 -0.544131709650466E+002
  0.429186974392989E+000  0.000000000000000E+000 -0.507387867519170E+002 -0.507387867519170E+002 -0.544131709650466E+002
  0.441165782945057E+000  0.000000000000000E+000 -0.400781223952319E+002 -0.400781223952319E+002 -0.544131709650466E+002
  0.429560944300554E+000  0.000000000000000E+000 -0.351061563412069E+002 -0.351061563412069E+002 -0.544131709650466E+002
  0.433907224434047E+000  0.000000000000000E+000 -0.500035768694726E+002 -0.500035768694726E+002 -0.544131709650466E+002
  0.429560945031715E+000  0.000000000000000E+000 -0.490149196484539E+002 -0.490149196484539E+002 -0.544131709650466E+002
  0.431410967635034E+000  0.000000000000000E+000 -0.382866376494122E+002 -0.382866376494122E+002 -0.541439984312452E+002
  0.441166023544956E+000  0.000000000000000E+000 -0.427964233586978E+002 -0.427964233586978E+002 -0.526565389669681E+002
  0.546430549032575E+000  0.000000000000000E+000 -0.446760804656781E+002 -0.446760804656781E+002 -0.546478191628751E+002
  0.550092964111868E+000  0.000000000000000E+000 -0.470364668155400E+002 -0.470364668155400E+002 -0.669438115629974E+002
  0.562571842034044E+000  0.000000000000000E+000 -0.481216573145931E+002 -0.481216573145931E+002 -0.675778751264580E+002
  0.547571923800562E+000  0.000000000000000E+000 -0.480601057333639E+002 -0.480601057333639E+002 -0.592817120754472E+002
  0.553634615069631E+000  0.000000000000000E+000 -0.457786575118941E+002 -0.457786575118941E+002 -0.683371538047022E+002
  0.547480083248052E+000  0.000000000000000E+000 -0.499485173897982E+002 -0.499485173897982E+002 -0.652687082714187E+002
  0.560865159706455E+000  0.000000000000000E+000 -0.346616017906067E+002 -0.346616017906067E+002 -0.576683502861307E+002
  0.546432224158639E+000  0.000000000000000E+000 -0.428463837393666E+002 -0.428463837393666E+002 -0.100147044836780E+003
  0.560865159707550E+000  0.000000000000000E+000 -0.466828813697066E+002 -0.466828813697066E+002 -0.729970025508055E+002
  0.547480115165198E+000  0.000000000000000E+000 -0.364659018465947E+002 -0.364659018465947E+002 -0.680638168037409E+002
  0.546305326014953E+000  0.000000000000000E+000 -0.302119792695947E+002 -0.302119792695947E+002 -0.576683502861307E+002
  0.547480115165175E+000  0.000000000000000E+000 -0.496705075138489E+002 -0.496705075138489E+002 -0.592817120754472E+002
  0.553422394434372E+000  0.000000000000000E+000 -0.428451484011198E+002 -0.428451484011198E+002 -0.499485173897982E+002
  0.545745340126281E+000  0.000000000000000E+000 -0.379126963934742E+002 -0.379126963934742E+002 -0.900106799032140E+002
  0.545745351909173E+000  0.000000000000000E+000 -0.503452661277531E+002 -0.503452661277531E+002 -0.963496504592014E+002
  0.524144799495179E+000  0.000000000000000E+000 -0.505475901736527E+002 -0.505475901736527E+002 -0.101405131607676E+003
  0.545745339941070E+000  0.000000000000000E+000 -0.405093843806702E+002 -0.405093843806702E+002 -0.637615535470868E+002
  0.545745351908391E+000  0.000000000000000E+000 -0.346031998702611E+002 -0.346031998702611E+002 -0.659761458752446E+002
  0.524144799495818E+000  0.000000000000000E+000 -0.447043307127944E+002 -0.447043307127944E+002 -0.544381252111004E+002
  0.545746095088912E+000  0.000000000000000E+000 -0.408687985332871E+002 -0.408687985332871E+002 -0.644641773308196E+002
  0.545745351760973E+000  0.000000000000000E+000 -0.478768293641030E+002 -0.478768293641030E+002 -0.659761458752446E+002
  0.545995933171719E+000  0.000000000000000E+000 -0.499845822463856E+002 -0.499845822463856E+002 -0.595122628116181E+002
  0.494452748971935E+000  0.000000000000000E+000 -0.443673264861111E+002 -0.443673264861111E+002 -0.539916929587862E+002
  0.494452748971934E+000  0.000000000000000E+000 -0.467194350430707E+002 -0.467194350430707E+002 -0.729970025508055E+002
  0.416138085315503E+000  0.000000000000000E+000 -0.474141059056233E+002 -0.474141059056233E+002 -0.539456460532163E+002
  0.416683629259364E+000  0.000000000000000E+000 -0.519343178008062E+002 -0.519343178008062E+002 -0.753811707481520E+002
  0.416125333192031E+000  0.000000000000000E+000 -0.402586649935184E+002 -0.402586649935184E+002 -0.611229281573805E+002
  0.416138085769769E+000  0.000000000000000E+000 -0.494365111105560E+002 -0.494365111105560E+002 -0.588609421069539E+002
  0.416683644125638E+000  0.000000000000000E+000 -0.399716934531290E+002 -0.399716934531290E+002 -0.613822261244815E+002
  0.416121879408314E+000  0.000000000000000E+000 -0.482559083741990E+002 -0.482559083741990E+002 -0.583724525409615E+002
  0.416138085769563E+000  0.000000000000000E+000 -0.467603762239521E+002 -0.467603762239521E+002 -0.531655188800811E+002
  0.416138607226105E+000  0.000000000000000E+000 -0.329706453030010E+002 -0.329706453030010E+002 -0.563717131685979E+002
  0.416138085769770E+000  0.000000000000000E+000 -0.412332579876636E+002 -0.412332579876636E+002 -0.673363238902318E+002
  0.416148011319963E+000  0.000000000000000E+000 -0.516195423127434E+002 -0.516195423127434E+002 -0.669438115629974E+002
  0.416138085315488E+000  0.000000000000000E+000 -0.322238967157981E+002 -0.322238967157981E+002 -0.563717131685979E+002
  0.416228636052026E+000  0.000000000000000E+000 -0.382710155970277E+002 -0.382710155970277E+002 -0.531655188800811E+002
  0.426204952974796E+000  0.000000000000000E+000 -0.461941546915224E+002 -0.461941546915224E+002 -0.550371020208994E+002
  0.421940361086389E+000  0.000000000000000E+000 -0.436148931060893E+002 -0.436148931060893E+002 -0.652687082714187E+002
  0.425859910293671E+000  0.000000000000000E+000 -0.507297308771170E+002 -0.507297308771170E+002 -0.575536205275992E+002
  0.426204952893491E+000  0.000000000000000E+000 -0.483765921646412E+002 -0.483765921646412E+002 -0.558032884882065E+002
  0.425861454823199E+000  0.000000000000000E+000 -0.475129027523267E+002 -0.475129027523267E+002 -0.808056312018451E+002
  0.426196965570850E+000  0.000000000000000E+000 -0.504165850416201E+002 -0.504165850416201E+002 -0.689875084445752E+002
  0.426204952941094E+000  0.000000000000000E+000 -0.458325879692740E+002 -0.458325879692740E+002 -0.555924098692016E+002
  0.425859910293658E+000  0.000000000000000E+000 -0.490404812138054E+002 -0.490404812138054E+002 -0.575536205275992E+002
  0.424169869606398E+000  0.000000000000000E+000 -0.469919410210002E+002 -0.469919410210002E+002 -0.575536205275992E+002
  0.426204952170049E+000  0.000000000000000E+000 -0.329339645206765E+002 -0.329339645206765E+002 -0.544909492407900E+002
  0.426204952873952E+000  0.000000000000000E+000 -0.458887587562254E+002 -0.458887587562254E+002 -0.507297308771170E+002
  0.425861454823204E+000  0.000000000000000E+000 -0.347827850417507E+002 -0.347827850417507E+002 -0.507297308771170E+002
  0.425859910439296E+000  0.000000000000000E+000 -0.404742725466080E+002 -0.404742725466080E+002 -0.507297308771170E+002
  0.456226046003178E+000  0.000000000000000E+000 -0.509555859112908E+002 -0.509555859112908E+002 -0.556612959558493E+002
  0.453828009823069E+000  0.000000000000000E+000 -0.490490916301872E+002 -0.490490916301872E+002 -0.115335213794960E+003
  0.453264157131339E+000  0.000000000000000E+000 -0.476066326492421E+002 -0.476066326492421E+002 -0.530885139409073E+002
  0.453264151264424E+000  0.000000000000000E+000 -0.384108616174608E+002 -0.384108616174608E+002 -0.604660520904817E+002
  0.462003726003463E+000  0.000000000000000E+000 -0.419238418400241E+002 -0.419238418400241E+002 -0.642001753314160E+002
  0.453264157131340E+000  0.000000000000000E+000 -0.364242662452943E+002 -0.364242662452943E+002 -0.549363140392384E+002
  0.452719902159596E+000  0.000000000000000E+000 -0.258595448836156E+002 -0.258595448836156E+002 -0.576578357992630E+002
  0.456657039078838E+000  0.000000000000000E+000 -0.409311327459481E+002 -0.409311327459481E+002 -0.556612959558493E+002
  0.456226046003016E+000  0.000000000000000E+000 -0.481632699952279E+002 -0.481632699952279E+002 -0.576578357992630E+002
  0.453264151352711E+000  0.000000000000000E+000 -0.495333339343769E+002 -0.495333339343769E+002 -0.604660520904817E+002
  0.453149012233386E+000  0.000000000000000E+000 -0.487396922304281E+002 -0.487396922304281E+002 -0.549363140392384E+002
  0.451752112111306E+000  0.000000000000000E+000 -0.508373347381827E+002 -0.508373347381827E+002 -0.600166013564440E+002
  0.451437906002495E+000  0.000000000000000E+000 -0.416475695519292E+002 -0.416475695519292E+002 -0.583189545485877E+002
  0.451752262432896E+000  0.000000000000000E+000 -0.451484878625412E+002 -0.451484878625412E+002 -0.568162949950578E+002
  0.451773190791841E+000  0.000000000000000E+000 -0.417021230597362E+002 -0.417021230597362E+002 -0.808056312018451E+002
  0.451773190791842E+000  0.000000000000000E+000 -0.348487225933509E+002 -0.348487225933509E+002 -0.622324232045901E+002
  0.451773190791802E+000  0.000000000000000E+000 -0.478059250175900E+002 -0.478059250175900E+002 -0.551128483911627E+002
  0.451773398258453E+000  0.000000000000000E+000 -0.384316051936815E+002 -0.384316051936815E+002 -0.583189545485877E+002
  0.451437906000592E+000  0.000000000000000E+000 -0.513452393612223E+002 -0.513452393612223E+002 -0.551128483911627E+002
  0.451773187993336E+000  0.000000000000000E+000 -0.484821465203553E+002 -0.484821465203553E+002 -0.513452393612223E+002
  0.480692246771035E+000  0.000000000000000E+000 -0.429300662587454E+002 -0.429300662587454E+002 -0.642001753314160E+002
  0.480690479880286E+000  0.000000000000000E+000 -0.334334131603507E+002 -0.334334131603507E+002 -0.668043803794307E+002
  0.480708012229411E+000  0.000000000000000E+000 -0.419105571754206E+002 -0.419105571754206E+002 -0.540525854030939E+002
  0.480690477389771E+000  0.000000000000000E+000 -0.478397084772573E+002 -0.478397084772573E+002 -0.540525854030939E+002
  0.480708012232091E+000  0.000000000000000E+000 -0.468003078757108E+002 -0.468003078757108E+002 -0.478397084772573E+002
