  0.100000000000000E+001  0.341142658791217E+002  0.829436005665504E+000  0.292732809320056E+000  0.732071051601596E+000  0.100050033358353E-002 -0.170571329395608E+002
  0.100000000000000E+001  0.340810306498908E+002  0.954349033314772E-001  0.267800303060633E+000  0.130456025786031E+001  0.100050033358353E-002 -0.170405153249454E+002
  0.100000000000000E+001  0.338687259553930E+002  0.731238393170858E+000  0.291986542444031E+000  0.893949520007448E+000  0.100050033358353E-002 -0.169343629776965E+002
  0.100000000000000E+001  0.331943038097858E+002  0.762343822821514E+000  0.284816225303836E+000  0.848146389177909E+000  0.100050033358353E-002 -0.165971519048929E+002
  0.100000000000000E+001  0.259812862257391E+002  0.411468918573831E+000  0.179766304893814E-001  0.119445915952012E+001  0.100050033358353E-002 -0.129906431128695E+002
  0.100000000000000E+001  0.259827144429914E+002  0.465222024383659E+000  0.665649853023487E-002  0.116008395245130E+001  0.100050033358353E-002 -0.129913572214957E+002
  0.100000000000000E+001  0.309434689849980E+002  0.285222771481420E+000  0.228810778505990E+000  0.125610372546435E+001  0.100050033358353E-002 -0.154717344924990E+002
  0.100000000000000E+001  0.259894885873035E+002  0.673925754684985E+000  0.163959287196563E+000  0.968227220853324E+000  0.100050033358353E-002 -0.129947442936517E+002
  0.100000000000000E+001  0.259920695307612E+002  0.392866278918787E+000  0.216930015866037E-001  0.120516867060271E+001  0.100050033358353E-002 -0.129960347653806E+002
  0.100000000000000E+001  0.259929902990987E+002  0.852324359510898E+000  0.175141675508512E+000  0.685431239756542E+000  0.100050033358353E-002 -0.129964951495493E+002
  0.100000000000000E+001  0.305149827895195E+002  0.696702349864397E+000  0.249291681167131E+000  0.940130834871976E+000  0.100050033358353E-002 -0.152574913947597E+002
  0.100000000000000E+001  0.304820233652404E+002  0.823952540656243E+000  0.250021674306059E+000  0.742630174564054E+000  0.100050033358353E-002 -0.152410116826202E+002
  0.100000000000000E+001  0.304726526056167E+002  0.146274103243432E+000  0.215771994593552E+000  0.129644593953726E+001  0.100050033358353E-002 -0.152363263028084E+002
  0.100000000000000E+001  0.260014846479823E+002  0.477360683049697E+000  0.130065325872492E+000  0.115158301565137E+001  0.100050033358353E-002 -0.130007423239911E+002
  0.100000000000000E+001  0.260079635042569E+002  0.634022141486190E+000  0.158731072575072E+000  0.101346164681524E+001  0.100050033358353E-002 -0.130039817521284E+002
  0.100000000000000E+001  0.302651986777817E+002  0.743810737191605E+000  0.247282556513552E+000  0.875953554762712E+000  0.100050033358353E-002 -0.151325993388908E+002
  0.100000000000000E+001  0.298277968355423E+002  0.876454142683749E+000  0.237084884984531E+000  0.631006764724327E+000  0.100050033358353E-002 -0.149138984177712E+002
  0.100000000000000E+001  0.297000886524909E+002  0.969657385736882E-001  0.199187800743583E+000  0.130436635911795E+001  0.100050033358353E-002 -0.148500443262454E+002
  0.100000000000000E+001  0.296408938645878E+002  0.370777204371848E+000  0.211865452356634E+000  0.121712898372290E+001  0.100050033358353E-002 -0.148204469322939E+002
  0.100000000000000E+001  0.294879519423243E+002  0.109509877321181E+000  0.193836754426057E+000  0.130266001711461E+001  0.100050033358353E-002 -0.147439759711621E+002
  0.100000000000000E+001  0.260269009872978E+002  0.386649150901071E+000  0.111247827827097E+000  0.120861707107561E+001  0.100050033358353E-002 -0.130134504936489E+002
  0.100000000000000E+001  0.293873305627424E+002  0.191220428132284E+000  0.195357529213782E+000  0.128635872512794E+001  0.100050033358353E-002 -0.146936652813712E+002
  0.100000000000000E+001  0.260375762628091E+002  0.275320765577581E+000  0.716101083094732E-001  0.125989272362192E+001  0.100050033358353E-002 -0.130187881314045E+002
  0.100000000000000E+001  0.289469702368399E+002  0.443442659255673E+000  0.204079589276372E+000  0.117464239003296E+001  0.100050033358353E-002 -0.144734851184199E+002
  0.100000000000000E+001  0.260449883847591E+002  0.389118211128742E+000  0.193727324728000E-001  0.120725534083914E+001  0.100050033358353E-002 -0.130224941923795E+002
  0.100000000000000E+001  0.288861580967436E+002  0.142514972726089E+000  0.183585121963739E+000  0.129716483418740E+001  0.100050033358353E-002 -0.144430790483718E+002
  0.100000000000000E+001  0.288672576955121E+002  0.342626212582530E+000  0.194560924259743E+000  0.123121726249606E+001  0.100050033358353E-002 -0.144336288477560E+002
  0.100000000000000E+001  0.288345204451795E+002  0.746331000087243E+000  0.226370887201584E+000  0.872263949988886E+000  0.100050033358353E-002 -0.144172602225897E+002
  0.100000000000000E+001  0.287566966705108E+002  0.755995957762504E+000  0.225338398353442E+000  0.857849712657722E+000  0.100050033358353E-002 -0.143783483352554E+002
  0.100000000000000E+001  0.287248454022062E+002  0.431784799916090E+000  0.198717267585115E+000  0.118207828968501E+001  0.100050033358353E-002 -0.143624227011031E+002
  0.100000000000000E+001  0.286908041092432E+002  0.651261975954300E+000  0.217947184745193E+000  0.994508696434371E+000  0.100050033358353E-002 -0.143454020546216E+002
  0.100000000000000E+001  0.261049657706406E+002  0.329429436240190E+000  0.101752272792025E+000  0.123738780521607E+001  0.100050033358353E-002 -0.130524828853203E+002
  0.100000000000000E+001  0.261251490619324E+002  0.283816118911486E+000  0.394784084398933E-001  0.125665084296774E+001  0.100050033358353E-002 -0.130625745309662E+002
  0.100000000000000E+001  0.261299124208809E+002  0.673332583351837E+000  0.167476065959177E+000  0.968935764746923E+000  0.100050033358353E-002 -0.130649562104405E+002
  0.100000000000000E+001  0.284600079755766E+002  0.660800369738554E+000  0.214918097326778E+000  0.983642636545633E+000  0.100050033358353E-002 -0.142300039877883E+002
  0.100000000000000E+001  0.261424057477592E+002  0.266615022435964E+000  0.431250330367080E-001  0.126310445196296E+001  0.100050033358353E-002 -0.130712028738796E+002
  0.100000000000000E+001  0.283707614992536E+002  0.850515351404246E+000  0.218384881648130E+000  0.689279857091016E+000  0.100050033358353E-002 -0.141853807496268E+002
  0.100000000000000E+001  0.283349600382807E+002  0.201795609670236E-001  0.162168474121051E+000  0.131027513685847E+001  0.100050033358353E-002 -0.141674800191404E+002
  0.100000000000000E+001  0.282277459883737E+002  0.688593218933534E-001  0.164740608116369E+000  0.130743127111174E+001  0.100050033358353E-002 -0.141138729941868E+002
  0.100000000000000E+001  0.282167326801117E+002  0.828480241084397E+000  0.217118471221745E+000  0.733927495661535E+000  0.100050033358353E-002 -0.141083663400558E+002
  0.100000000000000E+001  0.281066929854533E+002  0.193699680945306E+000  0.165374823036489E+000  0.128572147666627E+001  0.100050033358353E-002 -0.140533464927266E+002
  0.100000000000000E+001  0.280756615636434E+002  0.151174586688591E+000  0.162350762132229E+000  0.129548004373447E+001  0.100050033358353E-002 -0.140378307818217E+002
  0.100000000000000E+001  0.280556165337714E+002  0.523167825694644E+000  0.193966772637337E+000  0.111688278827550E+001  0.100050033358353E-002 -0.140278082668857E+002
  0.100000000000000E+001  0.261530851080193E+002  0.231785892925200E+000  0.571689917865119E-001  0.127485178307728E+001  0.100050033358353E-002 -0.130765425540096E+002
  0.100000000000000E+001  0.279660828550437E+002  0.370661924234251E+000  0.176522686810809E+000  0.121718928888876E+001  0.100050033358353E-002 -0.139830414275219E+002
  0.100000000000000E+001  0.279314462039563E+002  0.924254074159190E-002  0.929750113816530E-001  0.131048602256808E+001  0.100050033358353E-002 -0.139657231019782E+002
  0.100000000000000E+001  0.279290574576891E+002  0.439483228707445E-001  0.154745522794918E+000  0.130927576178013E+001  0.100050033358353E-002 -0.139645287288445E+002
  0.100000000000000E+001  0.278643043668681E+002  0.263641608943559E+000  0.163708738237540E+000  0.126417594628673E+001  0.100050033358353E-002 -0.139321521834340E+002
  0.100000000000000E+001  0.278529293475771E+002  0.348110062958624E+000  0.171353196244046E+000  0.122857240805780E+001  0.100050033358353E-002 -0.139264646737885E+002
  0.100000000000000E+001  0.278180953204826E+002  0.595278671354060E+000  0.196611138730293E+000  0.105304582141577E+001  0.100050033358353E-002 -0.139090476602413E+002
  0.100000000000000E+001  0.261576112451686E+002  0.241885551488716E+000  0.792802950638978E-001  0.127162517637113E+001  0.100050033358353E-002 -0.130788056225843E+002
  0.100000000000000E+001  0.277884880590779E+002  0.207000760128600E+000  0.157690732422935E+000  0.128215668484375E+001  0.100050033358353E-002 -0.138942440295390E+002
  0.100000000000000E+001  0.261713166322587E+002  0.468839383484613E+000  0.135438125209021E+000  0.115758004388462E+001  0.100050033358353E-002 -0.130856583161293E+002
  0.100000000000000E+001  0.261721019118676E+002  0.296667898110819E+000  0.987727562139835E-001  0.125154233085137E+001  0.100050033358353E-002 -0.130860509559338E+002
  0.100000000000000E+001  0.261760230749561E+002  0.254443236738170E+000  0.429047750285462E-001  0.126740906194045E+001  0.100050033358353E-002 -0.130880115374781E+002
  0.100000000000000E+001  0.261946933537789E+002  0.713542180717660E+000  0.173798164642455E+000  0.918181808788415E+000  0.100050033358353E-002 -0.130973466768894E+002
  0.100000000000000E+001  0.262107745356997E+002  0.301555022153709E+000  0.276693609080531E-001  0.124953466590516E+001  0.100050033358353E-002 -0.131053872678498E+002
  0.100000000000000E+001  0.276689868575135E+002  0.424127098894767E+000  0.174612188112929E+000  0.118683034018782E+001  0.100050033358353E-002 -0.138344934287567E+002
  0.100000000000000E+001  0.262569421799527E+002  0.325664640354065E+000  0.110935526623890E+000  0.123909825806563E+001  0.100050033358353E-002 -0.131284710899764E+002
  0.100000000000000E+001  0.276530597005291E+002  0.382012829510919E-001  0.147758930702158E+000  0.130958538898475E+001  0.100050033358353E-002 -0.138265298502645E+002
  0.100000000000000E+001  0.276320290328780E+002  0.270605994173383E+000  0.158364998620594E+000  0.126164592289571E+001  0.100050033358353E-002 -0.138160145164390E+002
  0.100000000000000E+001  0.262595827107188E+002  0.405199147114496E+000  0.551421734542556E-002  0.119813477586422E+001  0.100050033358353E-002 -0.131297913553594E+002
  0.100000000000000E+001  0.276053561877507E+002  0.134418758873791E+000  0.148294824131945E+000  0.129864832986620E+001  0.100050033358353E-002 -0.138026780938753E+002
  0.100000000000000E+001  0.262750524089845E+002  0.412850061068222E+000  0.354323727711869E-002  0.119364034929917E+001  0.100050033358353E-002 -0.131375262044922E+002
  0.100000000000000E+001  0.262773221923326E+002  0.316195236793043E+000  0.111833096143019E+000  0.124330351628631E+001  0.100050033358353E-002 -0.131386610961663E+002
  0.100000000000000E+001  0.275382710405776E+002  0.981559097757605E+000  0.154512115356907E+000  0.250521810178275E+000  0.100050033358353E-002 -0.137691355202888E+002
  0.100000000000000E+001  0.275112656361733E+002  0.244551458689494E+000  0.152517671338219E+000  0.127074911599636E+001  0.100050033358353E-002 -0.137556328180867E+002
  0.100000000000000E+001  0.262808633873921E+002  0.208010070805690E+000  0.858903799930355E-001  0.128187610103138E+001  0.100050033358353E-002 -0.131404316936960E+002
  0.100000000000000E+001  0.275006223087101E+002  0.974486984279085E+000  0.161793056713469E+000  0.294143312981270E+000  0.100050033358353E-002 -0.137503111543550E+002
  0.100000000000000E+001  0.262815148810875E+002  0.183642254048453E+000  0.780329494838881E-001  0.128825380184197E+001  0.100050033358353E-002 -0.131407574405437E+002
  0.100000000000000E+001  0.274779211130982E+002  0.762438891274877E+000  0.204056461665372E+000  0.847999603715552E+000  0.100050033358353E-002 -0.137389605565491E+002
  0.100000000000000E+001  0.273878559339508E+002  0.364168783165310E+000  0.160486032363826E+000  0.122055097060790E+001  0.100050033358353E-002 -0.136939279669754E+002
  0.100000000000000E+001  0.262822859307781E+002  0.163490331083253E+000  0.628710855978909E-001  0.129290857410981E+001  0.100050033358353E-002 -0.131411429653890E+002
  0.100000000000000E+001  0.273419781137269E+002  0.385400474451529E+000  0.161250279070219E+000  0.120930185773271E+001  0.100050033358353E-002 -0.136709890568635E+002
  0.100000000000000E+001  0.262889472223175E+002  0.874146700918420E+000  0.179312294494286E+000  0.636480404319047E+000  0.100050033358353E-002 -0.131444736111588E+002
  0.100000000000000E+001  0.262945123791345E+002  0.161479638730287E+000  0.710291629752244E-001  0.129334250449200E+001  0.100050033358353E-002 -0.131472561895672E+002
  0.100000000000000E+001  0.263215500201420E+002  0.183293111761746E+000  0.843397760531843E-001  0.128833919991836E+001  0.100050033358353E-002 -0.131607750100710E+002
  0.100000000000000E+001  0.263345198267945E+002  0.130742717218353E+000  0.602253020052456E-001  0.129929274160566E+001  0.100050033358353E-002 -0.131672599133972E+002
  0.100000000000000E+001  0.263406889611669E+002  0.150296780706089E+000  0.774225181060245E-001  0.129565545455109E+001  0.100050033358353E-002 -0.131703444805834E+002
  0.100000000000000E+001  0.272534267616304E+002  0.743782553469041E+000  0.198697371081340E+000  0.875994656784896E+000  0.100050033358353E-002 -0.136267133808152E+002
  0.100000000000000E+001  0.272452815750271E+002  0.355214061278023E+000  0.154975028671397E+000  0.122507498555657E+001  0.100050033358353E-002 -0.136226407875136E+002
  0.100000000000000E+001  0.263594659146820E+002  0.151425430562678E+000  0.460789627164452E-001  0.129542972588788E+001  0.100050033358353E-002 -0.131797329573410E+002
  0.100000000000000E+001  0.263600386207021E+002  0.132509759991421E+000  0.512718421230577E-001  0.129898524820341E+001  0.100050033358353E-002 -0.131800193103511E+002
  0.100000000000000E+001  0.263705540056748E+002  0.997378732907734E-001  0.672107422199293E-001  0.130400730596322E+001  0.100050033358353E-002 -0.131852770028374E+002
  0.100000000000000E+001  0.271795201822392E+002  0.753988989853624E+000  0.197950423219290E+000  0.860878074986373E+000  0.100050033358353E-002 -0.135897600911196E+002
  0.100000000000000E+001  0.263789803482985E+002  0.895435203671329E-001  0.611094841615106E-001  0.130527743546105E+001  0.100050033358353E-002 -0.131894901741492E+002
  0.100000000000000E+001  0.263865742968284E+002  0.399050430179658E+000  0.131249270239037E+000  0.120167393917109E+001  0.100050033358353E-002 -0.131932871484142E+002
  0.100000000000000E+001  0.271519341195500E+002  0.909352964859013E-001  0.187216639492194E-002  0.130511216616697E+001  0.100050033358353E-002 -0.135759670597750E+002
  0.100000000000000E+001  0.271361449415109E+002  0.970785718333016E-001  0.128460247830825E+000  0.130435194418090E+001  0.100050033358353E-002 -0.135680724707555E+002
  0.100000000000000E+001  0.263898966879692E+002  0.367880461756847E+000  0.125863355490429E+000  0.121863774077180E+001  0.100050033358353E-002 -0.131949483439846E+002
  0.100000000000000E+001  0.263962900096047E+002  0.822928546388016E-001  0.546458642346612E-001  0.130609689165694E+001  0.100050033358353E-002 -0.131981450048023E+002
  0.100000000000000E+001  0.264026933674521E+002  0.149607427329195E-001  0.748161312621213E-001  0.131039532653189E+001  0.100050033358353E-002 -0.132013466837260E+002
  0.100000000000000E+001  0.271179653531526E+002  0.655550155707383E+000  0.188376099958514E+000  0.989657935345453E+000  0.100050033358353E-002 -0.135589826765763E+002
  0.100000000000000E+001  0.270699621105143E+002  0.242476188426574E+000  0.137192684009115E+000  0.127143196343360E+001  0.100050033358353E-002 -0.135349810552571E+002
  0.100000000000000E+001  0.270514991432029E+002  0.238835803755556E+000  0.136031948935831E+000  0.127261487082297E+001  0.100050033358353E-002 -0.135257495716014E+002
  0.100000000000000E+001  0.270439072880655E+002  0.373342867762530E+000  0.150892757853603E+000  0.121578120527624E+001  0.100050033358353E-002 -0.135219536440328E+002
  0.100000000000000E+001  0.264066935919940E+002  0.670039336019179E-001  0.714586151021369E-001  0.130759683375635E+001  0.100050033358353E-002 -0.132033467959970E+002
  0.100000000000000E+001  0.264076785475725E+002  0.352356948877922E+000  0.750072238399835E-002  0.122649128670315E+001  0.100050033358353E-002 -0.132038392737863E+002
  0.100000000000000E+001  0.269799932554196E+002  0.839322803826616E+000  0.195250339577261E+000  0.712454351931873E+000  0.100050033358353E-002 -0.134899966277098E+002
  0.100000000000000E+001  0.269580018514279E+002  0.333353301297571E+000  0.142946155860190E+000  0.123558159457359E+001  0.100050033358353E-002 -0.134790009257140E+002
  0.100000000000000E+001  0.269222367653526E+002  0.967044526545660E+000  0.156756305309953E+000  0.333673576794729E+000  0.100050033358353E-002 -0.134611183826763E+002
  0.100000000000000E+001  0.264133816840706E+002  0.639632773185174E-001  0.729019524718306E-001  0.130785834147686E+001  0.100050033358353E-002 -0.132066908420353E+002
  0.100000000000000E+001  0.269115510676171E+002  0.760684068647602E+000  0.193212858731678E+000  0.850702024515201E+000  0.100050033358353E-002 -0.134557755338086E+002
  0.100000000000000E+001  0.269070958425040E+002  0.772101980522847E-001  0.103621218965206E-001  0.130662981858960E+001  0.100050033358353E-002 -0.134535479212520E+002
  0.100000000000000E+001  0.264163531013905E+002  0.892574575791129E-001  0.491043367891306E-001  0.130531108620888E+001  0.100050033358353E-002 -0.132081765506952E+002
  0.100000000000000E+001  0.268902716610514E+002  0.248294932550107E-001  0.154007777405033E-001  0.131013796069833E+001  0.100050033358353E-002 -0.134451358305257E+002
  0.100000000000000E+001  0.264225518959573E+002  0.186781871716885E+000  0.328053054455444E-001  0.128747831001688E+001  0.100050033358353E-002 -0.132112759479786E+002
  0.100000000000000E+001  0.268732525157598E+002  0.496860338970120E+000  0.162737472627613E+000  0.113732833938815E+001  0.100050033358353E-002 -0.134366262578799E+002
  0.100000000000000E+001  0.268723712674696E+002  0.484190130534871E-001  0.115705423798157E+000  0.130900488069237E+001  0.100050033358353E-002 -0.134361856337348E+002
  0.100000000000000E+001  0.264322630096381E+002  0.534874587283550E-001  0.507598745803699E-001  0.130866598705960E+001  0.100050033358353E-002 -0.132161315048190E+002
  0.100000000000000E+001  0.264328551179457E+002  0.144625123449731E+000  0.384851265158724E-001  0.129676364316234E+001  0.100050033358353E-002 -0.132164275589728E+002
  0.100000000000000E+001  0.264397735805673E+002  0.333401671615593E+000  0.887708265979315E-002  0.123555917901287E+001  0.100050033358353E-002 -0.132198867902836E+002
  0.100000000000000E+001  0.267889088379838E+002  0.868431454517922E-001  0.164717837111924E-001  0.130559076890633E+001  0.100050033358353E-002 -0.133944544189919E+002
  0.100000000000000E+001  0.267821785568822E+002  0.199667764457511E+000  0.119828969131403E+000  0.128415247511839E+001  0.100050033358353E-002 -0.133910892784411E+002
  0.100000000000000E+001  0.264458200645910E+002  0.886836748574835E+000  0.180660343630364E+000  0.605579012344778E+000  0.100050033358353E-002 -0.132229100322955E+002
  0.100000000000000E+001  0.267647560158134E+002  0.869183920339618E+000  0.189088649130484E+000  0.648048525519571E+000  0.100050033358353E-002 -0.133823780079067E+002
  0.100000000000000E+001  0.267438667295732E+002  0.166816852327008E+000  0.136203608211701E-001  0.129217855366643E+001  0.100050033358353E-002 -0.133719333647866E+002
  0.100000000000000E+001  0.267115973818223E+002  0.379290853278802E+000  0.140507435203738E+000  0.121261502300622E+001  0.100050033358353E-002 -0.133557986909112E+002
  0.100000000000000E+001  0.266924367579264E+002  0.182352148850303E+000  0.150468431185037E-001  0.128856851650876E+001  0.100050033358353E-002 -0.133462183789632E+002
  0.100000000000000E+001  0.264467258371042E+002  0.997156951991123E+000  0.925084772886685E-001  0.987527364044552E-001  0.100050033358353E-002 -0.132233629185521E+002
  0.100000000000000E+001  0.264520397166160E+002  0.411310813877477E-001  0.781644618697103E-001  0.130943296564052E+001  0.100050033358353E-002 -0.132260198583080E+002
  0.100000000000000E+001  0.266488230264645E+002  0.764382862357347E-001  0.262325235879115E-001  0.130670776611685E+001  0.100050033358353E-002 -0.133244115132323E+002
  0.100000000000000E+001  0.264536923703141E+002  0.590313834241589E+000  0.164658834556676E+000  0.105783519355477E+001  0.100050033358353E-002 -0.132268461851571E+002
  0.100000000000000E+001  0.264566489138564E+002  0.229708474305446E+000  0.105483707065190E+000  0.127549742639582E+001  0.100050033358353E-002 -0.132283244569282E+002
  0.100000000000000E+001  0.266281768973436E+002  0.157641655767295E+000  0.106706823008222E+000  0.129415548604952E+001  0.100050033358353E-002 -0.133140884486718E+002
  0.100000000000000E+001  0.264614159243263E+002  0.750060080511124E+000  0.183192323282475E+000  0.866752764964033E+000  0.100050033358353E-002 -0.132307079621631E+002
  0.100000000000000E+001  0.264745690990385E+002  0.162328030257271E+000  0.319712499375190E-001  0.129316008450405E+001  0.100050033358353E-002 -0.132372845495193E+002
  0.100000000000000E+001  0.266114253713026E+002  0.505390313219175E+000  0.156226788594842E+000  0.113085470967399E+001  0.100050033358353E-002 -0.133057126856513E+002
  0.100000000000000E+001  0.266063138371634E+002  0.460843110261009E+000  0.149477989887012E+000  0.116308193863140E+001  0.100050033358353E-002 -0.133031569185817E+002
  0.100000000000000E+001  0.264793677539684E+002  0.864907622999701E-001  0.408594429490895E-001  0.130563094399120E+001  0.100050033358353E-002 -0.132396838769842E+002
  0.100000000000000E+001  0.266056099910138E+002  0.278918951225712E+000  0.856641049803120E-002  0.125853267633758E+001  0.100050033358353E-002 -0.133028049955069E+002
  0.100000000000000E+001  0.266030898684282E+002  0.454109920074143E+000  0.148308891719984E+000  0.116762171554498E+001  0.100050033358353E-002 -0.133015449342141E+002
  0.100000000000000E+001  0.264878638202410E+002  0.588874883979595E-001  0.858960574583385E-001  0.130826771961021E+001  0.100050033358353E-002 -0.132439319101205E+002
  0.100000000000000E+001  0.264942831570437E+002  0.805795025166643E+000  0.160818246496548E+000  0.776095821500072E+000  0.100050033358353E-002 -0.132471415785218E+002
  0.100000000000000E+001  0.265907452461866E+002  0.582051988941928E-001  0.317349545019325E-001  0.130832015989306E+001  0.100050033358353E-002 -0.132953726230933E+002
  0.100000000000000E+001  0.265266382110465E+002  0.247804954074197E+000  0.112679382863456E+000  0.126966611969727E+001  0.100050033358353E-002 -0.132633191055232E+002
  0.100000000000000E+001  0.265829954274755E+002  0.636580707135493E+000  0.174277476933804E+000  0.101070321409596E+001  0.100050033358353E-002 -0.132914977137378E+002
  0.100000000000000E+001  0.265815618414578E+002  0.453995420870697E+000  0.147523521443910E+000  0.116769818609296E+001  0.100050033358353E-002 -0.132907809207289E+002
  0.100000000000000E+001  0.265286362422255E+002  0.129828455238433E+000  0.965302824501943E-001  0.129945018904192E+001  0.100050033358353E-002 -0.132643181211128E+002
  0.100000000000000E+001  0.265403855689511E+002  0.248818059948150E-001  0.824156361490600E-001  0.131013625611701E+001  0.100050033358353E-002 -0.132701927844756E+002
  0.100000000000000E+001  0.265743826337180E+002  0.221791470743302E+000  0.173386051637396E-001  0.127790179864779E+001  0.100050033358353E-002 -0.132871913168590E+002
  0.100000000000000E+001  0.265447946026878E+002  0.328417016729312E+000  0.126437754281750E+000  0.123784994144013E+001  0.100050033358353E-002 -0.132723973013439E+002
  0.100000000000000E+001  0.265621172041647E+002  0.169075536632993E+000  0.103951659276431E+000  0.129167425268290E+001  0.100050033358353E-002 -0.132810586020824E+002
  0.100000000000000E+001  0.265529067273472E+002  0.931155261198925E+000  0.170828269268184E+000  0.477853661160095E+000  0.100050033358353E-002 -0.132764533636736E+002
  0.100000000000000E+001  0.265583853475878E+002  0.145282671966615E+000  0.100574203202822E+000  0.129663739650073E+001  0.100050033358353E-002 -0.132791926737939E+002
  0.100000000000000E+001  0.259575446786498E+002  0.369695792931385E+000  0.101917342831652E+000  0.121769383577330E+001  0.100050033358353E-002 -0.129787723393249E+002
  0.100000000000000E+001  0.259476025928645E+002  0.911429488665110E+000  0.164822801278255E+000  0.539230762922907E+000  0.100050033358353E-002 -0.129738012964323E+002
  0.100000000000000E+001  0.259427371242456E+002  0.350750303114366E+000  0.948766275411617E-001  0.122728198202079E+001  0.100050033358353E-002 -0.129713685621228E+002
  0.100000000000000E+001  0.259347488585049E+002  0.880850764518319E+000  0.171009532347357E+000  0.620402790711680E+000  0.100050033358353E-002 -0.129673744292525E+002
  0.100000000000000E+001  0.259264983803341E+002  0.333497785923875E+000  0.447200800384878E-001  0.123551462728223E+001  0.100050033358353E-002 -0.129632491901671E+002
  0.100000000000000E+001  0.259151937995388E+002  0.316992959158288E+000  0.736386079147788E-001  0.124295458472438E+001  0.100050033358353E-002 -0.129575968997694E+002
  0.100000000000000E+001  0.259136639431917E+002  0.585335654758521E+000  0.147704543741642E+000  0.106257576022015E+001  0.100050033358353E-002 -0.129568319715958E+002
  0.100000000000000E+001  0.259083607844960E+002  0.438281809991980E+000  0.160048786835305E-001  0.117796444337100E+001  0.100050033358353E-002 -0.129541803922480E+002
  0.100000000000000E+001  0.258984115044636E+002  0.937777469924092E+000  0.153653119792455E+000  0.455068451160822E+000  0.100050033358353E-002 -0.129492057522318E+002
  0.100000000000000E+001  0.258802397984109E+002  0.476016692251669E+000  0.124540760164155E+000  0.115253813515493E+001  0.100050033358353E-002 -0.129401198992054E+002
  0.100000000000000E+001  0.258618295637435E+002  0.513403662571736E+000  0.213438418070429E-002  0.112463799542273E+001  0.100050033358353E-002 -0.129309147818718E+002
  0.100000000000000E+001  0.258556561888975E+002  0.347188851022910E+000  0.481625824207085E-001  0.122902004212439E+001  0.100050033358353E-002 -0.129278280944487E+002
  0.100000000000000E+001  0.258475284522262E+002  0.374752738805877E+000  0.945263835638498E-001  0.121503598256142E+001  0.100050033358353E-002 -0.129237642261131E+002
  0.100000000000000E+001  0.258460586580431E+002  0.766395878481577E+000  0.170514339393358E+000  0.841850967740089E+000  0.100050033358353E-002 -0.129230293290216E+002
  0.100000000000000E+001  0.258300932356348E+002  0.342360885402069E+000  0.741685274082325E-001  0.123134402154542E+001  0.100050033358353E-002 -0.129150466178174E+002
  0.100000000000000E+001  0.258273552103758E+002  0.498688581364420E+000  0.666393155725253E-002  0.113595320531783E+001  0.100050033358353E-002 -0.129136776051879E+002
  0.100000000000000E+001  0.258269587687970E+002  0.381621461023673E+000  0.365117135920268E-001  0.121135847866867E+001  0.100050033358353E-002 -0.129134793843985E+002
  0.100000000000000E+001  0.258112643913933E+002  0.356499142616991E+000  0.815113015200595E-001  0.122443368953500E+001  0.100050033358353E-002 -0.129056321956967E+002
  0.100000000000000E+001  0.258079996465924E+002  0.115831701450279E-001  0.235564401791749E-001  0.131045407945176E+001  0.100050033358353E-002 -0.129039998232962E+002
  0.100000000000000E+001  0.257735400053840E+002  0.509531865922565E+000  0.668867578431342E-002  0.112765820573040E+001  0.100050033358353E-002 -0.128867700026920E+002
  0.100000000000000E+001  0.257705605074165E+002  0.682644160372911E+000  0.159321339568648E+000  0.957679810961506E+000  0.100050033358353E-002 -0.128852802537082E+002
  0.100000000000000E+001  0.257604433970835E+002  0.366343052799155E+000  0.531284445806196E-001  0.121943293513494E+001  0.100050033358353E-002 -0.128802216985417E+002
  0.100000000000000E+001  0.257518855491008E+002  0.556740235399908E+000  0.136723443910579E+000  0.108864974350546E+001  0.100050033358353E-002 -0.128759427745504E+002
  0.100000000000000E+001  0.257479553319265E+002  0.649985141328478E+000  0.153636243710262E+000  0.995942351976824E+000  0.100050033358353E-002 -0.128739776659632E+002
  0.100000000000000E+001  0.257412995754528E+002  0.838752880623705E+000  0.170171880123752E+000  0.713606191004558E+000  0.100050033358353E-002 -0.128706497877264E+002
  0.100000000000000E+001  0.257407607173953E+002  0.369760537972531E+000  0.774367036531622E-001  0.121766007138796E+001  0.100050033358353E-002 -0.128703803586977E+002
  0.100000000000000E+001  0.257292137106908E+002  0.689543912980510E+000  0.158961023904165E+000  0.949152017874718E+000  0.100050033358353E-002 -0.128646068553454E+002
  0.100000000000000E+001  0.257260106193405E+002  0.413575151495136E+000  0.978713067891720E-001  0.119320915542724E+001  0.100050033358353E-002 -0.128630053096703E+002
  0.100000000000000E+001  0.257171869261323E+002  0.501687856787425E+000  0.110210407743423E-001  0.113368268443785E+001  0.100050033358353E-002 -0.128585934630662E+002
  0.100000000000000E+001  0.256944528858378E+002  0.380847500722711E+000  0.554850853421066E-001  0.121177675673216E+001  0.100050033358353E-002 -0.128472264429189E+002
  0.100000000000000E+001  0.256923329797745E+002  0.897154117380364E+000  0.162686730215129E+000  0.578889543363714E+000  0.100050033358353E-002 -0.128461664898872E+002
  0.100000000000000E+001  0.256808274923358E+002  0.809501881592626E+000  0.168644187140697E+000  0.769441857963338E+000  0.100050033358353E-002 -0.128404137461679E+002
  0.100000000000000E+001  0.256715715746809E+002  0.406967642428493E+000  0.426347211641720E-001  0.119710485926451E+001  0.100050033358353E-002 -0.128357857873405E+002
  0.100000000000000E+001  0.256709815162111E+002  0.526081988679509E+000  0.126628674544093E+000  0.111452928478091E+001  0.100050033358353E-002 -0.128354907581055E+002
  0.100000000000000E+001  0.256635856624761E+002  0.487012053257468E+000  0.173110420508173E-001  0.114462115566933E+001  0.100050033358353E-002 -0.128317928312380E+002
  0.100000000000000E+001  0.256570628305261E+002  0.459894690284676E+000  0.250522006332390E-001  0.116372652025432E+001  0.100050033358353E-002 -0.128285314152630E+002
  0.100000000000000E+001  0.256377956816478E+002  0.392375169337006E+000  0.590262985488283E-001  0.120544343229184E+001  0.100050033358353E-002 -0.128188978408239E+002
  0.100000000000000E+001  0.256298475503332E+002  0.469004941517824E+000  0.241531871216193E-001  0.115746485157581E+001  0.100050033358353E-002 -0.128149237751666E+002
  0.100000000000000E+001  0.256216788116175E+002  0.561092077369866E+000  0.132446993096930E+000  0.108480558803169E+001  0.100050033358353E-002 -0.128108394058087E+002
  0.100000000000000E+001  0.256103792075742E+002  0.706187441908648E+000  0.158067960896488E+000  0.927896403544633E+000  0.100050033358353E-002 -0.128051896037871E+002
  0.100000000000000E+001  0.256009373139042E+002  0.445488657770911E+000  0.336599758906126E-001  0.117331197925122E+001  0.100050033358353E-002 -0.128004686569521E+002
  0.100000000000000E+001  0.255947833829619E+002  0.944334322521659E+000  0.142647088265556E+000  0.431151761249626E+000  0.100050033358353E-002 -0.127973916914810E+002
  0.100000000000000E+001  0.255919305947883E+002  0.777114478359626E+000  0.164960994629973E+000  0.824801753081048E+000  0.100050033358353E-002 -0.127959652973942E+002
  0.100000000000000E+001  0.255818281830850E+002  0.468408647749647E+000  0.275262495813930E-001  0.115787949789298E+001  0.100050033358353E-002 -0.127909140915425E+002
  0.100000000000000E+001  0.255815022377873E+002  0.551581052139369E+000  0.569014016947722E-002  0.109315099659309E+001  0.100050033358353E-002 -0.127907511188937E+002
  0.100000000000000E+001  0.255782446655803E+002  0.414024507096032E+000  0.810001452094793E-001  0.119294147630881E+001  0.100050033358353E-002 -0.127891223327901E+002
  0.100000000000000E+001  0.255781348940177E+002  0.957267930361426E+000  0.132686690744027E+000  0.379012075990324E+000  0.100050033358353E-002 -0.127890674470088E+002
  0.100000000000000E+001  0.255697305336788E+002  0.504841555086454E+000  0.177365473208596E-001  0.113127561682035E+001  0.100050033358353E-002 -0.127848652668394E+002
  0.100000000000000E+001  0.255529129656618E+002  0.411232745115271E+000  0.615454686379777E-001  0.119459884416189E+001  0.100050033358353E-002 -0.127764564828309E+002
  0.100000000000000E+001  0.255513101028190E+002  0.993217597214986E+000  0.534348104986440E-001  0.152377235040568E+000  0.100050033358353E-002 -0.127756550514095E+002
  0.100000000000000E+001  0.255411758898784E+002  0.414401303150100E+000  0.617798719132503E-001  0.119271675014995E+001  0.100050033358353E-002 -0.127705879449392E+002
  0.100000000000000E+001  0.254931146642032E+002  0.469213427956706E+000  0.337102944928788E-001  0.115731971627676E+001  0.100050033358353E-002 -0.127465573321016E+002
  0.100000000000000E+001  0.254843632072663E+002  0.476114687122167E+000  0.101745751440400E+000  0.115246861193017E+001  0.100050033358353E-002 -0.127421816036332E+002
  0.100000000000000E+001  0.254469836337348E+002  0.882895826214823E+000  0.159606722988912E+000  0.615389776793988E+000  0.100050033358353E-002 -0.127234918168674E+002
  0.100000000000000E+001  0.254458093468985E+002  0.581985004148442E+000  0.444106387572420E-002  0.106573212180894E+001  0.100050033358353E-002 -0.127229046734493E+002
  0.100000000000000E+001  0.254325912195531E+002  0.527737927348155E+000  0.115236014603750E+000  0.111318387907282E+001  0.100050033358353E-002 -0.127162956097765E+002
  0.100000000000000E+001  0.254305600316489E+002  0.512274503095594E+000  0.110521712368106E+000  0.112552200074958E+001  0.100050033358353E-002 -0.127152800158245E+002
  0.100000000000000E+001  0.253882500492173E+002  0.524039958099288E+000  0.225419769629095E-001  0.111618033705374E+001  0.100050033358353E-002 -0.126941250246086E+002
  0.100000000000000E+001  0.253861545652580E+002  0.765841604903948E+000  0.158707559392718E+000  0.842716859573838E+000  0.100050033358353E-002 -0.126930772826290E+002
  0.100000000000000E+001  0.253756853531630E+002  0.599612545587849E+000  0.322408123094786E-002  0.104881423940122E+001  0.100050033358353E-002 -0.126878426765815E+002
  0.100000000000000E+001  0.253699258803004E+002  0.520854215046097E+000  0.246723668653531E-001  0.111873847046068E+001  0.100050033358353E-002 -0.126849629401502E+002
  0.100000000000000E+001  0.253674972665552E+002  0.520247235570538E+000  0.250332650541653E-001  0.111922344200148E+001  0.100050033358353E-002 -0.126837486332776E+002
  0.100000000000000E+001  0.253618194479551E+002  0.454523477880965E+000  0.705343453528650E-001  0.116734531044322E+001  0.100050033358353E-002 -0.126809097239775E+002
  0.100000000000000E+001  0.253508177601615E+002  0.965480943995480E+000  0.117520879406241E+000  0.341361719694903E+000  0.100050033358353E-002 -0.126754088800808E+002
  0.100000000000000E+001  0.253505142144510E+002  0.476011818575348E+000  0.889535365196515E-001  0.115254159233956E+001  0.100050033358353E-002 -0.126752571072255E+002
  0.100000000000000E+001  0.253401498440511E+002  0.485297118627784E+000  0.405924628053515E-001  0.114587148649678E+001  0.100050033358353E-002 -0.126700749220255E+002
  0.100000000000000E+001  0.253372197136915E+002  0.460405143702119E+000  0.721817408399069E-001  0.116337980646070E+001  0.100050033358353E-002 -0.126686098568458E+002
  0.100000000000000E+001  0.253331960742596E+002  0.487832474014412E+000  0.400891130329288E-001  0.114402095565675E+001  0.100050033358353E-002 -0.126665980371298E+002
  0.100000000000000E+001  0.253259764441164E+002  0.520428519334395E+000  0.277000505994424E-001  0.111907867901723E+001  0.100050033358353E-002 -0.126629882220582E+002
  0.100000000000000E+001  0.253136988894321E+002  0.621259964084454E+000  0.133427699266851E+000  0.102694664593934E+001  0.100050033358353E-002 -0.126568494447160E+002
  0.100000000000000E+001  0.252994301551624E+002  0.977751897978787E+000  0.966070952961899E-001  0.274905438948779E+000  0.100050033358353E-002 -0.126497150775812E+002
  0.100000000000000E+001  0.252972886284097E+002  0.578224441079081E+000  0.122437522741594E+000  0.106924205245279E+001  0.100050033358353E-002 -0.126486443142049E+002
  0.100000000000000E+001  0.252937588570765E+002  0.539544978162065E+000  0.110855821204580E+000  0.110341972015834E+001  0.100050033358353E-002 -0.126468794285383E+002
  0.100000000000000E+001  0.252908615340610E+002  0.482283113617862E+000  0.866756347777831E-001  0.114805498727389E+001  0.100050033358353E-002 -0.126454307670305E+002
  0.100000000000000E+001  0.252798000304698E+002  0.555464985817559E+000  0.115024343316774E+000  0.108976799848682E+001  0.100050033358353E-002 -0.126399000152349E+002
  0.100000000000000E+001  0.252762966106197E+002  0.476480986853035E+000  0.774977343539907E-001  0.115220857382717E+001  0.100050033358353E-002 -0.126381483053098E+002
  0.100000000000000E+001  0.252673298881686E+002  0.736671578441857E+000  0.152269540433913E+000  0.886254921881222E+000  0.100050033358353E-002 -0.126336649440843E+002
  0.100000000000000E+001  0.252594001905118E+002  0.716433961162593E+000  0.149250877570574E+000  0.914306066551846E+000  0.100050033358353E-002 -0.126297000952559E+002
  0.100000000000000E+001  0.252573857864449E+002  0.476183804623697E+000  0.646736726311991E-001  0.115241956485044E+001  0.100050033358353E-002 -0.126286928932225E+002
  0.100000000000000E+001  0.252558328976455E+002  0.476834108695111E+000  0.704347125690342E-001  0.115195764582237E+001  0.100050033358353E-002 -0.126279164488228E+002
  0.100000000000000E+001  0.252503279652014E+002  0.477283005322096E+000  0.681194053860705E-001  0.115163831296474E+001  0.100050033358353E-002 -0.126251639826007E+002
  0.100000000000000E+001  0.252357083988694E+002  0.935086051074881E+000  0.138320355434147E+000  0.464483295287145E+000  0.100050033358353E-002 -0.126178541994347E+002
  0.100000000000000E+001  0.252265523111385E+002  0.498670253190686E+000  0.877997485034596E-001  0.113596702440769E+001  0.100050033358353E-002 -0.126132761555692E+002
  0.100000000000000E+001  0.252194174549264E+002  0.627479102233843E+000  0.131032059889737E+000  0.102043177722807E+001  0.100050033358353E-002 -0.126097087274632E+002
  0.100000000000000E+001  0.252152469739407E+002  0.942465729031560E+000  0.133504379496629E+000  0.438117835642010E+000  0.100050033358353E-002 -0.126076234869704E+002
  0.100000000000000E+001  0.252147940312572E+002  0.537562301784686E+000  0.105060943921789E+000  0.110508051210997E+001  0.100050033358353E-002 -0.126073970156286E+002
  0.100000000000000E+001  0.252142708395312E+002  0.692082301908031E+000  0.143859376342904E+000  0.945973588122349E+000  0.100050033358353E-002 -0.126071354197656E+002
  0.100000000000000E+001  0.252121109432408E+002  0.503673375869233E+000  0.891703508218868E-001  0.113216958839505E+001  0.100050033358353E-002 -0.126060554716204E+002
  0.100000000000000E+001  0.252119400938014E+002  0.985707139143036E+000  0.679007693690423E-001  0.220784268372614E+000  0.100050033358353E-002 -0.126059700469007E+002
  0.100000000000000E+001  0.251999096389572E+002  0.512300044608779E+000  0.413973188040655E-001  0.112550203378988E+001  0.100050033358353E-002 -0.125999548194786E+002
  0.100000000000000E+001  0.251941963013841E+002  0.496412458177573E+000  0.810847009463361E-001  0.113766419521790E+001  0.100050033358353E-002 -0.125970981506921E+002
  0.100000000000000E+001  0.251900883321209E+002  0.851739439489168E+000  0.156273824841147E+000  0.686678896885705E+000  0.100050033358353E-002 -0.125950441660605E+002
  0.100000000000000E+001  0.251874666665159E+002  0.566013247014270E+000  0.212464446286766E-001  0.108040577290978E+001  0.100050033358353E-002 -0.125937333332579E+002
  0.100000000000000E+001  0.251732774076371E+002  0.952687613650058E+000  0.124724481035785E+000  0.398340767881708E+000  0.100050033358353E-002 -0.125866387038185E+002
  0.100000000000000E+001  0.251724824180892E+002  0.551114622589320E+000  0.271204502201806E-001  0.109355497041696E+001  0.100050033358353E-002 -0.125862412090446E+002
  0.100000000000000E+001  0.251616373910762E+002  0.750529155577541E+000  0.150874845422606E+000  0.866055085955949E+000  0.100050033358353E-002 -0.125808186955381E+002
  0.100000000000000E+001  0.251455077052730E+002  0.558972975850011E+000  0.261292755906199E-001  0.108668291259966E+001  0.100050033358353E-002 -0.125727538526365E+002
  0.100000000000000E+001  0.251334039322258E+002  0.501491691878685E+000  0.704533322172062E-001  0.113383174124667E+001  0.100050033358353E-002 -0.125667019661129E+002
  0.100000000000000E+001  0.251323891899595E+002  0.515064998560347E+000  0.864903327266309E-001  0.112333254673125E+001  0.100050033358353E-002 -0.125661945949797E+002
  0.100000000000000E+001  0.251289885974639E+002  0.977986271823103E+000  0.879557496445815E-001  0.273469804394760E+000  0.100050033358353E-002 -0.125644942987319E+002
  0.100000000000000E+001  0.251136946713154E+002  0.699548399001795E+000  0.141685218980981E+000  0.936493944133451E+000  0.100050033358353E-002 -0.125568473356577E+002
  0.100000000000000E+001  0.250739255568783E+002  0.631751813889652E+000  0.808920977284455E-002  0.101589378615444E+001  0.100050033358353E-002 -0.125369627784392E+002
  0.100000000000000E+001  0.250603743967810E+002  0.979044695450200E+000  0.813401162268258E-001  0.266885963615958E+000  0.100050033358353E-002 -0.125301871983905E+002
  0.100000000000000E+001  0.250601960777963E+002  0.516104369909894E+000  0.716834168887392E-001  0.112251290744811E+001  0.100050033358353E-002 -0.125300980388981E+002
  0.100000000000000E+001  0.250529832023300E+002  0.597309758510633E+000  0.115365557293936E+000  0.105106861649533E+001  0.100050033358353E-002 -0.125264916011650E+002
  0.100000000000000E+001  0.250503491022011E+002  0.608545412224069E+000  0.118658793225446E+000  0.103994004162618E+001  0.100050033358353E-002 -0.125251745511005E+002
  0.100000000000000E+001  0.250462353813655E+002  0.634726194654935E+000  0.855272425600251E-002  0.101270445173066E+001  0.100050033358353E-002 -0.125231176906827E+002
  0.100000000000000E+001  0.250423006758116E+002  0.525480885071284E+000  0.808653050752632E-001  0.111501621881047E+001  0.100050033358353E-002 -0.125211503379058E+002
  0.100000000000000E+001  0.250422445093726E+002  0.564898973275499E+000  0.103435822508466E+000  0.108140693550164E+001  0.100050033358353E-002 -0.125211222546863E+002
  0.100000000000000E+001  0.250410385282220E+002  0.641606423634102E+000  0.694790128390013E-002  0.100523030659580E+001  0.100050033358353E-002 -0.125205192641110E+002
  0.100000000000000E+001  0.250372205532620E+002  0.562976346130171E+000  0.102270748524111E+000  0.108312758944129E+001  0.100050033358353E-002 -0.125186102766310E+002
  0.100000000000000E+001  0.250313639955969E+002  0.659588290305594E+000  0.279720690054564E-002  0.985038874028354E+000  0.100050033358353E-002 -0.125156819977985E+002
  0.100000000000000E+001  0.250217676585928E+002  0.625320978253243E+000  0.122250843890566E-001  0.102270458495628E+001  0.100050033358353E-002 -0.125108838292964E+002
  0.100000000000000E+001  0.250208493168864E+002  0.568239866190035E+000  0.103234925009677E+000  0.107839647213725E+001  0.100050033358353E-002 -0.125104246584432E+002
  0.100000000000000E+001  0.250149508629557E+002  0.570576389774476E+000  0.103758508265227E+000  0.107627545312557E+001  0.100050033358353E-002 -0.125074754314779E+002
  0.100000000000000E+001  0.249973575629553E+002  0.968173909277449E+000  0.100756959381449E+000  0.328000365071878E+000  0.100050033358353E-002 -0.124986787814777E+002
  0.100000000000000E+001  0.249935245910327E+002  0.614131748267968E+000  0.117331940222136E+000  0.103428435933260E+001  0.100050033358353E-002 -0.124967622955163E+002
  0.100000000000000E+001  0.249882904624520E+002  0.716257530823637E+000  0.140384305612104E+000  0.914543449689523E+000  0.100050033358353E-002 -0.124941452312260E+002
  0.100000000000000E+001  0.249796749064905E+002  0.535610357021722E+000  0.790734545222376E-001  0.110670716757298E+001  0.100050033358353E-002 -0.124898374532452E+002
  0.100000000000000E+001  0.249762229134138E+002  0.584018779071420E+000  0.106276994308327E+000  0.106381955527790E+001  0.100050033358353E-002 -0.124881114567069E+002
  0.100000000000000E+001  0.249592493159142E+002  0.599446295112590E+000  0.110702031757105E+000  0.104897744795567E+001  0.100050033358353E-002 -0.124796246579571E+002
  0.100000000000000E+001  0.249574687990986E+002  0.898796900050180E+000  0.144017340371534E+000  0.574496131336400E+000  0.100050033358353E-002 -0.124787343995493E+002
  0.100000000000000E+001  0.249493394693001E+002  0.978465559877776E+000  0.860474816759638E-002  0.270509164801448E+000  0.100050033358353E-002 -0.124746697346500E+002
  0.100000000000000E+001  0.249369158613369E+002  0.563042280054222E+000  0.937018955975616E-001  0.108306872424820E+001  0.100050033358353E-002 -0.124684579306685E+002
  0.100000000000000E+001  0.249362956590483E+002  0.979117048661447E+000  0.114399401636336E-001  0.266429691500788E+000  0.100050033358353E-002 -0.124681478295241E+002
  0.100000000000000E+001  0.249281740318069E+002  0.982123598828450E+000  0.572326402653741E-001  0.246692732753173E+000  0.100050033358353E-002 -0.124640870159035E+002
  0.100000000000000E+001  0.249280608392379E+002  0.608223334753453E+000  0.224674257450828E-001  0.104026360877820E+001  0.100050033358353E-002 -0.124640304196190E+002
  0.100000000000000E+001  0.249271453868411E+002  0.622958080513917E+000  0.116471255638693E+000  0.102517832111994E+001  0.100050033358353E-002 -0.124635726934206E+002
  0.100000000000000E+001  0.249189645029601E+002  0.793007123311002E+000  0.147858403232797E+000  0.798398387712143E+000  0.100050033358353E-002 -0.124594822514801E+002
  0.100000000000000E+001  0.249096694559112E+002  0.940922132945351E+000  0.125237975817019E+000  0.443779670641223E+000  0.100050033358353E-002 -0.124548347279556E+002
  0.100000000000000E+001  0.248951496579747E+002  0.587728019344808E+000  0.101979964145189E+000  0.106030524096961E+001  0.100050033358353E-002 -0.124475748289873E+002
  0.100000000000000E+001  0.248725190492597E+002  0.556411516748967E+000  0.801018902190170E-001  0.108893834918568E+001  0.100050033358353E-002 -0.124362595246298E+002
  0.100000000000000E+001  0.248695604474001E+002  0.569256201851396E+000  0.441078277853521E-001  0.107747545863338E+001  0.100050033358353E-002 -0.124347802237000E+002
  0.100000000000000E+001  0.248631796409760E+002  0.981796839440629E+000  0.459227377271243E-001  0.248916628121625E+000  0.100050033358353E-002 -0.124315898204880E+002
  0.100000000000000E+001  0.248549384393925E+002  0.962324142014823E+000  0.103209632503099E+000  0.356342721691838E+000  0.100050033358353E-002 -0.124274692196963E+002
  0.100000000000000E+001  0.248537627893238E+002  0.772789636093758E+000  0.143990098673721E+000  0.831751541430384E+000  0.100050033358353E-002 -0.124268813946619E+002
  0.100000000000000E+001  0.248535318991627E+002  0.976996187194809E+000  0.735902646979536E-001  0.279481954655864E+000  0.100050033358353E-002 -0.124267659495813E+002
  0.100000000000000E+001  0.248476730609349E+002  0.615112331156992E+000  0.109362910090973E+000  0.103328305834706E+001  0.100050033358353E-002 -0.124238365304675E+002
  0.100000000000000E+001  0.248392187509227E+002  0.825918665431981E+000  0.147134408252262E+000  0.738869537386829E+000  0.100050033358353E-002 -0.124196093754613E+002
  0.100000000000000E+001  0.248336431844540E+002  0.570442730592119E+000  0.865115318129344E-001  0.107639713212490E+001  0.100050033358353E-002 -0.124168215922270E+002
  0.100000000000000E+001  0.248290974782668E+002  0.637801262906514E+000  0.181857249409868E-001  0.100938073225634E+001  0.100050033358353E-002 -0.124145487391334E+002
  0.100000000000000E+001  0.248112566329592E+002  0.646690795503961E+000  0.117504285650042E+000  0.999618876513269E+000  0.100050033358353E-002 -0.124056283164796E+002
  0.100000000000000E+001  0.248066942867501E+002  0.562676294448388E+000  0.663320184411970E-001  0.108339534534564E+001  0.100050033358353E-002 -0.124033471433751E+002
  0.100000000000000E+001  0.248057387368633E+002  0.839019978405109E+000  0.146234051489017E+000  0.713066704081071E+000  0.100050033358353E-002 -0.124028693684317E+002
  0.100000000000000E+001  0.247939137843468E+002  0.697056037950764E+000  0.306179616781341E-002  0.939680437795242E+000  0.100050033358353E-002 -0.123969568921734E+002
  0.100000000000000E+001  0.247906497762237E+002  0.609980496293990E+000  0.103627230556367E+000  0.103849500937236E+001  0.100050033358353E-002 -0.123953248881119E+002
  0.100000000000000E+001  0.247900922915691E+002  0.767228961371428E+000  0.141206870677286E+000  0.840546658444386E+000  0.100050033358353E-002 -0.123950461457845E+002
  0.100000000000000E+001  0.247819780838439E+002  0.566977139448875E+000  0.673292419778651E-001  0.107953738381317E+001  0.100050033358353E-002 -0.123909890419220E+002
  0.100000000000000E+001  0.247806621140090E+002  0.873983733239253E+000  0.143371505874934E+000  0.636864669549068E+000  0.100050033358353E-002 -0.123903310570045E+002
  0.100000000000000E+001  0.247790460340416E+002  0.634831981147272E+000  0.219949419778973E-001  0.101259055889178E+001  0.100050033358353E-002 -0.123895230170208E+002
  0.100000000000000E+001  0.247726186498540E+002  0.647881687410098E+000  0.179697563056351E-001  0.998293546127083E+000  0.100050033358353E-002 -0.123863093249270E+002
  0.100000000000000E+001  0.247672229436917E+002  0.585492689486579E+000  0.453562207673472E-001  0.106242715594921E+001  0.100050033358353E-002 -0.123836114718459E+002
  0.100000000000000E+001  0.247436668370941E+002  0.599174114632273E+000  0.947189210378524E-001  0.104924449581887E+001  0.100050033358353E-002 -0.123718334185470E+002
  0.100000000000000E+001  0.247429742778193E+002  0.702741401066392E+000  0.128578441079061E+000  0.932379046133821E+000  0.100050033358353E-002 -0.123714871389097E+002
  0.100000000000000E+001  0.247315290537141E+002  0.576267801706998E+000  0.695825564286011E-001  0.107105476812061E+001  0.100050033358353E-002 -0.123657645268570E+002
  0.100000000000000E+001  0.247304808989476E+002  0.576649603187924E+000  0.639579707708143E-001  0.107070177390456E+001  0.100050033358353E-002 -0.123652404494738E+002
  0.100000000000000E+001  0.247303059294043E+002  0.603922335710088E+000  0.382545424509432E-001  0.104455854811420E+001  0.100050033358353E-002 -0.123651529647021E+002
  0.100000000000000E+001  0.247215401651712E+002  0.579932521326973E+000  0.590507571202187E-001  0.106765206177724E+001  0.100050033358353E-002 -0.123607700825856E+002
  0.100000000000000E+001  0.247076570927722E+002  0.588704386196434E+000  0.513737751344315E-001  0.105937453685035E+001  0.100050033358353E-002 -0.123538285463861E+002
  0.100000000000000E+001  0.247052231730064E+002  0.662964505283322E+000  0.116770948453051E+000  0.981138355590126E+000  0.100050033358353E-002 -0.123526115865032E+002
  0.100000000000000E+001  0.247008598060731E+002  0.971190687821432E+000  0.836760308947285E-002  0.312306992358815E+000  0.100050033358353E-002 -0.123504299030366E+002
  0.100000000000000E+001  0.247004402388571E+002  0.609696968243240E+000  0.963080277914070E-001  0.103878093213268E+001  0.100050033358353E-002 -0.123502201194286E+002
  0.100000000000000E+001  0.246981507123530E+002  0.974436763950207E+000  0.168378615261564E-001  0.294428925023243E+000  0.100050033358353E-002 -0.123490753561765E+002
  0.100000000000000E+001  0.246978801497067E+002  0.586147557840304E+000  0.783737562760651E-001  0.106180679017694E+001  0.100050033358353E-002 -0.123489400748533E+002
  0.100000000000000E+001  0.246947111833053E+002  0.631632622250634E+000  0.283753299590441E-001  0.101602107129185E+001  0.100050033358353E-002 -0.123473555916526E+002
  0.100000000000000E+001  0.246935259348884E+002  0.974367479336061E+000  0.693372259264551E-001  0.294822480788946E+000  0.100050033358353E-002 -0.123467629674442E+002
  0.100000000000000E+001  0.246919524341126E+002  0.627935954795555E+000  0.103951308439914E+000  0.101994899189994E+001  0.100050033358353E-002 -0.123459762170563E+002
  0.100000000000000E+001  0.246675216020172E+002  0.598039726196208E+000  0.851853797533234E-001  0.105035545691951E+001  0.100050033358353E-002 -0.123337608010086E+002
  0.100000000000000E+001  0.246532704436627E+002  0.662731836376345E+000  0.195808254756865E-001  0.981408293764397E+000  0.100050033358353E-002 -0.123266352218314E+002
  0.100000000000000E+001  0.246469394165846E+002  0.643887491435634E+000  0.267099980172634E-001  0.100272213824247E+001  0.100050033358353E-002 -0.123234697082923E+002
  0.100000000000000E+001  0.246465023913108E+002  0.628480275185280E+000  0.100830830495710E+000  0.101937301611934E+001  0.100050033358353E-002 -0.123232511956554E+002
  0.100000000000000E+001  0.246424410465115E+002  0.591998436469084E+000  0.706589821376350E-001  0.105621705487867E+001  0.100050033358353E-002 -0.123212205232558E+002
  0.100000000000000E+001  0.246299230386223E+002  0.593821226689182E+000  0.656109774368762E-001  0.105445817649752E+001  0.100050033358353E-002 -0.123149615193112E+002
  0.100000000000000E+001  0.246162922327645E+002  0.902485675975402E+000  0.133080485186462E+000  0.564476477201726E+000  0.100050033358353E-002 -0.123081461163822E+002
  0.100000000000000E+001  0.246155891341680E+002  0.971352349215274E+000  0.150509235874164E-001  0.311442285707170E+000  0.100050033358353E-002 -0.123077945670840E+002
  0.100000000000000E+001  0.246109921610705E+002  0.682631722460394E+000  0.117624809111129E+000  0.957695038020260E+000  0.100050033358353E-002 -0.123054960805352E+002
  0.100000000000000E+001  0.246052290618370E+002  0.938973929837777E+000  0.116189344617933E+000  0.450811130942088E+000  0.100050033358353E-002 -0.123026145309185E+002
  0.100000000000000E+001  0.245869038297033E+002  0.692843603481290E+000  0.119212813542027E+000  0.945015961910936E+000  0.100050033358353E-002 -0.122934519148516E+002
  0.100000000000000E+001  0.245795524787032E+002  0.614565818939811E+000  0.481273706002859E-001  0.103384143414459E+001  0.100050033358353E-002 -0.122897762393516E+002
  0.100000000000000E+001  0.245778465137946E+002  0.889398615717607E+000  0.134787433166535E+000  0.599091311864364E+000  0.100050033358353E-002 -0.122889232568973E+002
  0.100000000000000E+001  0.245775652804444E+002  0.676376730421878E+000  0.191535137996744E-001  0.965287375324665E+000  0.100050033358353E-002 -0.122887826402222E+002
  0.100000000000000E+001  0.245684063637976E+002  0.739534182960450E+000  0.153313222091100E-002  0.882150724462048E+000  0.100050033358353E-002 -0.122842031818988E+002
  0.100000000000000E+001  0.245605637167189E+002  0.639316681418785E+000  0.348737472862594E-001  0.100773281600637E+001  0.100050033358353E-002 -0.122802818583594E+002
  0.100000000000000E+001  0.245535034788326E+002  0.612289601325926E+000  0.546459357007901E-001  0.103615850183308E+001  0.100050033358353E-002 -0.122767517394163E+002
  0.100000000000000E+001  0.245512627374241E+002  0.964408196729958E+000  0.848875371689104E-001  0.346530774008374E+000  0.100050033358353E-002 -0.122756313687121E+002
  0.100000000000000E+001  0.245426411100510E+002  0.716560048682461E+000  0.123076519518223E+000  0.914136344967106E+000  0.100050033358353E-002 -0.122713205550255E+002
  0.100000000000000E+001  0.245417327372849E+002  0.632397746201457E+000  0.403712740346714E-001  0.101520329730007E+001  0.100050033358353E-002 -0.122708663686425E+002
  0.100000000000000E+001  0.245400405378311E+002  0.724005789445478E+000  0.124607808338457E+000  0.904003870047776E+000  0.100050033358353E-002 -0.122700202689155E+002
  0.100000000000000E+001  0.245248196755063E+002  0.801284894426631E+000  0.135917714651488E+000  0.784074966391190E+000  0.100050033358353E-002 -0.122624098377531E+002
  0.100000000000000E+001  0.245219964290769E+002  0.888407820045484E+000  0.133363627456714E+000  0.601610932403490E+000  0.100050033358353E-002 -0.122609982145384E+002
  0.100000000000000E+001  0.245192713551750E+002  0.753810969195530E+000  0.277637466185865E-004  0.861145792541461E+000  0.100050033358353E-002 -0.122596356775875E+002
  0.100000000000000E+001  0.245072026520125E+002  0.655906758881436E+000  0.313160361147818E-001  0.989252039055659E+000  0.100050033358353E-002 -0.122536013260062E+002
  0.100000000000000E+001  0.245041640028848E+002  0.624272979358706E+000  0.834018068548478E-001  0.102380363668757E+001  0.100050033358353E-002 -0.122520820014424E+002
  0.100000000000000E+001  0.245025357910783E+002  0.824110373391859E+000  0.136645592549975E+000  0.742329318928641E+000  0.100050033358353E-002 -0.122512678955392E+002
  0.100000000000000E+001  0.244908841838969E+002  0.970136778237904E+000  0.648631818114769E-001  0.317883116802773E+000  0.100050033358353E-002 -0.122454420919484E+002
  0.100000000000000E+001  0.244849244840782E+002  0.696777949240796E+000  0.115141155196183E+000  0.940034601684949E+000  0.100050033358353E-002 -0.122424622420391E+002
  0.100000000000000E+001  0.244792668551793E+002  0.622661695320589E+000  0.763534832924710E-001  0.102548752788463E+001  0.100050033358353E-002 -0.122396334275897E+002
  0.100000000000000E+001  0.244754530262428E+002  0.787162821392715E+000  0.132748545604714E+000  0.808270541971581E+000  0.100050033358353E-002 -0.122377265131214E+002
  0.100000000000000E+001  0.244708965117986E+002  0.624146833960339E+000  0.576336666367204E-001  0.102393572344367E+001  0.100050033358353E-002 -0.122354482558993E+002
  0.100000000000000E+001  0.244701539724847E+002  0.637039834483037E+000  0.449557300772052E-001  0.101020624629949E+001  0.100050033358353E-002 -0.122350769862423E+002
  0.100000000000000E+001  0.244684106605663E+002  0.621450646280949E+000  0.666999549454205E-001  0.102674847221603E+001  0.100050033358353E-002 -0.122342053302831E+002
  0.100000000000000E+001  0.244656195926567E+002  0.912633698135469E+000  0.124905128598761E+000  0.535721186104676E+000  0.100050033358353E-002 -0.122328097963283E+002
  0.100000000000000E+001  0.244631252868331E+002  0.817881381041070E+000  0.134996338993686E+000  0.754068655258627E+000  0.100050033358353E-002 -0.122315626434165E+002
  0.100000000000000E+001  0.244493114710402E+002  0.894484602236189E+000  0.129719105252443E+000  0.585941696047324E+000  0.100050033358353E-002 -0.122246557355201E+002
  0.100000000000000E+001  0.244450153017482E+002  0.962423062044708E+000  0.820576477754307E-001  0.355883585198552E+000  0.100050033358353E-002 -0.122225076508741E+002
  0.100000000000000E+001  0.244364531331707E+002  0.955864264708574E+000  0.924430138129797E-001  0.385048541527676E+000  0.100050033358353E-002 -0.122182265665853E+002
  0.100000000000000E+001  0.244352583321119E+002  0.638902272347141E+000  0.859261083760594E-001  0.100818411437336E+001  0.100050033358353E-002 -0.122176291660560E+002
  0.100000000000000E+001  0.244344173584819E+002  0.725705828655963E+000  0.122483496513302E+000  0.901659610840532E+000  0.100050033358353E-002 -0.122172086792409E+002
  0.100000000000000E+001  0.244269141997513E+002  0.694196552247962E+000  0.111163520193987E+000  0.943309111295394E+000  0.100050033358353E-002 -0.122134570998757E+002
  0.100000000000000E+001  0.244259845320230E+002  0.652569090263708E+000  0.398496766034755E-001  0.993035977460579E+000  0.100050033358353E-002 -0.122129922660115E+002
  0.100000000000000E+001  0.244128577235535E+002  0.914176039044322E+000  0.122473279456954E+000  0.531185435443043E+000  0.100050033358353E-002 -0.122064288617767E+002
  0.100000000000000E+001  0.244065907530097E+002  0.686310413408063E+000  0.107282942731776E+000  0.953168662600168E+000  0.100050033358353E-002 -0.122032953765049E+002
  0.100000000000000E+001  0.244038536567839E+002  0.956663024654475E+000  0.894908354428301E-001  0.381626268830119E+000  0.100050033358353E-002 -0.122019268283920E+002
  0.100000000000000E+001  0.243809035777251E+002  0.948641560082259E+000  0.985273659215782E-001  0.414593830928667E+000  0.100050033358353E-002 -0.121904517888625E+002
  0.100000000000000E+001  0.243701856767237E+002  0.689553522728666E+000  0.106110685177894E+000  0.949140027139394E+000  0.100050033358353E-002 -0.121850928383618E+002
  0.100000000000000E+001  0.243700728441486E+002  0.693344436486545E+000  0.107450596031769E+000  0.944384869621433E+000  0.100050033358353E-002 -0.121850364220743E+002
  0.100000000000000E+001  0.243353886592803E+002  0.693305400154394E+000  0.105216317866923E+000  0.944434090273554E+000  0.100050033358353E-002 -0.121676943296401E+002
  0.100000000000000E+001  0.243268997571108E+002  0.961525981857958E+000  0.165131148786731E-001  0.360024245521629E+000  0.100050033358353E-002 -0.121634498785554E+002
  0.100000000000000E+001  0.243262086373188E+002  0.818992916019673E+000  0.130229863236544E+000  0.751993754250522E+000  0.100050033358353E-002 -0.121631043186594E+002
  0.100000000000000E+001  0.243185405013302E+002  0.736420124279092E+000  0.134289600791246E-001  0.886613772689759E+000  0.100050033358353E-002 -0.121592702506651E+002
  0.100000000000000E+001  0.243128542744647E+002  0.720859169824670E+000  0.186272615043537E-001  0.908312501811227E+000  0.100050033358353E-002 -0.121564271372323E+002
  0.100000000000000E+001  0.243117319098014E+002  0.762358696696022E+000  0.651372225585756E-002  0.848123426835742E+000  0.100050033358353E-002 -0.121558659549007E+002
  0.100000000000000E+001  0.243038370840955E+002  0.836311552273785E+000  0.130126733390846E+000  0.718510537899178E+000  0.100050033358353E-002 -0.121519185420477E+002
  0.100000000000000E+001  0.243025010015945E+002  0.887665228626358E+000  0.126087262731852E+000  0.603490634331465E+000  0.100050033358353E-002 -0.121512505007972E+002
  0.100000000000000E+001  0.242963588125169E+002  0.777198058176608E+000  0.346086534042040E-002  0.824666484262761E+000  0.100050033358353E-002 -0.121481794062585E+002
  0.100000000000000E+001  0.242861211886067E+002  0.686679054035619E+000  0.339284323482441E-001  0.952712545387325E+000  0.100050033358353E-002 -0.121430605943034E+002
  0.100000000000000E+001  0.242786119952142E+002  0.965059430395810E+000  0.322892464819210E-001  0.343402757947308E+000  0.100050033358353E-002 -0.121393059976071E+002
  0.100000000000000E+001  0.242766468950895E+002  0.703044048891184E+000  0.272999766993012E-001  0.931987099191997E+000  0.100050033358353E-002 -0.121383234475448E+002
  0.100000000000000E+001  0.242762143109872E+002  0.706005752168730E+000  0.261494093983404E-001  0.928133836696043E+000  0.100050033358353E-002 -0.121381071554936E+002
  0.100000000000000E+001  0.242708455525178E+002  0.812336835442677E+000  0.127706917395560E+000  0.764293067269143E+000  0.100050033358353E-002 -0.121354227762589E+002
  0.100000000000000E+001  0.242668686394867E+002  0.957150596686080E+000  0.136461606663552E-001  0.379520688579813E+000  0.100050033358353E-002 -0.121334343197433E+002
  0.100000000000000E+001  0.242664121853499E+002  0.675886022641632E+000  0.916069524488854E-001  0.965877530957205E+000  0.100050033358353E-002 -0.121332060926750E+002
  0.100000000000000E+001  0.242594778778143E+002  0.952111812589563E+000  0.779260782796909E-002  0.400698288997543E+000  0.100050033358353E-002 -0.121297389389072E+002
  0.100000000000000E+001  0.242490902835573E+002  0.948236107773391E+000  0.470238580674209E-002  0.416183827471494E+000  0.100050033358353E-002 -0.121245451417786E+002
  0.100000000000000E+001  0.242440306420495E+002  0.961626149640911E+000  0.245392714543299E-001  0.359564455805040E+000  0.100050033358353E-002 -0.121220153210247E+002
  0.100000000000000E+001  0.242189501383281E+002  0.761269194441349E+000  0.118065650614075E+000  0.849802579468030E+000  0.100050033358353E-002 -0.121094750691640E+002
  0.100000000000000E+001  0.242179923014356E+002  0.764914298906618E+000  0.100631948561926E-001  0.844162122864566E+000  0.100050033358353E-002 -0.121089961507178E+002
  0.100000000000000E+001  0.242121827484701E+002  0.676663964603307E+000  0.857119943105706E-001  0.964941563336755E+000  0.100050033358353E-002 -0.121060913742351E+002
  0.100000000000000E+001  0.242066440134545E+002  0.802940067878918E+000  0.124234251045970E+000  0.781161360877037E+000  0.100050033358353E-002 -0.121033220067273E+002
  0.100000000000000E+001  0.242040961751577E+002  0.721052773854278E+000  0.248722910383093E-001  0.908048532862847E+000  0.100050033358353E-002 -0.121020480875789E+002
  0.100000000000000E+001  0.241890776565508E+002  0.938354433488935E+000  0.992351743486060E-001  0.453021134836885E+000  0.100050033358353E-002 -0.120945388282754E+002
  0.100000000000000E+001  0.241881851290472E+002  0.669790116094484E+000  0.606539011686666E-001  0.973143577953184E+000  0.100050033358353E-002 -0.120940925645236E+002
  0.100000000000000E+001  0.241851112136844E+002  0.671597380780722E+000  0.578047019622442E-001  0.971001924790516E+000  0.100050033358353E-002 -0.120925556068422E+002
  0.100000000000000E+001  0.241834412182565E+002  0.739438999643268E+000  0.110969094705319E+000  0.882287754728544E+000  0.100050033358353E-002 -0.120917206091282E+002
  0.100000000000000E+001  0.241787090285317E+002  0.792592106677381E+000  0.481391076032622E-002  0.799105875244912E+000  0.100050033358353E-002 -0.120893545142659E+002
  0.100000000000000E+001  0.241783811059207E+002  0.685192914878506E+000  0.878523667504112E-001  0.954548512111228E+000  0.100050033358353E-002 -0.120891905529603E+002
  0.100000000000000E+001  0.241781034672240E+002  0.721585823498339E+000  0.262834061682573E-001  0.907320984188341E+000  0.100050033358353E-002 -0.120890517336120E+002
  0.100000000000000E+001  0.241723160560264E+002  0.807469046850415E+000  0.123282654536656E+000  0.773101753773456E+000  0.100050033358353E-002 -0.120861580280132E+002
  0.100000000000000E+001  0.241674054009596E+002  0.678622621892301E+000  0.526290568211739E-001  0.962576226008395E+000  0.100050033358353E-002 -0.120837027004798E+002
  0.100000000000000E+001  0.241515243701367E+002  0.688174664357975E+000  0.865929358405064E-001  0.950857271534709E+000  0.100050033358353E-002 -0.120757621850684E+002
  0.100000000000000E+001  0.241492663699430E+002  0.680446671485899E+000  0.540422108372958E-001  0.960362036500174E+000  0.100050033358353E-002 -0.120746331849715E+002
  0.100000000000000E+001  0.241474647153076E+002  0.811328549034785E+000  0.200121700919120E-002  0.766130327760705E+000  0.100050033358353E-002 -0.120737323576538E+002
  0.100000000000000E+001  0.241461650742730E+002  0.714419512263042E+000  0.100153282689468E+000  0.917009341098927E+000  0.100050033358353E-002 -0.120730825371365E+002
  0.100000000000000E+001  0.241374577157891E+002  0.678773743649486E+000  0.598462322293479E-001  0.962393200455282E+000  0.100050033358353E-002 -0.120687288578946E+002
  0.100000000000000E+001  0.241346432602064E+002  0.693055456586130E+000  0.445496346689309E-001  0.944749116031027E+000  0.100050033358353E-002 -0.120673216301032E+002
  0.100000000000000E+001  0.241310678491764E+002  0.958343001831376E+000  0.641964367752343E-001  0.374316791395962E+000  0.100050033358353E-002 -0.120655339245882E+002
  0.100000000000000E+001  0.241232133497653E+002  0.958305017815038E+000  0.299784644216067E-001  0.374483776976526E+000  0.100050033358353E-002 -0.120616066748826E+002
  0.100000000000000E+001  0.241224347817994E+002  0.769050978407321E+000  0.135063545745162E-001  0.837681995379882E+000  0.100050033358353E-002 -0.120612173908997E+002
  0.100000000000000E+001  0.241149396958109E+002  0.687218048011170E+000  0.524271583799728E-001  0.952044816223203E+000  0.100050033358353E-002 -0.120574698479054E+002
  0.100000000000000E+001  0.241021194901961E+002  0.852385655152448E+000  0.122460382590654E+000  0.685300312645510E+000  0.100050033358353E-002 -0.120510597450981E+002
  0.100000000000000E+001  0.240977266751912E+002  0.732802036831530E+000  0.103701658419104E+000  0.891747684214737E+000  0.100050033358353E-002 -0.120488633375956E+002
  0.100000000000000E+001  0.240961838507181E+002  0.759380039938052E+000  0.111431711917750E+000  0.852700660109501E+000  0.100050033358353E-002 -0.120480919253590E+002
  0.100000000000000E+001  0.240915855698354E+002  0.708070437297786E+000  0.394725307241639E-001  0.925428499956238E+000  0.100050033358353E-002 -0.120457927849177E+002
  0.100000000000000E+001  0.240892902259524E+002  0.699808267711698E+000  0.872970242464636E-001  0.936160420455131E+000  0.100050033358353E-002 -0.120446451129762E+002
  0.100000000000000E+001  0.240884849308200E+002  0.930127282947914E+000  0.100813394181629E+000  0.481279910977858E+000  0.100050033358353E-002 -0.120442424654100E+002
  0.100000000000000E+001  0.240819747012871E+002  0.687120476619219E+000  0.618622689664759E-001  0.952165765460596E+000  0.100050033358353E-002 -0.120409873506436E+002
  0.100000000000000E+001  0.240778996659064E+002  0.794071489775220E+000  0.895911427553091E-002  0.796579370209168E+000  0.100050033358353E-002 -0.120389498329532E+002
  0.100000000000000E+001  0.240624183745063E+002  0.712041894787405E+000  0.399655937321375E-001  0.920180003334821E+000  0.100050033358353E-002 -0.120312091872532E+002
  0.100000000000000E+001  0.240616657487810E+002  0.711123306786770E+000  0.913392660546331E-001  0.921399238725564E+000  0.100050033358353E-002 -0.120308328743905E+002
  0.100000000000000E+001  0.240562093143968E+002  0.869940595386062E+000  0.119486636153831E+000  0.646302341708089E+000  0.100050033358353E-002 -0.120281046571984E+002
  0.100000000000000E+001  0.240525879859452E+002  0.706121181410189E+000  0.871606310100190E-001  0.927983007243881E+000  0.100050033358353E-002 -0.120262939929726E+002
  0.100000000000000E+001  0.240429239453925E+002  0.839716393222059E+000  0.120044940715268E+000  0.711657345075864E+000  0.100050033358353E-002 -0.120214619726962E+002
  0.100000000000000E+001  0.240412553548706E+002  0.706799562443287E+000  0.459018384764329E-001  0.927095583443146E+000  0.100050033358353E-002 -0.120206276774353E+002
  0.100000000000000E+001  0.240376576276542E+002  0.693922752023215E+000  0.663671173156110E-001  0.943655049741131E+000  0.100050033358353E-002 -0.120188288138271E+002
  0.100000000000000E+001  0.240351807730165E+002  0.696975151464000E+000  0.573468724273217E-001  0.939783480288385E+000  0.100050033358353E-002 -0.120175903865082E+002
  0.100000000000000E+001  0.240315726643259E+002  0.764163197087659E+000  0.109057121698667E+000  0.845329669163761E+000  0.100050033358353E-002 -0.120157863321630E+002
  0.100000000000000E+001  0.240308844001082E+002  0.877818295442884E+000  0.117476716300485E+000  0.627741464933603E+000  0.100050033358353E-002 -0.120154422000541E+002
  0.100000000000000E+001  0.240275577426335E+002  0.738085495556970E+000  0.100708186638976E+000  0.884232118948136E+000  0.100050033358353E-002 -0.120137788713167E+002
  0.100000000000000E+001  0.240174956685156E+002  0.701621764231094E+000  0.777045022548312E-001  0.933826147993047E+000  0.100050033358353E-002 -0.120087478342578E+002
  0.100000000000000E+001  0.240136211953192E+002  0.938878709394237E+000  0.760976164675987E-001  0.451151621437342E+000  0.100050033358353E-002 -0.120068105976596E+002
  0.100000000000000E+001  0.240049726169763E+002  0.794175877638706E+000  0.124370692832282E-001  0.796400614582306E+000  0.100050033358353E-002 -0.120024863084882E+002
  0.100000000000000E+001  0.240028063184621E+002  0.732403285053847E+000  0.965316962316626E-001  0.892310147369958E+000  0.100050033358353E-002 -0.120014031592311E+002
  0.100000000000000E+001  0.240018806314957E+002  0.784249260525563E+000  0.153196205835590E-001  0.813120392235988E+000  0.100050033358353E-002 -0.120009403157478E+002
  0.100000000000000E+001  0.240015996128752E+002  0.849095118447078E+000  0.146980896282345E-002  0.692280684035860E+000  0.100050033358353E-002 -0.120007998064376E+002
  0.100000000000000E+001  0.239932102173217E+002  0.734001063476493E+000  0.964676604845687E-001  0.890052395907290E+000  0.100050033358353E-002 -0.119966051086608E+002
  0.100000000000000E+001  0.239930292715287E+002  0.824197970273406E+000  0.117145277282058E+000  0.742162267094031E+000  0.100050033358353E-002 -0.119965146357644E+002
  0.100000000000000E+001  0.239926443748054E+002  0.813394827077815E+000  0.116075751100356E+000  0.762358012791737E+000  0.100050033358353E-002 -0.119963221874027E+002
  0.100000000000000E+001  0.239885379292090E+002  0.713602249706597E+000  0.844872512683792E-001  0.918101626135721E+000  0.100050033358353E-002 -0.119942689646045E+002
  0.100000000000000E+001  0.239835865018042E+002  0.776518000425524E+000  0.109360813977293E+000  0.825766050915953E+000  0.100050033358353E-002 -0.119917932509021E+002
  0.100000000000000E+001  0.239808168610804E+002  0.726944998284396E+000  0.391897020940553E-001  0.899943541823402E+000  0.100050033358353E-002 -0.119904084305402E+002
  0.100000000000000E+001  0.239729270850809E+002  0.750012653809671E+000  0.101158928913675E+000  0.866823249563386E+000  0.100050033358353E-002 -0.119864635425405E+002
  0.100000000000000E+001  0.239707112292779E+002  0.864259930355071E+000  0.116458758733289E+000  0.659262252681151E+000  0.100050033358353E-002 -0.119853556146389E+002
  0.100000000000000E+001  0.239699244925574E+002  0.733939321168523E+000  0.944681086560164E-001  0.890139839151773E+000  0.100050033358353E-002 -0.119849622462787E+002
  0.100000000000000E+001  0.239655280409339E+002  0.725160265234088E+000  0.894668747445578E-001  0.902413175301250E+000  0.100050033358353E-002 -0.119827640204670E+002
  0.100000000000000E+001  0.239593812154831E+002  0.760020175252668E+000  0.103510379955413E+000  0.851720563415393E+000  0.100050033358353E-002 -0.119796906077416E+002
  0.100000000000000E+001  0.239481874739735E+002  0.826027929755722E+000  0.115230251492811E+000  0.738659720623534E+000  0.100050033358353E-002 -0.119740937369867E+002
  0.100000000000000E+001  0.239248344707636E+002  0.947869907979078E+000  0.288141821772199E-001  0.417614109833782E+000  0.100050033358353E-002 -0.119624172353818E+002
  0.100000000000000E+001  0.239228454701667E+002  0.529323355898565E-001  0.107850095484402E+000  0.130870475282734E+001  0.100050033358353E-002 -0.119614227350834E+002
  0.100000000000000E+001  0.239224395080610E+002  0.950248787680600E+000  0.605970621124011E-001  0.408223297014167E+000  0.100050033358353E-002 -0.119612197540305E+002
  0.100000000000000E+001  0.239196379931462E+002  0.946575581120738E+000  0.270165746352972E-001  0.422626263971620E+000  0.100050033358353E-002 -0.119598189965731E+002
  0.100000000000000E+001  0.239174895629487E+002  0.802974554902605E+000  0.145677906972167E-001  0.781100473644883E+000  0.100050033358353E-002 -0.119587447814743E+002
  0.100000000000000E+001  0.239105057559427E+002  0.758353721217621E+000  0.995869940276420E-001  0.854267967543878E+000  0.100050033358353E-002 -0.119552528779714E+002
  0.100000000000000E+001  0.239023496705481E+002  0.735678101643815E+000  0.888429760593564E-001  0.887671156037762E+000  0.100050033358353E-002 -0.119511748352741E+002
  0.100000000000000E+001  0.239010011157192E+002  0.814201132600640E+000  0.111748783985394E+000  0.760878288362006E+000  0.100050033358353E-002 -0.119505005578596E+002
  0.100000000000000E+001  0.238821859440641E+002  0.795750941194917E+000  0.184469977880710E-001  0.793695699256500E+000  0.100050033358353E-002 -0.119410929720321E+002
  0.100000000000000E+001  0.238797757902828E+002  0.948346720818640E+000  0.372702240389495E-001  0.415750724774142E+000  0.100050033358353E-002 -0.119398878951414E+002
  0.100000000000000E+001  0.238740051500612E+002  0.739758768168003E+000  0.881087369281701E-001  0.881827246971253E+000  0.100050033358353E-002 -0.119370025750306E+002
  0.100000000000000E+001  0.238662434546137E+002  0.824360822924968E+000  0.111578467169217E+000  0.741851551380650E+000  0.100050033358353E-002 -0.119331217273069E+002
  0.100000000000000E+001  0.238627629418578E+002  0.947540184363510E+000  0.375676229465432E-001  0.418897277100790E+000  0.100050033358353E-002 -0.119313814709289E+002
  0.100000000000000E+001  0.238621950672152E+002  0.829256178798540E+000  0.112132051014593E-001  0.732420864069927E+000  0.100050033358353E-002 -0.119310975336076E+002
  0.100000000000000E+001  0.238610360073560E+002  0.872299857475501E+000  0.529403067495238E-002  0.640817460856144E+000  0.100050033358353E-002 -0.119305180036780E+002
  0.100000000000000E+001  0.238584788977035E+002  0.828060924679921E+000  0.111064161598146E+000  0.734739807059605E+000  0.100050033358353E-002 -0.119292394488518E+002
  0.100000000000000E+001  0.238539904458700E+002  0.941839147830301E+000  0.262405646573255E-001  0.440426001347467E+000  0.100050033358353E-002 -0.119269952229350E+002
  0.100000000000000E+001  0.238506857025848E+002  0.935121090203884E+000  0.821679804846177E-001  0.464362123515716E+000  0.100050033358353E-002 -0.119253428512924E+002
  0.100000000000000E+001  0.238447650037786E+002  0.930718087869178E+000  0.863445133987474E-001  0.479314214989179E+000  0.100050033358353E-002 -0.119223825018893E+002
  0.100000000000000E+001  0.238384824333879E+002  0.780160564804260E+000  0.262353731192948E-001  0.819847981060645E+000  0.100050033358353E-002 -0.119192412166939E+002
  0.100000000000000E+001  0.238340018613182E+002  0.833168505502900E+000  0.118454694742829E-001  0.724754895361064E+000  0.100050033358353E-002 -0.119170009306591E+002
  0.100000000000000E+001  0.238197884525343E+002  0.748551625277147E+000  0.870943335819564E-001  0.868989621676820E+000  0.100050033358353E-002 -0.119098942262671E+002
  0.100000000000000E+001  0.238124470831114E+002  0.815199104350355E+000  0.170369251427306E-001  0.759040787953576E+000  0.100050033358353E-002 -0.119062235415557E+002
  0.100000000000000E+001  0.238117046404569E+002  0.912531113306187E+000  0.970937263185349E-001  0.536021238219574E+000  0.100050033358353E-002 -0.119058523202285E+002
  0.100000000000000E+001  0.238093559661661E+002  0.944011496094211E+000  0.366649446301150E-001  0.432364262227614E+000  0.100050033358353E-002 -0.119046779830830E+002
  0.100000000000000E+001  0.238005235390577E+002  0.886515302599890E+000  0.785171914561889E-002  0.606386832082603E+000  0.100050033358353E-002 -0.119002617695288E+002
  0.100000000000000E+001  0.237975111779032E+002  0.865109841832889E+000  0.889842690956465E-002  0.657344876876049E+000  0.100050033358353E-002 -0.118987555889516E+002
  0.100000000000000E+001  0.237972939853859E+002  0.924573246750316E+000  0.884973461630981E-001  0.499322197138601E+000  0.100050033358353E-002 -0.118986469926929E+002
  0.100000000000000E+001  0.237843432095500E+002  0.749543920597959E+000  0.834696520035711E-001  0.867519323838542E+000  0.100050033358353E-002 -0.118921716047750E+002
  0.100000000000000E+001  0.237827925194269E+002  0.889571441384851E+000  0.103934734366203E+000  0.598650436755104E+000  0.100050033358353E-002 -0.118913962597135E+002
  0.100000000000000E+001  0.237746659340256E+002  0.760410444331211E+000  0.404555681929412E-001  0.851122071728744E+000  0.100050033358353E-002 -0.118873329670128E+002
  0.100000000000000E+001  0.237581149273131E+002  0.933414075430512E+000  0.252647305877464E-001  0.470223791441562E+000  0.100050033358353E-002 -0.118790574636566E+002
  0.100000000000000E+001  0.237569930819884E+002  0.882913865463970E+000  0.104041685518838E+000  0.615345323939552E+000  0.100050033358353E-002 -0.118784965409942E+002
  0.100000000000000E+001  0.237509804757014E+002  0.773356873053732E+000  0.356766480723130E-001  0.830845537588534E+000  0.100050033358353E-002 -0.118754902378507E+002
  0.100000000000000E+001  0.237486172947363E+002  0.940973214613306E+000  0.595996923038602E-001  0.443593609329528E+000  0.100050033358353E-002 -0.118743086473681E+002
  0.100000000000000E+001  0.237472695218829E+002  0.928052505432917E+000  0.216030486181122E-001  0.488110566795026E+000  0.100050033358353E-002 -0.118736347609414E+002
  0.100000000000000E+001  0.237392261148427E+002  0.782446897878089E+000  0.326769676355099E-001  0.816097192909419E+000  0.100050033358353E-002 -0.118696130574214E+002
  0.100000000000000E+001  0.237375446662400E+002  0.910277072190802E+000  0.939054373224418E-001  0.542563836944890E+000  0.100050033358353E-002 -0.118687723331200E+002
  0.100000000000000E+001  0.237357468240044E+002  0.748631002806800E+000  0.570811223165547E-001  0.868872170057024E+000  0.100050033358353E-002 -0.118678734120022E+002
  0.100000000000000E+001  0.237254550914838E+002  0.792454165708013E+000  0.296970780740169E-001  0.799340805500961E+000  0.100050033358353E-002 -0.118627275457419E+002
  0.100000000000000E+001  0.237226216827935E+002  0.749331502292160E+000  0.600516739269553E-001  0.867834440483853E+000  0.100050033358353E-002 -0.118613108413967E+002
  0.100000000000000E+001  0.237200006168083E+002  0.749796581562994E+000  0.696177482403714E-001  0.867144242848388E+000  0.100050033358353E-002 -0.118600003084041E+002
  0.100000000000000E+001  0.237154053984890E+002  0.901917037930395E+000  0.963655175015099E-001  0.566035297964637E+000  0.100050033358353E-002 -0.118577026992445E+002
  0.100000000000000E+001  0.237124836753078E+002  0.768610166895730E+000  0.423164920165399E-001  0.838376581758750E+000  0.100050033358353E-002 -0.118562418376539E+002
  0.100000000000000E+001  0.237124672563916E+002  0.754751055512638E+000  0.754705538561817E-001  0.859730379578619E+000  0.100050033358353E-002 -0.118562336281958E+002
  0.100000000000000E+001  0.237123917959042E+002  0.848824632466469E+000  0.154652821779518E-001  0.692850156866377E+000  0.100050033358353E-002 -0.118561958979521E+002
  0.100000000000000E+001  0.237123005363771E+002  0.802304692314560E+000  0.270868155626205E-001  0.782281808494397E+000  0.100050033358353E-002 -0.118561502681886E+002
  0.100000000000000E+001  0.237084198692256E+002  0.751613642040057E+000  0.687673252656851E-001  0.864438244960099E+000  0.100050033358353E-002 -0.118542099346128E+002
  0.100000000000000E+001  0.237064293875005E+002  0.752299946863706E+000  0.609501653869750E-001  0.863412272614595E+000  0.100050033358353E-002 -0.118532146937503E+002
  0.100000000000000E+001  0.237054591943314E+002  0.786940982875981E+000  0.936071330504280E-001  0.808641466729700E+000  0.100050033358353E-002 -0.118527295971657E+002
  0.100000000000000E+001  0.237050281941399E+002  0.806029067058289E+000  0.989281925668238E-001  0.775678294440910E+000  0.100050033358353E-002 -0.118525140970700E+002
  0.100000000000000E+001  0.236960834723829E+002  0.783191081769410E+000  0.359271697450674E-001  0.814870239105267E+000  0.100050033358353E-002 -0.118480417361914E+002
  0.100000000000000E+001  0.236950519373652E+002  0.938691621752951E+000  0.509736443972962E-001  0.451819764114623E+000  0.100050033358353E-002 -0.118475259686826E+002
  0.100000000000000E+001  0.236801471206914E+002  0.933797761764621E+000  0.667835124064069E-001  0.468913576073207E+000  0.100050033358353E-002 -0.118400735603457E+002
  0.100000000000000E+001  0.236778362377506E+002  0.805331483693978E+000  0.968554925729097E-001  0.776921752480635E+000  0.100050033358353E-002 -0.118389181188753E+002
  0.100000000000000E+001  0.236772780806142E+002  0.800789515896891E+000  0.955978598595372E-001  0.784943714028665E+000  0.100050033358353E-002 -0.118386390403071E+002
  0.100000000000000E+001  0.236758935159615E+002  0.799261864941132E+000  0.307856832873112E-001  0.787613359162828E+000  0.100050033358353E-002 -0.118379467579808E+002
  0.100000000000000E+001  0.236741365828007E+002  0.896013535004592E+000  0.960356990522401E-001  0.581915690791506E+000  0.100050033358353E-002 -0.118370682914004E+002
  0.100000000000000E+001  0.236632964599187E+002  0.871066380652996E+000  0.100701825421469E+000  0.643692766028633E+000  0.100050033358353E-002 -0.118316482299593E+002
  0.100000000000000E+001  0.236562978532886E+002  0.787201559368679E+000  0.377221259880069E-001  0.808205742012600E+000  0.100050033358353E-002 -0.118281489266443E+002
  0.100000000000000E+001  0.236558581812787E+002  0.868358475618755E+000  0.162541084781014E-001  0.649946333722477E+000  0.100050033358353E-002 -0.118279290906393E+002
  0.100000000000000E+001  0.236519771988606E+002  0.824317621364644E+000  0.244535317299542E-001  0.741933996726281E+000  0.100050033358353E-002 -0.118259885994303E+002
  0.100000000000000E+001  0.236502667477789E+002  0.934660140152889E+000  0.435209069880994E-001  0.465953292603249E+000  0.100050033358353E-002 -0.118251333738895E+002
  0.100000000000000E+001  0.236406864298492E+002  0.855334993966747E+000  0.100316916561625E+000  0.678959479813501E+000  0.100050033358353E-002 -0.118203432149246E+002
  0.100000000000000E+001  0.236316438343777E+002  0.897138935294552E+000  0.181561278995644E-001  0.578929953084200E+000  0.100050033358353E-002 -0.118158219171888E+002
  0.100000000000000E+001  0.236309827942482E+002  0.769702853229486E+000  0.539099389729259E-001  0.836653048688836E+000  0.100050033358353E-002 -0.118154913971241E+002
  0.100000000000000E+001  0.236236760262700E+002  0.788234299476836E+000  0.862845054757888E-001  0.806475101105766E+000  0.100050033358353E-002 -0.118118380131350E+002
  0.100000000000000E+001  0.236236232073680E+002  0.929403316005945E+000  0.360853375939983E-001  0.483676074475423E+000  0.100050033358353E-002 -0.118118116036840E+002
  0.100000000000000E+001  0.236168427257565E+002  0.895937247896568E+000  0.924296225926046E-001  0.582117394457553E+000  0.100050033358353E-002 -0.118084213628782E+002
  0.100000000000000E+001  0.236019625894975E+002  0.924004141057888E+000  0.322138817333576E-001  0.501128276621837E+000  0.100050033358353E-002 -0.118009812947488E+002
  0.100000000000000E+001  0.236010769822566E+002  0.778019266378160E+000  0.766368750672470E-001  0.823335452150518E+000  0.100050033358353E-002 -0.118005384911283E+002
  0.100000000000000E+001  0.235955324449593E+002  0.780266222335201E+000  0.501929822099203E-001  0.819675266813889E+000  0.100050033358353E-002 -0.117977662224797E+002
  0.100000000000000E+001  0.235936817592131E+002  0.773433379098782E+000  0.602989280457758E-001  0.830723213848881E+000  0.100050033358353E-002 -0.117968408796066E+002
  0.100000000000000E+001  0.235906335334005E+002  0.778143225774206E+000  0.534147571068369E-001  0.823134226868315E+000  0.100050033358353E-002 -0.117953167667003E+002
  0.100000000000000E+001  0.235882514417931E+002  0.791950629985971E+000  0.840459847052001E-001  0.800197456032125E+000  0.100050033358353E-002 -0.117941257208965E+002
  0.100000000000000E+001  0.235881025326861E+002  0.776767568939996E+000  0.561026369901355E-001  0.825362812389100E+000  0.100050033358353E-002 -0.117940512663430E+002
  0.100000000000000E+001  0.235864335822647E+002  0.822979519469318E+000  0.938125298986807E-001  0.744480961572328E+000  0.100050033358353E-002 -0.117932167911323E+002
  0.100000000000000E+001  0.235835438077782E+002  0.777558947571730E+000  0.557374564238806E-001  0.824081984788516E+000  0.100050033358353E-002 -0.117917719038891E+002
  0.100000000000000E+001  0.235783921504730E+002  0.781062053563855E+000  0.526749135589277E-001  0.818372428426619E+000  0.100050033358353E-002 -0.117891960752365E+002
  0.100000000000000E+001  0.235783782465565E+002  0.784609811353396E+000  0.493758888952093E-001  0.812522769520884E+000  0.100050033358353E-002 -0.117891891232782E+002
  0.100000000000000E+001  0.235778990035259E+002  0.856381463808725E+000  0.962699764292757E-001  0.676690069644028E+000  0.100050033358353E-002 -0.117889495017629E+002
  0.100000000000000E+001  0.235771941090414E+002  0.818815327006608E+000  0.921755454666061E-001  0.752325832876435E+000  0.100050033358353E-002 -0.117885970545207E+002
  0.100000000000000E+001  0.235726949737973E+002  0.777872535565044E+000  0.597982312429344E-001  0.823573537681927E+000  0.100050033358353E-002 -0.117863474868987E+002
  0.100000000000000E+001  0.235673770961954E+002  0.915877621819583E+000  0.293885518968009E-001  0.526127008889802E+000  0.100050033358353E-002 -0.117836885480977E+002
  0.100000000000000E+001  0.235667903034310E+002  0.816457331557660E+000  0.334317241676962E-001  0.756714515483146E+000  0.100050033358353E-002 -0.117833951517155E+002
  0.100000000000000E+001  0.235587467292649E+002  0.921183053612142E+000  0.705328492612038E-001  0.509970576709541E+000  0.100050033358353E-002 -0.117793733646324E+002
  0.100000000000000E+001  0.235576790703576E+002  0.867407697261931E+000  0.944504082572049E-001  0.652123232356484E+000  0.100050033358353E-002 -0.117788395351788E+002
  0.100000000000000E+001  0.235547252031828E+002  0.901826854878222E+000  0.854779828839100E-001  0.566282034541645E+000  0.100050033358353E-002 -0.117773626015914E+002
  0.100000000000000E+001  0.235394219062875E+002  0.789703936829746E+000  0.750426159799334E-001  0.804001967814180E+000  0.100050033358353E-002 -0.117697109531437E+002
  0.100000000000000E+001  0.235377349899711E+002  0.904956819393360E+000  0.823563570248025E-001  0.557640094740400E+000  0.100050033358353E-002 -0.117688674949856E+002
  0.100000000000000E+001  0.235366985231452E+002  0.889720174424705E+000  0.888325751440291E-001  0.598270692737995E+000  0.100050033358353E-002 -0.117683492615726E+002
  0.100000000000000E+001  0.235338913714607E+002  0.785319506081574E+000  0.613774977186579E-001  0.811344341446633E+000  0.100050033358353E-002 -0.117669456857304E+002
  0.100000000000000E+001  0.235310135418763E+002  0.875591729588695E+000  0.238556637666920E-001  0.633059782757902E+000  0.100050033358353E-002 -0.117655067709381E+002
  0.100000000000000E+001  0.235308881587672E+002  0.877856710759437E+000  0.238425104834215E-001  0.627649192592859E+000  0.100050033358353E-002 -0.117654440793836E+002
  0.100000000000000E+001  0.235283058602228E+002  0.900395242963079E+000  0.839257799737690E-001  0.570181275580607E+000  0.100050033358353E-002 -0.117641529301114E+002
  0.100000000000000E+001  0.235045441097070E+002  0.873866993345430E+000  0.259222627870659E-001  0.637139746744173E+000  0.100050033358353E-002 -0.117522720548535E+002
  0.100000000000000E+001  0.235030541916407E+002  0.798272724981240E+000  0.512851335735881E-001  0.789334405632976E+000  0.100050033358353E-002 -0.117515270958203E+002
  0.100000000000000E+001  0.234992931375698E+002  0.900200690369608E+000  0.290040157434803E-001  0.570708640740766E+000  0.100050033358353E-002 -0.117496465687849E+002
  0.100000000000000E+001  0.234943968575844E+002  0.909294918409660E+000  0.332284702575737E-001  0.545385090471243E+000  0.100050033358353E-002 -0.117471984287922E+002
  0.100000000000000E+001  0.234937240569119E+002  0.907079727197341E+000  0.767024626738279E-001  0.551684276723811E+000  0.100050033358353E-002 -0.117468620284559E+002
  0.100000000000000E+001  0.234869719090754E+002  0.883937957388794E+000  0.273888132460158E-001  0.612814942957467E+000  0.100050033358353E-002 -0.117434859545377E+002
  0.100000000000000E+001  0.234866442533377E+002  0.800866821476535E+000  0.735041779301582E-001  0.784808241564021E+000  0.100050033358353E-002 -0.117433221266689E+002
  0.100000000000000E+001  0.234819177768997E+002  0.897203367553415E+000  0.813871517376257E-001  0.578758431466282E+000  0.100050033358353E-002 -0.117409588884498E+002
  0.100000000000000E+001  0.234707297841444E+002  0.802406387299202E+000  0.549077698369215E-001  0.782102642830634E+000  0.100050033358353E-002 -0.117353648920722E+002
  0.100000000000000E+001  0.234702270675666E+002  0.813036505072266E+000  0.788967981692406E-001  0.763014211340781E+000  0.100050033358353E-002 -0.117351135337833E+002
  0.100000000000000E+001  0.234635560866607E+002  0.849007967284066E+000  0.872633802451142E-001  0.692464240356449E+000  0.100050033358353E-002 -0.117317780433304E+002
  0.100000000000000E+001  0.234590862259187E+002  0.804595631977623E+000  0.697535077051219E-001  0.778230107502302E+000  0.100050033358353E-002 -0.117295431129594E+002
  0.100000000000000E+001  0.234494242599920E+002  0.819852842935068E+000  0.445976649004503E-001  0.750382653290927E+000  0.100050033358353E-002 -0.117247121299960E+002
  0.100000000000000E+001  0.234492262390380E+002  0.900851508521097E+000  0.758801736634144E-001  0.568942130923182E+000  0.100050033358353E-002 -0.117246131195190E+002
  0.100000000000000E+001  0.234467836166645E+002  0.804916271478136E+000  0.643773568513936E-001  0.777660423444875E+000  0.100050033358353E-002 -0.117233918083323E+002
  0.100000000000000E+001  0.234463469982866E+002  0.915514732987508E+000  0.524345761076207E-001  0.527210659480303E+000  0.100050033358353E-002 -0.117231734991433E+002
  0.100000000000000E+001  0.234373573835627E+002  0.870220246288686E+000  0.318577478660942E-001  0.645655408875288E+000  0.100050033358353E-002 -0.117186786917814E+002
  0.100000000000000E+001  0.234271824232660E+002  0.910470965568901E+000  0.457876901458284E-001  0.542004777894551E+000  0.100050033358353E-002 -0.117135912116330E+002
  0.100000000000000E+001  0.234256953285168E+002  0.823998256063023E+000  0.459132761048910E-001  0.742543051808073E+000  0.100050033358353E-002 -0.117128476642584E+002
  0.100000000000000E+001  0.234086197829775E+002  0.908451883889600E+000  0.603751132554388E-001  0.547792720918484E+000  0.100050033358353E-002 -0.117043098914887E+002
  0.100000000000000E+001  0.233992915257226E+002  0.872512024613301E+000  0.804338579258218E-001  0.640321174327448E+000  0.100050033358353E-002 -0.116996457628613E+002
  0.100000000000000E+001  0.233855726143295E+002  0.822877167555608E+000  0.667466521192834E-001  0.744675251198755E+000  0.100050033358353E-002 -0.116927863071648E+002
  0.100000000000000E+001  0.233748968086744E+002  0.903393991196498E+000  0.511000537489910E-001  0.561975471874934E+000  0.100050033358353E-002 -0.116874484043372E+002
  0.100000000000000E+001  0.233737922759150E+002  0.826174759363487E+000  0.658721244174027E-001  0.738377630830123E+000  0.100050033358353E-002 -0.116868961379575E+002
  0.100000000000000E+001  0.233730345462165E+002  0.858130479892004E+000  0.403789494047666E-001  0.672873767309486E+000  0.100050033358353E-002 -0.116865172731082E+002
  0.100000000000000E+001  0.233672137225847E+002  0.839970387261496E+000  0.472188812427713E-001  0.711142341842529E+000  0.100050033358353E-002 -0.116836068612924E+002
  0.100000000000000E+001  0.233564742245790E+002  0.862634273183350E+000  0.763887124053846E-001  0.662909026803511E+000  0.100050033358353E-002 -0.116782371122895E+002
  0.100000000000000E+001  0.233546172841394E+002  0.831161914776890E+000  0.630160032921676E-001  0.728701269903266E+000  0.100050033358353E-002 -0.116773086420697E+002
  0.100000000000000E+001  0.233508378886797E+002  0.833212897156888E+000  0.572833972644336E-001  0.724667239141813E+000  0.100050033358353E-002 -0.116754189443398E+002
  0.100000000000000E+001  0.233460990445244E+002  0.852163938741703E+000  0.460596030835613E-001  0.685773734669782E+000  0.100050033358353E-002 -0.116730495222622E+002
  0.100000000000000E+001  0.233377899784841E+002  0.837431452696495E+000  0.631835312619647E-001  0.716266730460027E+000  0.100050033358353E-002 -0.116688949892421E+002
  0.100000000000000E+001  0.233335043483937E+002  0.886020972314735E+000  0.468097391158518E-001  0.607626458424182E+000  0.100050033358353E-002 -0.116667521741968E+002
  0.100000000000000E+001  0.233280642420940E+002  0.878043761627365E+000  0.690721440520641E-001  0.627199650776455E+000  0.100050033358353E-002 -0.116640321210470E+002
  0.100000000000000E+001  0.233236751975427E+002  0.866459745627019E+000  0.700669223192375E-001  0.654284086009055E+000  0.100050033358353E-002 -0.116618375987714E+002
  0.100000000000000E+001  0.233198916558776E+002  0.850716230245399E+000  0.664408098713607E-001  0.688853956611131E+000  0.100050033358353E-002 -0.116599458279388E+002
  0.100000000000000E+001  0.233185294028806E+002  0.859115484294008E+000  0.494726964208684E-001  0.670711510234712E+000  0.100050033358353E-002 -0.116592647014403E+002
  0.100000000000000E+001  0.233111777547389E+002  0.882294124960842E+000  0.526989759381248E-001  0.616870152413901E+000  0.100050033358353E-002 -0.116555888773695E+002
  0.100000000000000E+001  0.233039581083683E+002  0.870791126225460E+000  0.641911615087566E-001  0.644332095286334E+000  0.100050033358353E-002 -0.116519790541842E+002
  0.100000000000000E+001  0.233010374627341E+002  0.874018705357164E+000  0.620691793689410E-001  0.636782233567859E+000  0.100050033358353E-002 -0.116505187313670E+002
  0.100000000000000E+001  0.232982507585713E+002  0.870993738422066E+000  0.613979553442569E-001  0.643861572321642E+000  0.100050033358353E-002 -0.116491253792857E+002
