  0.706187441908648E+000  0.158067960896488E+000  0.927896403544633E+000  0.100050033358353E-002 -0.128051896037871E+002 -0.128051896037871E+002
  0.585492689486579E+000  0.453562207673472E-001  0.106242715594921E+001  0.100050033358353E-002 -0.123836114718459E+002 -0.123836114718459E+002
  0.656898852831176E+000  0.109961154334068E-001  0.988120768312739E+000  0.100050033358353E-002 -0.124293946845704E+002 -0.124293946845704E+002
  0.756487988955909E+000  0.684322517194863E-001  0.857104409791548E+000  0.100050033358353E-002 -0.118418719236402E+002 -0.118418719236402E+002
  0.433983035505122E+000  0.113674197049655E+000  0.118069486493420E+001  0.100050033358353E-002 -0.129331287089989E+002 -0.129331287089989E+002
  0.622661695320589E+000  0.763534832924710E-001  0.102548752788463E+001  0.100050033358353E-002 -0.122396334275897E+002 -0.122396334275897E+002
  0.669790116094484E+000  0.606539011686666E-001  0.973143577953184E+000  0.100050033358353E-002 -0.120940925645236E+002 -0.120940925645236E+002
  0.631751813889652E+000  0.808920977284455E-002  0.101589378615444E+001  0.100050033358353E-002 -0.125369627784392E+002 -0.125369627784392E+002
  0.896013535004592E+000  0.960356990522401E-001  0.581915690791506E+000  0.100050033358353E-002 -0.118370682914004E+002 -0.118370682914004E+002
  0.570576389774476E+000  0.103758508265227E+000  0.107627545312557E+001  0.100050033358353E-002 -0.125074754314779E+002 -0.125074754314779E+002
  0.977751897978787E+000  0.966070952961899E-001  0.274905438948779E+000  0.100050033358353E-002 -0.126497150775812E+002 -0.126497150775812E+002
  0.750012653809671E+000  0.101158928913675E+000  0.866823249563386E+000  0.100050033358353E-002 -0.119864635425405E+002 -0.119864635425405E+002
  0.764260169172570E+000  0.119507498083532E+000  0.845179086538456E+000  0.100050033358353E-002 -0.121180511760103E+002 -0.121180511760103E+002
  0.777105873540598E+000  0.396067991540650E-002  0.824815677368588E+000  0.100050033358353E-002 -0.121425043414562E+002 -0.121425043414562E+002
  0.627479102233843E+000  0.131032059889737E+000  0.102043177722807E+001  0.100050033358353E-002 -0.126097087274632E+002 -0.126097087274632E+002
  0.758353721217621E+000  0.995869940276420E-001  0.854267967543878E+000  0.100050033358353E-002 -0.119552528779714E+002 -0.119552528779714E+002
  0.860951688333881E+000  0.119785746965717E+000  0.666655325894942E+000  0.100050033358353E-002 -0.120226308819247E+002 -0.120226308819247E+002
  0.903393991196498E+000  0.511000537489910E-001  0.561975471874934E+000  0.100050033358353E-002 -0.116874484043372E+002 -0.116874484043372E+002
  0.901917037930395E+000  0.963655175015099E-001  0.566035297964637E+000  0.100050033358353E-002 -0.118577026992445E+002 -0.118577026992445E+002
  0.702153884761406E+000  0.880274888526097E-001  0.933138963414176E+000  0.100050033358353E-002 -0.120412686844669E+002 -0.120412686844669E+002
  0.551206700671711E+000  0.257848415521831E-001  0.109347526064334E+001  0.100050033358353E-002 -0.125961838333784E+002 -0.125961838333784E+002
  0.788234299476836E+000  0.862845054757888E-001  0.806475101105766E+000  0.100050033358353E-002 -0.118118380131350E+002 -0.118118380131350E+002
  0.928052505432917E+000  0.216030486181122E-001  0.488110566795026E+000  0.100050033358353E-002 -0.118736347609414E+002 -0.118736347609414E+002
  0.573911102158388E+000  0.517912068449726E-001  0.107322591832474E+001  0.100050033358353E-002 -0.123939373848344E+002 -0.123939373848344E+002
  0.488562401544196E+000  0.857631262262564E-001  0.114348584360908E+001  0.100050033358353E-002 -0.126311477241309E+002 -0.126311477241309E+002
  0.776767568939996E+000  0.561026369901355E-001  0.825362812389100E+000  0.100050033358353E-002 -0.117940512663430E+002 -0.117940512663430E+002
  0.958343001831376E+000  0.641964367752343E-001  0.374316791395962E+000  0.100050033358353E-002 -0.120655339245882E+002 -0.120655339245882E+002
  0.487832474014412E+000  0.400891130329288E-001  0.114402095565675E+001  0.100050033358353E-002 -0.126665980371298E+002 -0.126665980371298E+002
  0.796527090447061E+000  0.143828696062138E+000  0.792357415191166E+000  0.100050033358353E-002 -0.123879305567410E+002 -0.123879305567410E+002
  0.962421851991815E+000  0.111295213917850E-002  0.355889205512863E+000  0.100050033358353E-002 -0.122934107822762E+002 -0.122934107822762E+002
  0.898796900050180E+000  0.144017340371534E+000  0.574496131336400E+000  0.100050033358353E-002 -0.124787343995493E+002 -0.124787343995493E+002
  0.739758768168003E+000  0.881087369281701E-001  0.881827246971253E+000  0.100050033358353E-002 -0.119370025750306E+002 -0.119370025750306E+002
  0.649589796376445E+000  0.206231165620119E-002  0.996385265211437E+000  0.100050033358353E-002 -0.125551443739533E+002 -0.125551443739533E+002
  0.706005752168730E+000  0.261494093983404E-001  0.928133836696043E+000  0.100050033358353E-002 -0.121381071554936E+002 -0.121381071554936E+002
  0.897203367553415E+000  0.813871517376257E-001  0.578758431466282E+000  0.100050033358353E-002 -0.117409588884498E+002 -0.117409588884498E+002
  0.347188851022910E+000  0.481625824207085E-001  0.122902004212439E+001  0.100050033358353E-002 -0.129278280944487E+002 -0.129278280944487E+002
  0.878043761627365E+000  0.690721440520641E-001  0.627199650776455E+000  0.100050033358353E-002 -0.116640321210470E+002 -0.116640321210470E+002
  0.599174114632273E+000  0.947189210378524E-001  0.104924449581887E+001  0.100050033358353E-002 -0.123718334185470E+002 -0.123718334185470E+002
  0.701621764231094E+000  0.777045022548312E-001  0.933826147993047E+000  0.100050033358353E-002 -0.120087478342578E+002 -0.120087478342578E+002
  0.718818576194788E+000  0.118326204894631E+000  0.911085795871410E+000  0.100050033358353E-002 -0.122148690191454E+002 -0.122148690191454E+002
  0.734001063476493E+000  0.964676604845687E-001  0.890052395907290E+000  0.100050033358353E-002 -0.119966051086608E+002 -0.119966051086608E+002
  0.824110373391859E+000  0.136645592549975E+000  0.742329318928641E+000  0.100050033358353E-002 -0.122512678955392E+002 -0.122512678955392E+002
  0.566013247014270E+000  0.212464446286766E-001  0.108040577290978E+001  0.100050033358353E-002 -0.125937333332579E+002 -0.125937333332579E+002
  0.608223334753453E+000  0.224674257450828E-001  0.104026360877820E+001  0.100050033358353E-002 -0.124640304196190E+002 -0.124640304196190E+002
  0.962324796141132E+000  0.134395462039107E+000  0.356339687667997E+000  0.100050033358353E-002 -0.129020256000744E+002 -0.129020256000744E+002
  0.406967642428493E+000  0.426347211641720E-001  0.119710485926451E+001  0.100050033358353E-002 -0.128357857873405E+002 -0.128357857873405E+002
  0.914176039044322E+000  0.122473279456954E+000  0.531185435443043E+000  0.100050033358353E-002 -0.122064288617767E+002 -0.122064288617767E+002
  0.597309758510633E+000  0.115365557293936E+000  0.105106861649533E+001  0.100050033358353E-002 -0.125264916011650E+002 -0.125264916011650E+002
  0.768610166895730E+000  0.423164920165399E-001  0.838376581758750E+000  0.100050033358353E-002 -0.118562418376539E+002 -0.118562418376539E+002
  0.819852842935068E+000  0.445976649004503E-001  0.750382653290927E+000  0.100050033358353E-002 -0.117247121299960E+002 -0.117247121299960E+002
  0.627935954795555E+000  0.103951308439914E+000  0.101994899189994E+001  0.100050033358353E-002 -0.123459762170563E+002 -0.123459762170563E+002
  0.366343052799155E+000  0.531284445806196E-001  0.121943293513494E+001  0.100050033358353E-002 -0.128802216985417E+002 -0.128802216985417E+002
  0.875591729588695E+000  0.238556637666920E-001  0.633059782757902E+000  0.100050033358353E-002 -0.117655067709381E+002 -0.117655067709381E+002
  0.411232745115271E+000  0.615454686379777E-001  0.119459884416189E+001  0.100050033358353E-002 -0.127764564828309E+002 -0.127764564828309E+002
  0.716257530823637E+000  0.140384305612104E+000  0.914543449689523E+000  0.100050033358353E-002 -0.124941452312260E+002 -0.124941452312260E+002
  0.477283005322096E+000  0.681194053860705E-001  0.115163831296474E+001  0.100050033358353E-002 -0.126251639826007E+002 -0.126251639826007E+002
  0.569135708093368E+000  0.117983341011137E+000  0.107758477843223E+001  0.100050033358353E-002 -0.126296956953398E+002 -0.126296956953398E+002
  0.882913865463970E+000  0.104041685518838E+000  0.615345323939552E+000  0.100050033358353E-002 -0.118784965409942E+002 -0.118784965409942E+002
  0.647881687410098E+000  0.179697563056351E-001  0.998293546127083E+000  0.100050033358353E-002 -0.123863093249270E+002 -0.123863093249270E+002
  0.355270289518982E+000  0.708442579461392E-001  0.122504698135486E+001  0.100050033358353E-002 -0.128873689738731E+002 -0.128873689738731E+002
  0.915877621819583E+000  0.293885518968009E-001  0.526127008889802E+000  0.100050033358353E-002 -0.117836885480977E+002 -0.117836885480977E+002
  0.889720174424705E+000  0.888325751440291E-001  0.598270692737995E+000  0.100050033358353E-002 -0.117683492615726E+002 -0.117683492615726E+002
  0.726944998284396E+000  0.391897020940553E-001  0.899943541823402E+000  0.100050033358353E-002 -0.119904084305402E+002 -0.119904084305402E+002
  0.385896207631347E+000  0.960234027918164E-001  0.120903030424416E+001  0.100050033358353E-002 -0.129101090950041E+002 -0.129101090950041E+002
  0.742928373882944E+000  0.144264675627628E+000  0.877238706918964E+000  0.100050033358353E-002 -0.124906550261646E+002 -0.124906550261646E+002
  0.316992959158288E+000  0.736386079147788E-001  0.124295458472438E+001  0.100050033358353E-002 -0.129575968997694E+002 -0.129575968997694E+002
  0.915514732987508E+000  0.524345761076207E-001  0.527210659480303E+000  0.100050033358353E-002 -0.117231734991433E+002 -0.117231734991433E+002
  0.872299857475501E+000  0.529403067495238E-002  0.640817460856144E+000  0.100050033358353E-002 -0.119305180036780E+002 -0.119305180036780E+002
  0.716810782348966E+000  0.118447098045003E-001  0.913798659514577E+000  0.100050033358353E-002 -0.122357354838381E+002 -0.122357354838381E+002
  0.463769141445101E+000  0.117838021534582E+000  0.116108265873060E+001  0.100050033358353E-002 -0.129023479522918E+002 -0.129023479522918E+002
  0.873555785070230E+000  0.314797860539056E-001  0.637872295828596E+000  0.100050033358353E-002 -0.117191479621650E+002 -0.117191479621650E+002
  0.696681937807957E+000  0.874114993488380E-001  0.940156814639672E+000  0.100050033358353E-002 -0.120545143889525E+002 -0.120545143889525E+002
  0.791950629985971E+000  0.840459847052001E-001  0.800197456032125E+000  0.100050033358353E-002 -0.117941257208965E+002 -0.117941257208965E+002
  0.676830300433821E+000  0.255500081549864E-001  0.964741181568421E+000  0.100050033358353E-002 -0.122326292151729E+002 -0.122326292151729E+002
  0.805331483693978E+000  0.968554925729097E-001  0.776921752480635E+000  0.100050033358353E-002 -0.118389181188753E+002 -0.118389181188753E+002
  0.471080203184873E+000  0.125893859512533E-001  0.115601649351877E+001  0.100050033358353E-002 -0.129147533303328E+002 -0.129147533303328E+002
  0.880850764518319E+000  0.171009532347357E+000  0.620402790711680E+000  0.100050033358353E-002 -0.129673744292525E+002 -0.129673744292525E+002
  0.750529155577541E+000  0.150874845422606E+000  0.866055085955949E+000  0.100050033358353E-002 -0.125808186955381E+002 -0.125808186955381E+002
  0.693344436486545E+000  0.107450596031769E+000  0.944384869621433E+000  0.100050033358353E-002 -0.121850364220743E+002 -0.121850364220743E+002
  0.115831701450279E-001  0.235564401791749E-001  0.131045407945176E+001  0.100050033358353E-002 -0.129039998232962E+002 -0.129039998232962E+002
  0.633926578294180E+000  0.121470882735938E+000  0.101356431477070E+001  0.100050033358353E-002 -0.124823117032344E+002 -0.124823117032344E+002
  0.943123496648817E+000  0.126232795124316E+000  0.435679965791066E+000  0.100050033358353E-002 -0.124944355419749E+002 -0.124944355419749E+002
  0.780266222335201E+000  0.501929822099203E-001  0.819675266813889E+000  0.100050033358353E-002 -0.117977662224797E+002 -0.117977662224797E+002
  0.779061458183190E+000  0.796787124710554E-001  0.821641110623552E+000  0.100050033358353E-002 -0.118065846102731E+002 -0.118065846102731E+002
  0.887665228626358E+000  0.126087262731852E+000  0.603490634331465E+000  0.100050033358353E-002 -0.121512505007972E+002 -0.121512505007972E+002
  0.415328443321543E+000  0.343244614004498E-001  0.119216274027285E+001  0.100050033358353E-002 -0.128610911836014E+002 -0.128610911836014E+002
  0.977986271823103E+000  0.879557496445815E-001  0.273469804394760E+000  0.100050033358353E-002 -0.125644942987319E+002 -0.125644942987319E+002
  0.650960224586753E+000  0.753820125064633E-001  0.994847949343381E+000  0.100050033358353E-002 -0.121542090222819E+002 -0.121542090222819E+002
  0.591593595789617E+000  0.146879004030729E+000  0.105660657044744E+001  0.100050033358353E-002 -0.129271753187999E+002 -0.129271753187999E+002
  0.964408196729958E+000  0.848875371689104E-001  0.346530774008374E+000  0.100050033358353E-002 -0.122756313687121E+002 -0.122756313687121E+002
  0.584018779071420E+000  0.106276994308327E+000  0.106381955527790E+001  0.100050033358353E-002 -0.124881114567069E+002 -0.124881114567069E+002
  0.564966092358813E+000  0.109883118142709E+000  0.108134671180197E+001  0.100050033358353E-002 -0.125691710049631E+002 -0.125691710049631E+002
  0.820441048899716E+000  0.168570048655402E+000  0.749277658881061E+000  0.100050033358353E-002 -0.128315416224297E+002 -0.128315416224297E+002
  0.460405143702119E+000  0.721817408399069E-001  0.116337980646070E+001  0.100050033358353E-002 -0.126686098568458E+002 -0.126686098568458E+002
  0.952111812589563E+000  0.779260782796909E-002  0.400698288997543E+000  0.100050033358353E-002 -0.121297389389072E+002 -0.121297389389072E+002
  0.567450304706431E+000  0.118926260855958E+000  0.107911030336116E+001  0.100050033358353E-002 -0.126438863448813E+002 -0.126438863448813E+002
  0.759470605801828E+000  0.134027264131539E+000  0.852562115325700E+000  0.100050033358353E-002 -0.123069761601249E+002 -0.123069761601249E+002
  0.445488657770911E+000  0.336599758906126E-001  0.117331197925122E+001  0.100050033358353E-002 -0.128004686569521E+002 -0.128004686569521E+002
  0.400792282741236E+000  0.780141193632709E-001  0.120067788889410E+001  0.100050033358353E-002 -0.128097457544043E+002 -0.128097457544043E+002
  0.986581543168249E+000  0.196753167230650E-001  0.213971252313847E+000  0.100050033358353E-002 -0.125936610977862E+002 -0.125936610977862E+002
  0.754751055512638E+000  0.754705538561817E-001  0.859730379578619E+000  0.100050033358353E-002 -0.118562336281958E+002 -0.118562336281958E+002
  0.638541343908552E+000  0.390821064308093E-001  0.100857676864031E+001  0.100050033358353E-002 -0.122592620768874E+002 -0.122592620768874E+002
  0.965480943995480E+000  0.117520879406241E+000  0.341361719694903E+000  0.100050033358353E-002 -0.126754088800808E+002 -0.126754088800808E+002
  0.814201132600640E+000  0.111748783985394E+000  0.760878288362006E+000  0.100050033358353E-002 -0.119505005578596E+002 -0.119505005578596E+002
  0.838752880623705E+000  0.170171880123752E+000  0.713606191004558E+000  0.100050033358353E-002 -0.128706497877264E+002 -0.128706497877264E+002
  0.562976346130171E+000  0.102270748524111E+000  0.108312758944129E+001  0.100050033358353E-002 -0.125186102766310E+002 -0.125186102766310E+002
  0.839019978405109E+000  0.146234051489017E+000  0.713066704081071E+000  0.100050033358353E-002 -0.124028693684317E+002 -0.124028693684317E+002
  0.956663024654475E+000  0.894908354428301E-001  0.381626268830119E+000  0.100050033358353E-002 -0.122019268283920E+002 -0.122019268283920E+002
  0.330155122304805E+000  0.416966928182222E-001  0.123705557155616E+001  0.100050033358353E-002 -0.129820101689182E+002 -0.129820101689182E+002
  0.615112331156992E+000  0.109362910090973E+000  0.103328305834706E+001  0.100050033358353E-002 -0.124238365304675E+002 -0.124238365304675E+002
  0.702741401066392E+000  0.128578441079061E+000  0.932379046133821E+000  0.100050033358353E-002 -0.123714871389097E+002 -0.123714871389097E+002
  0.822877167555608E+000  0.667466521192834E-001  0.744675251198755E+000  0.100050033358353E-002 -0.116927863071648E+002 -0.116927863071648E+002
  0.778957997443153E+000  0.927470175467706E-001  0.821809569410496E+000  0.100050033358353E-002 -0.118646754478792E+002 -0.118646754478792E+002
  0.573691708920734E+000  0.105606661065639E+000  0.107342736255062E+001  0.100050033358353E-002 -0.125123050545675E+002 -0.125123050545675E+002
  0.886515302599890E+000  0.785171914561889E-002  0.606386832082603E+000  0.100050033358353E-002 -0.119002617695288E+002 -0.119002617695288E+002
  0.414650302203125E+000  0.326473991576434E-001  0.119256810837041E+001  0.100050033358353E-002 -0.128735527922162E+002 -0.128735527922162E+002
  0.839716393222059E+000  0.120044940715268E+000  0.711657345075864E+000  0.100050033358353E-002 -0.120214619726962E+002 -0.120214619726962E+002
  0.889571441384851E+000  0.103934734366203E+000  0.598650436755104E+000  0.100050033358353E-002 -0.118913962597135E+002 -0.118913962597135E+002
  0.369760537972531E+000  0.774367036531622E-001  0.121766007138796E+001  0.100050033358353E-002 -0.128703803586977E+002 -0.128703803586977E+002
  0.852025544622576E+000  0.363839841640846E-001  0.686069014016984E+000  0.100050033358353E-002 -0.117090536548792E+002 -0.117090536548792E+002
  0.930127282947914E+000  0.100813394181629E+000  0.481279910977858E+000  0.100050033358353E-002 -0.120442424654100E+002 -0.120442424654100E+002
  0.870791126225460E+000  0.641911615087566E-001  0.644332095286334E+000  0.100050033358353E-002 -0.116519790541842E+002 -0.116519790541842E+002
  0.725705828655963E+000  0.122483496513302E+000  0.901659610840532E+000  0.100050033358353E-002 -0.122172086792409E+002 -0.122172086792409E+002
  0.526081988679509E+000  0.126628674544093E+000  0.111452928478091E+001  0.100050033358353E-002 -0.128354907581055E+002 -0.128354907581055E+002
  0.588801667139592E+000  0.621547904489331E-001  0.105928167607246E+001  0.100050033358353E-002 -0.123320317233067E+002 -0.123320317233067E+002
  0.897154117380364E+000  0.162686730215129E+000  0.578889543363714E+000  0.100050033358353E-002 -0.128461664898872E+002 -0.128461664898872E+002
  0.599612545587849E+000  0.322408123094786E-002  0.104881423940122E+001  0.100050033358353E-002 -0.126878426765815E+002 -0.126878426765815E+002
  0.414401303150100E+000  0.617798719132503E-001  0.119271675014995E+001  0.100050033358353E-002 -0.127705879449392E+002 -0.127705879449392E+002
  0.949384832215979E+000  0.752832479275880E-001  0.411661332427584E+000  0.100050033358353E-002 -0.120119658456098E+002 -0.120119658456098E+002
  0.593821226689182E+000  0.656109774368762E-001  0.105445817649752E+001  0.100050033358353E-002 -0.123149615193112E+002 -0.123149615193112E+002
  0.325229579678173E+000  0.570210863860102E-001  0.123929450008364E+001  0.100050033358353E-002 -0.129440475862211E+002 -0.129440475862211E+002
  0.568466204268140E+000  0.846034690048657E-001  0.107819157282666E+001  0.100050033358353E-002 -0.124157296005734E+002 -0.124157296005734E+002
  0.732802036831530E+000  0.103701658419104E+000  0.891747684214737E+000  0.100050033358353E-002 -0.120488633375956E+002 -0.120488633375956E+002
  0.558972975850011E+000  0.261292755906199E-001  0.108668291259966E+001  0.100050033358353E-002 -0.125727538526365E+002 -0.125727538526365E+002
  0.795750941194917E+000  0.184469977880710E-001  0.793695699256500E+000  0.100050033358353E-002 -0.119410929720321E+002 -0.119410929720321E+002
  0.827591070671975E+000  0.151972353751018E+000  0.735648467977365E+000  0.100050033358353E-002 -0.125053891580358E+002 -0.125053891580358E+002
  0.818964344299559E+000  0.133936617261028E+000  0.752047196063032E+000  0.100050033358353E-002 -0.122150590862541E+002 -0.122150590862541E+002
  0.537562301784686E+000  0.105060943921789E+000  0.110508051210997E+001  0.100050033358353E-002 -0.126073970156286E+002 -0.126073970156286E+002
  0.603922335710088E+000  0.382545424509432E-001  0.104455854811420E+001  0.100050033358353E-002 -0.123651529647021E+002 -0.123651529647021E+002
  0.812112477636707E+000  0.139439427224841E+000  0.764702462727751E+000  0.100050033358353E-002 -0.123026016361692E+002 -0.123026016361692E+002
  0.961525981857958E+000  0.165131148786731E-001  0.360024245521629E+000  0.100050033358353E-002 -0.121634498785554E+002 -0.121634498785554E+002
  0.665975612023948E+000  0.859099548936292E-001  0.977629621511476E+000  0.100050033358353E-002 -0.121378992644439E+002 -0.121378992644439E+002
  0.908451883889600E+000  0.603751132554388E-001  0.547792720918484E+000  0.100050033358353E-002 -0.117043098914887E+002 -0.117043098914887E+002
  0.476114687122167E+000  0.101745751440400E+000  0.115246861193017E+001  0.100050033358353E-002 -0.127421816036332E+002 -0.127421816036332E+002
  0.414024507096032E+000  0.810001452094793E-001  0.119294147630881E+001  0.100050033358353E-002 -0.127891223327901E+002 -0.127891223327901E+002
  0.869940595386062E+000  0.119486636153831E+000  0.646302341708089E+000  0.100050033358353E-002 -0.120281046571984E+002 -0.120281046571984E+002
  0.348411642359488E+000  0.617792120210482E-001  0.122842557176315E+001  0.100050033358353E-002 -0.128992802640821E+002 -0.128992802640821E+002
  0.687218048011170E+000  0.524271583799728E-001  0.952044816223203E+000  0.100050033358353E-002 -0.120574698479054E+002 -0.120574698479054E+002
  0.724005789445478E+000  0.124607808338457E+000  0.904003870047776E+000  0.100050033358353E-002 -0.122700202689155E+002 -0.122700202689155E+002
  0.415411809778803E+000  0.248719178244760E-001  0.119211285159033E+001  0.100050033358353E-002 -0.129254368048046E+002 -0.129254368048046E+002
  0.736671578441857E+000  0.152269540433913E+000  0.886254921881222E+000  0.100050033358353E-002 -0.126336649440843E+002 -0.126336649440843E+002
  0.509531865922565E+000  0.668867578431342E-002  0.112765820573040E+001  0.100050033358353E-002 -0.128867700026920E+002 -0.128867700026920E+002
  0.938973929837777E+000  0.116189344617933E+000  0.450811130942088E+000  0.100050033358353E-002 -0.123026145309185E+002 -0.123026145309185E+002
  0.766689652275742E+000  0.354665025078420E-001  0.841391415733760E+000  0.100050033358353E-002 -0.118957908212064E+002 -0.118957908212064E+002
  0.678622621892301E+000  0.526290568211739E-001  0.962576226008395E+000  0.100050033358353E-002 -0.120837027004798E+002 -0.120837027004798E+002
  0.383469568113239E+000  0.883301992295586E-001  0.121035566729360E+001  0.100050033358353E-002 -0.128778457981118E+002 -0.128778457981118E+002
  0.677143151486014E+000  0.357135493018094E-001  0.964364049261508E+000  0.100050033358353E-002 -0.121606838072833E+002 -0.121606838072833E+002
  0.493270609792540E+000  0.545016196649817E-002  0.114000891990276E+001  0.100050033358353E-002 -0.129403003870183E+002 -0.129403003870183E+002
  0.957267930361426E+000  0.132686690744027E+000  0.379012075990324E+000  0.100050033358353E-002 -0.127890674470088E+002 -0.127890674470088E+002
  0.325292204192388E+000  0.673801998434392E-001  0.123926627023627E+001  0.100050033358353E-002 -0.129377966899784E+002 -0.129377966899784E+002
  0.888407820045484E+000  0.133363627456714E+000  0.601610932403490E+000  0.100050033358353E-002 -0.122609982145384E+002 -0.122609982145384E+002
  0.793007123311002E+000  0.147858403232797E+000  0.798398387712143E+000  0.100050033358353E-002 -0.124594822514801E+002 -0.124594822514801E+002
  0.831161914776890E+000  0.630160032921676E-001  0.728701269903266E+000  0.100050033358353E-002 -0.116773086420697E+002 -0.116773086420697E+002
  0.729940694435992E+000  0.143102712102541E+000  0.895769197554838E+000  0.100050033358353E-002 -0.125025326434015E+002 -0.125025326434015E+002
  0.467660460381921E+000  0.123686105610526E+000  0.115839881117650E+001  0.100050033358353E-002 -0.129524043365891E+002 -0.129524043365891E+002
  0.812336835442677E+000  0.127706917395560E+000  0.764293067269143E+000  0.100050033358353E-002 -0.121354227762589E+002 -0.121354227762589E+002
  0.893820332169189E+000  0.175373249869830E-001  0.587680137083456E+000  0.100050033358353E-002 -0.118173927136659E+002 -0.118173927136659E+002
  0.459894690284676E+000  0.250522006332390E-001  0.116372652025432E+001  0.100050033358353E-002 -0.128285314152630E+002 -0.128285314152630E+002
  0.614565818939811E+000  0.481273706002859E-001  0.103384143414459E+001  0.100050033358353E-002 -0.122897762393516E+002 -0.122897762393516E+002
  0.895937247896568E+000  0.924296225926046E-001  0.582117394457553E+000  0.100050033358353E-002 -0.118084213628782E+002 -0.118084213628782E+002
  0.954824372845694E+000  0.101682283623460E+000  0.389454666058491E+000  0.100050033358353E-002 -0.123004669713339E+002 -0.123004669713339E+002
  0.732371370569481E+000  0.492919758918886E-002  0.892355136102788E+000  0.100050033358353E-002 -0.122650349410132E+002 -0.122650349410132E+002
  0.692843603481290E+000  0.119212813542027E+000  0.945015961910936E+000  0.100050033358353E-002 -0.122934519148516E+002 -0.122934519148516E+002
  0.801284894426631E+000  0.135917714651488E+000  0.784074966391190E+000  0.100050033358353E-002 -0.122624098377531E+002 -0.122624098377531E+002
  0.535610357021722E+000  0.790734545222376E-001  0.110670716757298E+001  0.100050033358353E-002 -0.124898374532452E+002 -0.124898374532452E+002
  0.611868977300931E+000  0.222493671692395E-001  0.103658516784175E+001  0.100050033358353E-002 -0.124548821647858E+002 -0.124548821647858E+002
  0.439432730868128E+000  0.647509625586263E-001  0.117722777115372E+001  0.100050033358353E-002 -0.127136027482328E+002 -0.127136027482328E+002
  0.934660140152889E+000  0.435209069880994E-001  0.465953292603249E+000  0.100050033358353E-002 -0.118251333738895E+002 -0.118251333738895E+002
  0.352839764970510E+000  0.357753808799308E-001  0.122625286726787E+001  0.100050033358353E-002 -0.129727614567454E+002 -0.129727614567454E+002
  0.822979519469318E+000  0.938125298986807E-001  0.744480961572328E+000  0.100050033358353E-002 -0.117932167911323E+002 -0.117932167911323E+002
  0.629010855723664E+000  0.429408946328914E-001  0.101881078511851E+001  0.100050033358353E-002 -0.122679682468517E+002 -0.122679682468517E+002
  0.685114978208797E+000  0.126031977908757E+000  0.954644587474400E+000  0.100050033358353E-002 -0.123892564708118E+002 -0.123892564708118E+002
  0.982123598828450E+000  0.572326402653741E-001  0.246692732753173E+000  0.100050033358353E-002 -0.124640870159035E+002 -0.124640870159035E+002
  0.766395878481577E+000  0.170514339393358E+000  0.841850967740089E+000  0.100050033358353E-002 -0.129230293290216E+002 -0.129230293290216E+002
  0.487012053257468E+000  0.173110420508173E-001  0.114462115566933E+001  0.100050033358353E-002 -0.128317928312380E+002 -0.128317928312380E+002
  0.713602249706597E+000  0.844872512683792E-001  0.918101626135721E+000  0.100050033358353E-002 -0.119942689646045E+002 -0.119942689646045E+002
  0.781421286528039E+000  0.132583346880395E-001  0.817783220136625E+000  0.100050033358353E-002 -0.120285128265019E+002 -0.120285128265019E+002
  0.526976307725050E+000  0.579136712237333E-001  0.111380340157229E+001  0.100050033358353E-002 -0.125075076860912E+002 -0.125075076860912E+002
  0.491144994239998E+000  0.564016168552328E-001  0.114158408804011E+001  0.100050033358353E-002 -0.126014691068996E+002 -0.126014691068996E+002
  0.438281809991980E+000  0.160048786835305E-001  0.117796444337100E+001  0.100050033358353E-002 -0.129541803922480E+002 -0.129541803922480E+002
  0.785319506081574E+000  0.613774977186579E-001  0.811344341446633E+000  0.100050033358353E-002 -0.117669456857304E+002 -0.117669456857304E+002
  0.373356763354467E+000  0.886711357043849E-001  0.121577387634302E+001  0.100050033358353E-002 -0.128992818428653E+002 -0.128992818428653E+002
  0.833168505502900E+000  0.118454694742829E-001  0.724754895361064E+000  0.100050033358353E-002 -0.119170009306591E+002 -0.119170009306591E+002
  0.512300044608779E+000  0.413973188040655E-001  0.112550203378988E+001  0.100050033358353E-002 -0.125999548194786E+002 -0.125999548194786E+002
  0.781062053563855E+000  0.526749135589277E-001  0.818372428426619E+000  0.100050033358353E-002 -0.117891960752365E+002 -0.117891960752365E+002
  0.604672982412414E+000  0.127928899098872E+000  0.104381242459865E+001  0.100050033358353E-002 -0.126351955638282E+002 -0.126351955638282E+002
  0.591998436469084E+000  0.706589821376350E-001  0.105621705487867E+001  0.100050033358353E-002 -0.123212205232558E+002 -0.123212205232558E+002
  0.376995353803974E+000  0.285200230309653E-001  0.121384385448922E+001  0.100050033358353E-002 -0.129741051234481E+002 -0.129741051234481E+002
  0.634306967217391E+000  0.240713319529936E-001  0.101315549181485E+001  0.100050033358353E-002 -0.123737173069635E+002 -0.123737173069635E+002
  0.754301467790516E+000  0.165055260801608E+000  0.860407798543201E+000  0.100050033358353E-002 -0.128328885241891E+002 -0.128328885241891E+002
  0.752299946863706E+000  0.609501653869750E-001  0.863412272614595E+000  0.100050033358353E-002 -0.118532146937503E+002 -0.118532146937503E+002
  0.833508522929121E+000  0.123805055915665E+000  0.724083103582095E+000  0.100050033358353E-002 -0.120697687311414E+002 -0.120697687311414E+002
  0.374752738805877E+000  0.945263835638498E-001  0.121503598256142E+001  0.100050033358353E-002 -0.129237642261131E+002 -0.129237642261131E+002
  0.662731836376345E+000  0.195808254756865E-001  0.981408293764397E+000  0.100050033358353E-002 -0.123266352218314E+002 -0.123266352218314E+002
  0.824317621364644E+000  0.244535317299542E-001  0.741933996726281E+000  0.100050033358353E-002 -0.118259885994303E+002 -0.118259885994303E+002
  0.649985141328478E+000  0.153636243710262E+000  0.995942351976824E+000  0.100050033358353E-002 -0.128739776659632E+002 -0.128739776659632E+002
  0.938354433488935E+000  0.992351743486060E-001  0.453021134836885E+000  0.100050033358353E-002 -0.120945388282754E+002 -0.120945388282754E+002
  0.985707139143036E+000  0.679007693690423E-001  0.220784268372614E+000  0.100050033358353E-002 -0.126059700469007E+002 -0.126059700469007E+002
  0.811328549034785E+000  0.200121700919120E-002  0.766130327760705E+000  0.100050033358353E-002 -0.120737323576538E+002 -0.120737323576538E+002
  0.811174034766599E+000  0.338142851489009E-002  0.766411287180589E+000  0.100050033358353E-002 -0.120576947097320E+002 -0.120576947097320E+002
  0.882294124960842E+000  0.526989759381248E-001  0.616870152413901E+000  0.100050033358353E-002 -0.116555888773695E+002 -0.116555888773695E+002
  0.350750303114366E+000  0.948766275411617E-001  0.122728198202079E+001  0.100050033358353E-002 -0.129713685621228E+002 -0.129713685621228E+002
  0.624146833960339E+000  0.576336666367204E-001  0.102393572344367E+001  0.100050033358353E-002 -0.122354482558993E+002 -0.122354482558993E+002
  0.571613838435254E+000  0.132997011519510E+000  0.107532955493295E+001  0.100050033358353E-002 -0.127896404191618E+002 -0.127896404191618E+002
  0.835659614578867E+000  0.137554698625043E+000  0.719812146572161E+000  0.100050033358353E-002 -0.122618801366925E+002 -0.122618801366925E+002
  0.732403285053847E+000  0.965316962316626E-001  0.892310147369958E+000  0.100050033358353E-002 -0.120014031592311E+002 -0.120014031592311E+002
  0.935086051074881E+000  0.138320355434147E+000  0.464483295287145E+000  0.100050033358353E-002 -0.126178541994347E+002 -0.126178541994347E+002
  0.515064998560347E+000  0.864903327266309E-001  0.112333254673125E+001  0.100050033358353E-002 -0.125661945949797E+002 -0.125661945949797E+002
  0.555304416857216E+000  0.164123427768313E-001  0.108990853699589E+001  0.100050033358353E-002 -0.126668481000893E+002 -0.126668481000893E+002
  0.773715427054765E+000  0.126199149570019E+000  0.830271993630612E+000  0.100050033358353E-002 -0.121765928348721E+002 -0.121765928348721E+002
  0.957150596686080E+000  0.136461606663552E-001  0.379520688579813E+000  0.100050033358353E-002 -0.121334343197433E+002 -0.121334343197433E+002
  0.910223420581323E+000  0.133225711215128E+000  0.542718409627527E+000  0.100050033358353E-002 -0.123482435599149E+002 -0.123482435599149E+002
  0.735110085576608E+000  0.146191119587866E+000  0.888479010187674E+000  0.100050033358353E-002 -0.125387382269260E+002 -0.125387382269260E+002
  0.415821576031529E+000  0.392727221283243E-001  0.119186746072673E+001  0.100050033358353E-002 -0.128330635540426E+002 -0.128330635540426E+002
  0.738085495556970E+000  0.100708186638976E+000  0.884232118948136E+000  0.100050033358353E-002 -0.120137788713167E+002 -0.120137788713167E+002
  0.498670253190686E+000  0.877997485034596E-001  0.113596702440769E+001  0.100050033358353E-002 -0.126132761555692E+002 -0.126132761555692E+002
  0.614131748267968E+000  0.117331940222136E+000  0.103428435933260E+001  0.100050033358353E-002 -0.124967622955163E+002 -0.124967622955163E+002
  0.570442730592119E+000  0.865115318129344E-001  0.107639713212490E+001  0.100050033358353E-002 -0.124168215922270E+002 -0.124168215922270E+002
  0.571963346640099E+000  0.107810178852857E+000  0.107501031468612E+001  0.100050033358353E-002 -0.125334425769743E+002 -0.125334425769743E+002
  0.417385317701151E+000  0.108909052198332E+000  0.119092831512372E+001  0.100050033358353E-002 -0.129310706782837E+002 -0.129310706782837E+002
  0.806029067058289E+000  0.989281925668238E-001  0.775678294440910E+000  0.100050033358353E-002 -0.118525140970700E+002 -0.118525140970700E+002
  0.382370177406515E+000  0.904830352582264E-001  0.121095289742729E+001  0.100050033358353E-002 -0.128888697042544E+002 -0.128888697042544E+002
  0.792592106677381E+000  0.481391076032622E-002  0.799105875244912E+000  0.100050033358353E-002 -0.120893545142659E+002 -0.120893545142659E+002
  0.639316681418785E+000  0.348737472862594E-001  0.100773281600637E+001  0.100050033358353E-002 -0.122802818583594E+002 -0.122802818583594E+002
  0.509962067303748E+000  0.102945427108642E+000  0.112732415287766E+001  0.100050033358353E-002 -0.126651424816414E+002 -0.126651424816414E+002
  0.454523477880965E+000  0.705343453528650E-001  0.116734531044322E+001  0.100050033358353E-002 -0.126809097239775E+002 -0.126809097239775E+002
  0.745866151660006E+000  0.454909787039479E-001  0.872946589832031E+000  0.100050033358353E-002 -0.119062776719249E+002 -0.119062776719249E+002
  0.528304760645144E+000  0.536367628535712E-001  0.111272199613535E+001  0.100050033358353E-002 -0.125135059775233E+002 -0.125135059775233E+002
  0.504841555086454E+000  0.177365473208596E-001  0.113127561682035E+001  0.100050033358353E-002 -0.127848652668394E+002 -0.127848652668394E+002
  0.551581052139369E+000  0.569014016947722E-002  0.109315099659309E+001  0.100050033358353E-002 -0.127907511188937E+002 -0.127907511188937E+002
  0.450969368302536E+000  0.106205582541442E+000  0.116971040581529E+001  0.100050033358353E-002 -0.128334986237907E+002 -0.128334986237907E+002
  0.615697151203735E+000  0.695492749004520E-001  0.103268465854511E+001  0.100050033358353E-002 -0.122517338227280E+002 -0.122517338227280E+002
  0.821589549343143E+000  0.162401372620302E+000  0.747113100605802E+000  0.100050033358353E-002 -0.127065636636942E+002 -0.127065636636942E+002
  0.689543912980510E+000  0.158961023904165E+000  0.949152017874718E+000  0.100050033358353E-002 -0.128646068553454E+002 -0.128646068553454E+002
  0.831602344642293E+000  0.805653850565469E-002  0.727837720448831E+000  0.100050033358353E-002 -0.119589497438242E+002 -0.119589497438242E+002
  0.792454165708013E+000  0.296970780740169E-001  0.799340805500961E+000  0.100050033358353E-002 -0.118627275457419E+002 -0.118627275457419E+002
  0.615088255384227E+000  0.115917066193003E+000  0.103330767355877E+001  0.100050033358353E-002 -0.124802487063445E+002 -0.124802487063445E+002
  0.677080166898766E+000  0.121950442148155E+000  0.964440001110926E+000  0.100050033358353E-002 -0.123658859956989E+002 -0.123658859956989E+002
  0.929403316005945E+000  0.360853375939983E-001  0.483676074475423E+000  0.100050033358353E-002 -0.118118116036840E+002 -0.118118116036840E+002
  0.534225274976562E+000  0.181050466087879E-001  0.110785639582851E+001  0.100050033358353E-002 -0.127071085846996E+002 -0.127071085846996E+002
  0.769050978407321E+000  0.135063545745162E-001  0.837681995379882E+000  0.100050033358353E-002 -0.120612173908997E+002 -0.120612173908997E+002
  0.476011818575348E+000  0.889535365196515E-001  0.115254159233956E+001  0.100050033358353E-002 -0.126752571072255E+002 -0.126752571072255E+002
  0.883937957388794E+000  0.273888132460158E-001  0.612814942957467E+000  0.100050033358353E-002 -0.117434859545377E+002 -0.117434859545377E+002
  0.840071622079202E+000  0.134120051764177E+000  0.710936928746655E+000  0.100050033358353E-002 -0.122090672279887E+002 -0.122090672279887E+002
  0.445379159786914E+000  0.721996050381983E-001  0.117338337372021E+001  0.100050033358353E-002 -0.127029101142410E+002 -0.127029101142410E+002
  0.885912322636997E+000  0.165114537075042E+000  0.607898486558360E+000  0.100050033358353E-002 -0.128529211387415E+002 -0.128529211387415E+002
  0.799261864941132E+000  0.307856832873112E-001  0.787613359162828E+000  0.100050033358353E-002 -0.118379467579808E+002 -0.118379467579808E+002
  0.346555492562034E+000  0.584315918959183E-001  0.122932702045763E+001  0.100050033358353E-002 -0.129060897534158E+002 -0.129060897534158E+002
  0.851739439489168E+000  0.156273824841147E+000  0.686678896885705E+000  0.100050033358353E-002 -0.125950441660605E+002 -0.125950441660605E+002
  0.935121090203884E+000  0.821679804846177E-001  0.464362123515716E+000  0.100050033358353E-002 -0.119253428512924E+002 -0.119253428512924E+002
  0.520247235570538E+000  0.250332650541653E-001  0.111922344200148E+001  0.100050033358353E-002 -0.126837486332776E+002 -0.126837486332776E+002
  0.817881381041070E+000  0.134996338993686E+000  0.754068655258627E+000  0.100050033358353E-002 -0.122315626434165E+002 -0.122315626434165E+002
  0.772789636093758E+000  0.143990098673721E+000  0.831751541430384E+000  0.100050033358353E-002 -0.124268813946619E+002 -0.124268813946619E+002
  0.746368637656472E+000  0.726309502891355E-001  0.872208636413305E+000  0.100050033358353E-002 -0.118736075985979E+002 -0.118736075985979E+002
  0.815199104350355E+000  0.170369251427306E-001  0.759040787953576E+000  0.100050033358353E-002 -0.119062235415557E+002 -0.119062235415557E+002
  0.552472594244523E+000  0.607193951471044E-001  0.109237746606963E+001  0.100050033358353E-002 -0.124354206723347E+002 -0.124354206723347E+002
  0.739438999643268E+000  0.110969094705319E+000  0.882287754728544E+000  0.100050033358353E-002 -0.120917206091282E+002 -0.120917206091282E+002
  0.427691522738200E+000  0.987796617597688E-001  0.118463135530747E+001  0.100050033358353E-002 -0.128373411129451E+002 -0.128373411129451E+002
  0.556411516748967E+000  0.801018902190170E-001  0.108893834918568E+001  0.100050033358353E-002 -0.124362595246298E+002 -0.124362595246298E+002
  0.765841604903948E+000  0.158707559392718E+000  0.842716859573838E+000  0.100050033358353E-002 -0.126930772826290E+002 -0.126930772826290E+002
  0.664458998358369E+000  0.138506872312265E+000  0.979400435282898E+000  0.100050033358353E-002 -0.126028196103014E+002 -0.126028196103014E+002
  0.989937391857619E+000  0.830703751413296E-001  0.185449612589640E+000  0.100050033358353E-002 -0.128489170140360E+002 -0.128489170140360E+002
  0.742129808607861E+000  0.154033330493531E+000  0.878398874989258E+000  0.100050033358353E-002 -0.126529535532884E+002 -0.126529535532884E+002
  0.413575151495136E+000  0.978713067891720E-001  0.119320915542724E+001  0.100050033358353E-002 -0.128630053096703E+002 -0.128630053096703E+002
  0.575640715052829E+000  0.105021298820176E+000  0.107163378121585E+001  0.100050033358353E-002 -0.125026314681485E+002 -0.125026314681485E+002
  0.696777949240796E+000  0.115141155196183E+000  0.940034601684949E+000  0.100050033358353E-002 -0.122424622420391E+002 -0.122424622420391E+002
  0.445189817569252E+000  0.113631309983976E+000  0.117350677627394E+001  0.100050033358353E-002 -0.129074987664279E+002 -0.129074987664279E+002
  0.767228961371428E+000  0.141206870677286E+000  0.840546658444386E+000  0.100050033358353E-002 -0.123950461457845E+002 -0.123950461457845E+002
  0.852385655152448E+000  0.122460382590654E+000  0.685300312645510E+000  0.100050033358353E-002 -0.120510597450981E+002 -0.120510597450981E+002
  0.520854215046097E+000  0.246723668653531E-001  0.111873847046068E+001  0.100050033358353E-002 -0.126849629401502E+002 -0.126849629401502E+002
  0.937777469924092E+000  0.153653119792455E+000  0.455068451160822E+000  0.100050033358353E-002 -0.129492057522318E+002 -0.129492057522318E+002
  0.944334322521659E+000  0.142647088265556E+000  0.431151761249626E+000  0.100050033358353E-002 -0.127973916914810E+002 -0.127973916914810E+002
  0.342360885402069E+000  0.741685274082325E-001  0.123134402154542E+001  0.100050033358353E-002 -0.129150466178174E+002 -0.129150466178174E+002
  0.333497785923875E+000  0.447200800384878E-001  0.123551462728223E+001  0.100050033358353E-002 -0.129632491901671E+002 -0.129632491901671E+002
  0.789703936829746E+000  0.750426159799334E-001  0.804001967814180E+000  0.100050033358353E-002 -0.117697109531437E+002 -0.117697109531437E+002
  0.737934117006662E+000  0.104958835535243E+000  0.884449093497387E+000  0.100050033358353E-002 -0.120451633780671E+002 -0.120451633780671E+002
  0.469004941517824E+000  0.241531871216193E-001  0.115746485157581E+001  0.100050033358353E-002 -0.128149237751666E+002 -0.128149237751666E+002
  0.621450646280949E+000  0.666999549454205E-001  0.102674847221603E+001  0.100050033358353E-002 -0.122342053302831E+002 -0.122342053302831E+002
  0.868358475618755E+000  0.162541084781014E-001  0.649946333722477E+000  0.100050033358353E-002 -0.118279290906393E+002 -0.118279290906393E+002
  0.699808267711698E+000  0.872970242464636E-001  0.936160420455131E+000  0.100050033358353E-002 -0.120446451129762E+002 -0.120446451129762E+002
  0.470889234492895E+000  0.966107673392410E-001  0.115615011668179E+001  0.100050033358353E-002 -0.127238553323593E+002 -0.127238553323593E+002
  0.606930899246748E+000  0.799808195088617E-001  0.104155929067615E+001  0.100050033358353E-002 -0.122928597099638E+002 -0.122928597099638E+002
  0.965059430395810E+000  0.322892464819210E-001  0.343402757947308E+000  0.100050033358353E-002 -0.121393059976071E+002 -0.121393059976071E+002
  0.563042280054222E+000  0.937018955975616E-001  0.108306872424820E+001  0.100050033358353E-002 -0.124684579306685E+002 -0.124684579306685E+002
  0.568239866190035E+000  0.103234925009677E+000  0.107839647213725E+001  0.100050033358353E-002 -0.125104246584432E+002 -0.125104246584432E+002
  0.356499142616991E+000  0.815113015200595E-001  0.122443368953500E+001  0.100050033358353E-002 -0.129056321956967E+002 -0.129056321956967E+002
  0.653265937627469E+000  0.949505492848364E-001  0.992248741248357E+000  0.100050033358353E-002 -0.122162238602268E+002 -0.122162238602268E+002
  0.648928592544577E+000  0.702668780523148E-001  0.997124984393005E+000  0.100050033358353E-002 -0.121544382394487E+002 -0.121544382394487E+002
  0.825918665431981E+000  0.147134408252262E+000  0.738869537386829E+000  0.100050033358353E-002 -0.124196093754613E+002 -0.124196093754613E+002
  0.627564003368844E+000  0.134697668698558E+000  0.102034210062700E+001  0.100050033358353E-002 -0.126557799878020E+002 -0.126557799878020E+002
  0.444152460194432E+000  0.743838391684324E-001  0.117418170630914E+001  0.100050033358353E-002 -0.127087941266241E+002 -0.127087941266241E+002
  0.382988649774655E+000  0.793178397572156E-001  0.121061716735442E+001  0.100050033358353E-002 -0.128488835579705E+002 -0.128488835579705E+002
  0.912531113306187E+000  0.970937263185349E-001  0.536021238219574E+000  0.100050033358353E-002 -0.119058523202285E+002 -0.119058523202285E+002
  0.445621517392791E+000  0.188192309250168E-001  0.117322532321105E+001  0.100050033358353E-002 -0.129120342925018E+002 -0.129120342925018E+002
  0.897138935294552E+000  0.181561278995644E-001  0.578929953084200E+000  0.100050033358353E-002 -0.118158219171888E+002 -0.118158219171888E+002
  0.632499462407243E+000  0.865228373327475E-001  0.101509445754922E+001  0.100050033358353E-002 -0.122387640316044E+002 -0.122387640316044E+002
  0.829286995728748E+000  0.142666718988407E+000  0.732360933955217E+000  0.100050033358353E-002 -0.123442513745288E+002 -0.123442513745288E+002
  0.760020175252668E+000  0.103510379955413E+000  0.851720563415393E+000  0.100050033358353E-002 -0.119796906077416E+002 -0.119796906077416E+002
  0.529323355898565E-001  0.107850095484402E+000  0.130870475282734E+001  0.100050033358353E-002 -0.119614227350834E+002 -0.119614227350834E+002
  0.911429488665110E+000  0.164822801278255E+000  0.539230762922907E+000  0.100050033358353E-002 -0.129738012964323E+002 -0.129738012964323E+002
  0.120252698620036E-001  0.626662268446565E-001  0.131044723972510E+001  0.100050033358353E-002 -0.129623242796532E+002 -0.129623242796532E+002
  0.760410444331211E+000  0.404555681929412E-001  0.851122071728744E+000  0.100050033358353E-002 -0.118873329670128E+002 -0.118873329670128E+002
  0.578167480856203E+000  0.133085163438390E+000  0.106929495320492E+001  0.100050033358353E-002 -0.127711660094160E+002 -0.127711660094160E+002
  0.536113072172379E+000  0.124683556265246E+000  0.110628902352427E+001  0.100050033358353E-002 -0.127874065616663E+002 -0.127874065616663E+002
  0.948236107773391E+000  0.470238580674209E-002  0.416183827471494E+000  0.100050033358353E-002 -0.121245451417786E+002 -0.121245451417786E+002
  0.655704009286144E+000  0.112573770324380E+000  0.989482862141584E+000  0.100050033358353E-002 -0.123347458432074E+002 -0.123347458432074E+002
  0.381621461023673E+000  0.365117135920268E-001  0.121135847866867E+001  0.100050033358353E-002 -0.129134793843985E+002 -0.129134793843985E+002
  0.762358696696022E+000  0.651372225585756E-002  0.848123426835742E+000  0.100050033358353E-002 -0.121558659549007E+002 -0.121558659549007E+002
  0.578224441079081E+000  0.122437522741594E+000  0.106924205245279E+001  0.100050033358353E-002 -0.126486443142049E+002 -0.126486443142049E+002
  0.719432871902026E+000  0.113093750740348E-001  0.910252645228290E+000  0.100050033358353E-002 -0.122329565346572E+002 -0.122329565346572E+002
  0.683614267407146E+000  0.652780137604709E-001  0.956490559194009E+000  0.100050033358353E-002 -0.120493098616234E+002 -0.120493098616234E+002
  0.643887491435634E+000  0.267099980172634E-001  0.100272213824247E+001  0.100050033358353E-002 -0.123234697082923E+002 -0.123234697082923E+002
  0.510955684909700E+000  0.224533886002731E-002  0.112655114835168E+001  0.100050033358353E-002 -0.129357038840297E+002 -0.129357038840297E+002
  0.798594768576867E+000  0.100926994502738E+000  0.788774714527900E+000  0.100050033358353E-002 -0.118799385356939E+002 -0.118799385356939E+002
  0.882199799754367E+000  0.985200730367952E-001  0.617101808933727E+000  0.100050033358353E-002 -0.118276360954236E+002 -0.118276360954236E+002
  0.689553522728666E+000  0.106110685177894E+000  0.949140027139394E+000  0.100050033358353E-002 -0.121850928383618E+002 -0.121850928383618E+002
  0.634831981147272E+000  0.219949419778973E-001  0.101259055889178E+001  0.100050033358353E-002 -0.123895230170208E+002 -0.123895230170208E+002
  0.646690795503961E+000  0.117504285650042E+000  0.999618876513269E+000  0.100050033358353E-002 -0.124056283164796E+002 -0.124056283164796E+002
  0.676376730421878E+000  0.191535137996744E-001  0.965287375324665E+000  0.100050033358353E-002 -0.122887826402222E+002 -0.122887826402222E+002
  0.513353219566323E+000  0.582013296152519E-001  0.112467754301797E+001  0.100050033358353E-002 -0.125420106546415E+002 -0.125420106546415E+002
  0.415995800946637E+000  0.752273776723174E-001  0.119176303651531E+001  0.100050033358353E-002 -0.127722670365795E+002 -0.127722670365795E+002
  0.872512024613301E+000  0.804338579258218E-001  0.640321174327448E+000  0.100050033358353E-002 -0.116996457628613E+002 -0.116996457628613E+002
  0.598039726196208E+000  0.851853797533234E-001  0.105035545691951E+001  0.100050033358353E-002 -0.123337608010086E+002 -0.123337608010086E+002
  0.685192914878506E+000  0.878523667504112E-001  0.954548512111228E+000  0.100050033358353E-002 -0.120891905529603E+002 -0.120891905529603E+002
  0.867407697261931E+000  0.944504082572049E-001  0.652123232356484E+000  0.100050033358353E-002 -0.117788395351788E+002 -0.117788395351788E+002
  0.974367479336061E+000  0.693372259264551E-001  0.294822480788946E+000  0.100050033358353E-002 -0.123467629674442E+002 -0.123467629674442E+002
  0.777114478359626E+000  0.164960994629973E+000  0.824801753081048E+000  0.100050033358353E-002 -0.127959652973942E+002 -0.127959652973942E+002
  0.404575858892907E+000  0.101056397415077E+000  0.119849648040129E+001  0.100050033358353E-002 -0.129009295077577E+002 -0.129009295077577E+002
  0.978465559877776E+000  0.860474816759638E-002  0.270509164801448E+000  0.100050033358353E-002 -0.124746697346500E+002 -0.124746697346500E+002
  0.615765483538380E+000  0.142165027850403E+000  0.103261467976306E+001  0.100050033358353E-002 -0.127904107512685E+002 -0.127904107512685E+002
  0.622958080513917E+000  0.116471255638693E+000  0.102517832111994E+001  0.100050033358353E-002 -0.124635726934206E+002 -0.124635726934206E+002
  0.712041894787405E+000  0.399655937321375E-001  0.920180003334821E+000  0.100050033358353E-002 -0.120312091872532E+002 -0.120312091872532E+002
  0.782446897878089E+000  0.326769676355099E-001  0.816097192909419E+000  0.100050033358353E-002 -0.118696130574214E+002 -0.118696130574214E+002
  0.525480885071284E+000  0.808653050752632E-001  0.111501621881047E+001  0.100050033358353E-002 -0.125211503379058E+002 -0.125211503379058E+002
  0.496412458177573E+000  0.810847009463361E-001  0.113766419521790E+001  0.100050033358353E-002 -0.125970981506921E+002 -0.125970981506921E+002
  0.501687856787425E+000  0.110210407743423E-001  0.113368268443785E+001  0.100050033358353E-002 -0.128585934630662E+002 -0.128585934630662E+002
  0.968173909277449E+000  0.100756959381449E+000  0.328000365071878E+000  0.100050033358353E-002 -0.124986787814777E+002 -0.124986787814777E+002
  0.784609811353396E+000  0.493758888952093E-001  0.812522769520884E+000  0.100050033358353E-002 -0.117891891232782E+002 -0.117891891232782E+002
  0.825148118386352E+000  0.124133986102481E+000  0.740346719418342E+000  0.100050033358353E-002 -0.120786310126724E+002 -0.120786310126724E+002
  0.942465729031560E+000  0.133504379496629E+000  0.438117835642010E+000  0.100050033358353E-002 -0.126076234869704E+002 -0.126076234869704E+002
  0.787162821392715E+000  0.132748545604714E+000  0.808270541971581E+000  0.100050033358353E-002 -0.122377265131214E+002 -0.122377265131214E+002
  0.748631002806800E+000  0.570811223165547E-001  0.868872170057024E+000  0.100050033358353E-002 -0.118678734120022E+002 -0.118678734120022E+002
  0.944693828821134E+000  0.290370459059955E-001  0.429796978908106E+000  0.100050033358353E-002 -0.119360518602997E+002 -0.119360518602997E+002
  0.938878709394237E+000  0.760976164675987E-001  0.451151621437342E+000  0.100050033358353E-002 -0.120068105976596E+002 -0.120068105976596E+002
  0.559195568393715E+000  0.323179481870526E-001  0.108648620268667E+001  0.100050033358353E-002 -0.125273746609571E+002 -0.125273746609571E+002
  0.679391499085114E+000  0.318782471394405E-001  0.961644242297494E+000  0.100050033358353E-002 -0.121778793486723E+002 -0.121778793486723E+002
  0.733939321168523E+000  0.944681086560164E-001  0.890139839151773E+000  0.100050033358353E-002 -0.119849622462787E+002 -0.119849622462787E+002
  0.577588477128062E+000  0.816669739667215E-001  0.106983224817898E+001  0.100050033358353E-002 -0.123821288315135E+002 -0.123821288315135E+002
  0.800714311444208E+000  0.474797307804453E-001  0.785075469440942E+000  0.100050033358353E-002 -0.117562421926050E+002 -0.117562421926050E+002
  0.524039958099288E+000  0.225419769629095E-001  0.111618033705374E+001  0.100050033358353E-002 -0.126941250246086E+002 -0.126941250246086E+002
  0.874018705357164E+000  0.620691793689410E-001  0.636782233567859E+000  0.100050033358353E-002 -0.116505187313670E+002 -0.116505187313670E+002
  0.849095118447078E+000  0.146980896282345E-002  0.692280684035860E+000  0.100050033358353E-002 -0.120007998064376E+002 -0.120007998064376E+002
  0.714419512263042E+000  0.100153282689468E+000  0.917009341098927E+000  0.100050033358353E-002 -0.120730825371365E+002 -0.120730825371365E+002
  0.369695792931385E+000  0.101917342831652E+000  0.121769383577330E+001  0.100050033358353E-002 -0.129787723393249E+002 -0.129787723393249E+002
  0.634726194654935E+000  0.855272425600251E-002  0.101270445173066E+001  0.100050033358353E-002 -0.125231176906827E+002 -0.125231176906827E+002
  0.609980496293990E+000  0.103627230556367E+000  0.103849500937236E+001  0.100050033358353E-002 -0.123953248881119E+002 -0.123953248881119E+002
  0.585335654758521E+000  0.147704543741642E+000  0.106257576022015E+001  0.100050033358353E-002 -0.129568319715958E+002 -0.129568319715958E+002
  0.921242848110500E+000  0.157065248138889E+000  0.509785028382249E+000  0.100050033358353E-002 -0.128709128717335E+002 -0.128709128717335E+002
  0.876900817422286E+000  0.164970110352549E+000  0.629940005586013E+000  0.100050033358353E-002 -0.128198316585400E+002 -0.128198316585400E+002
  0.476183804623697E+000  0.646736726311991E-001  0.115241956485044E+001  0.100050033358353E-002 -0.126286928932225E+002 -0.126286928932225E+002
  0.562676294448388E+000  0.663320184411970E-001  0.108339534534564E+001  0.100050033358353E-002 -0.124033471433751E+002 -0.124033471433751E+002
  0.630593607280800E+000  0.137426678192131E+000  0.101712894809191E+001  0.100050033358353E-002 -0.126814852066586E+002 -0.126814852066586E+002
  0.924004141057888E+000  0.322138817333576E-001  0.501128276621837E+000  0.100050033358353E-002 -0.118009812947488E+002 -0.118009812947488E+002
  0.425546421238921E+000  0.744650352228791E-001  0.118595741682275E+001  0.100050033358353E-002 -0.127502069822300E+002 -0.127502069822300E+002
  0.979044695450200E+000  0.813401162268258E-001  0.266885963615958E+000  0.100050033358353E-002 -0.125301871983905E+002 -0.125301871983905E+002
  0.910277072190802E+000  0.939054373224418E-001  0.542563836944890E+000  0.100050033358353E-002 -0.118687723331200E+002 -0.118687723331200E+002
  0.970136778237904E+000  0.648631818114769E-001  0.317883116802773E+000  0.100050033358353E-002 -0.122454420919484E+002 -0.122454420919484E+002
  0.537699362189312E+000  0.123551046366021E+000  0.110496598016147E+001  0.100050033358353E-002 -0.127720351832311E+002 -0.127720351832311E+002
  0.417999082879084E+000  0.421591299972225E-001  0.119055853607090E+001  0.100050033358353E-002 -0.128150330146253E+002 -0.128150330146253E+002
  0.612289601325926E+000  0.546459357007901E-001  0.103615850183308E+001  0.100050033358353E-002 -0.122767517394163E+002 -0.122767517394163E+002
  0.704692582627480E+000  0.157228385911088E-001  0.929846278338184E+000  0.100050033358353E-002 -0.122338796568942E+002 -0.122338796568942E+002
  0.721052773854278E+000  0.248722910383093E-001  0.908048532862847E+000  0.100050033358353E-002 -0.121020480875789E+002 -0.121020480875789E+002
  0.831220857616837E+000  0.173904309730659E+000  0.728585786688174E+000  0.100050033358353E-002 -0.129527043033659E+002 -0.129527043033659E+002
  0.320061183026918E+000  0.851402413161082E-001  0.124160339560500E+001  0.100050033358353E-002 -0.129819629906613E+002 -0.129819629906613E+002
  0.628480275185280E+000  0.100830830495710E+000  0.101937301611934E+001  0.100050033358353E-002 -0.123232511956554E+002 -0.123232511956554E+002
  0.688174664357975E+000  0.865929358405064E-001  0.950857271534709E+000  0.100050033358353E-002 -0.120757621850684E+002 -0.120757621850684E+002
  0.687423988444260E+000  0.151599445098844E+000  0.951789426159878E+000  0.100050033358353E-002 -0.127428501647138E+002 -0.127428501647138E+002
  0.512274503095594E+000  0.110521712368106E+000  0.112552200074958E+001  0.100050033358353E-002 -0.127152800158245E+002 -0.127152800158245E+002
  0.981796839440629E+000  0.459227377271243E-001  0.248916628121625E+000  0.100050033358353E-002 -0.124315898204880E+002 -0.124315898204880E+002
  0.498688581364420E+000  0.666393155725253E-002  0.113595320531783E+001  0.100050033358353E-002 -0.129136776051879E+002 -0.129136776051879E+002
  0.739534182960450E+000  0.153313222091100E-002  0.882150724462048E+000  0.100050033358353E-002 -0.122842031818988E+002 -0.122842031818988E+002
  0.764914298906618E+000  0.100631948561926E-001  0.844162122864566E+000  0.100050033358353E-002 -0.121089961507178E+002 -0.121089961507178E+002
  0.809501881592626E+000  0.168644187140697E+000  0.769441857963338E+000  0.100050033358353E-002 -0.128404137461679E+002 -0.128404137461679E+002
  0.900395242963079E+000  0.839257799737690E-001  0.570181275580607E+000  0.100050033358353E-002 -0.117641529301114E+002 -0.117641529301114E+002
  0.520428519334395E+000  0.277000505994424E-001  0.111907867901723E+001  0.100050033358353E-002 -0.126629882220582E+002 -0.126629882220582E+002
  0.579932521326973E+000  0.590507571202187E-001  0.106765206177724E+001  0.100050033358353E-002 -0.123607700825856E+002 -0.123607700825856E+002
  0.528141623371077E+000  0.893317313206020E-001  0.111285499867263E+001  0.100050033358353E-002 -0.125430467223614E+002 -0.125430467223614E+002
  0.864259930355071E+000  0.116458758733289E+000  0.659262252681151E+000  0.100050033358353E-002 -0.119853556146389E+002 -0.119853556146389E+002
  0.703958273032496E+000  0.103642960644592E+000  0.930801095858463E+000  0.100050033358353E-002 -0.121262517474097E+002 -0.121262517474097E+002
  0.699985554334825E+000  0.312932919450740E-001  0.935932745914136E+000  0.100050033358353E-002 -0.121191379151285E+002 -0.121191379151285E+002
