  0.847218186254909E-001  0.000000000000000E+000 -0.791985211590076E+001 -0.791985211590076E+001 -0.863897723931987E+001
  0.654962670858898E-001  0.000000000000000E+000 -0.816397966587312E+001 -0.816397966587312E+001 -0.100000000000000E+031
  0.640159572254416E-001  0.000000000000000E+000 -0.799712810796566E+001 -0.799712810796566E+001 -0.898613203304581E+001
  0.626128485819621E-001  0.000000000000000E+000 -0.735302320219758E+001 -0.735302320219758E+001 -0.912629606602732E+001
  0.963515630108106E-001  0.000000000000000E+000 -0.702548886992680E+001 -0.702548886992680E+001 -0.857801958147981E+001
  0.744910498300781E-001  0.000000000000000E+000 -0.773172301685866E+001 -0.773172301685866E+001 -0.888125655655277E+001
  0.973097183986360E-001  0.000000000000000E+000 -0.691966075616500E+001 -0.691966075616500E+001 -0.854660216040766E+001
  0.848919000082305E-001  0.000000000000000E+000 -0.704419688108363E+001 -0.704419688108363E+001 -0.853325006215969E+001
  0.860155878936513E-001  0.000000000000000E+000 -0.755014612992675E+001 -0.755014612992675E+001 -0.850419775877943E+001
  0.688224356107160E-001  0.000000000000000E+000 -0.804320828551539E+001 -0.804320828551539E+001 -0.877091466794290E+001
  0.714591506395500E-001  0.000000000000000E+000 -0.744121385189571E+001 -0.744121385189571E+001 -0.847065702550269E+001
  0.923113039335877E-001  0.000000000000000E+000 -0.816406826300505E+001 -0.816406826300505E+001 -0.895544862106382E+001
  0.468088700790581E-001  0.000000000000000E+000 -0.770496210282630E+001 -0.770496210282630E+001 -0.100000000000000E+031
  0.779026313641847E-001  0.000000000000000E+000 -0.799365032926297E+001 -0.799365032926297E+001 -0.833678012100340E+001
  0.220545343047109E-001  0.000000000000000E+000 -0.812174095026304E+001 -0.812174095026304E+001 -0.847065702550269E+001
  0.277199491380632E-001  0.000000000000000E+000 -0.738046042535426E+001 -0.738046042535426E+001 -0.914676984994206E+001
  0.512001709846889E-001  0.000000000000000E+000 -0.782003902985319E+001 -0.782003902985319E+001 -0.100000000000000E+031
  0.104473196664777E+000  0.000000000000000E+000 -0.760506056323753E+001 -0.760506056323753E+001 -0.871534209575078E+001
  0.776101224050689E-001  0.000000000000000E+000 -0.602075674952464E+001 -0.602075674952464E+001 -0.100000000000000E+031
  0.549238161571908E-001  0.000000000000000E+000 -0.809669852392736E+001 -0.809669852392736E+001 -0.830125920872186E+001
  0.543436860999421E-001  0.000000000000000E+000 -0.778595055113296E+001 -0.778595055113296E+001 -0.939075944900163E+001
  0.804930601932853E-001  0.000000000000000E+000 -0.585760546306316E+001 -0.585760546306316E+001 -0.877091466794290E+001
  0.305090958405176E-001  0.000000000000000E+000 -0.777541203865612E+001 -0.777541203865612E+001 -0.826006785723603E+001
  0.549098698651553E-001  0.000000000000000E+000 -0.709337480651215E+001 -0.709337480651215E+001 -0.826006785723603E+001
  0.355381698613667E-001  0.000000000000000E+000 -0.788714249898779E+001 -0.788714249898779E+001 -0.877091466794290E+001
  0.848651012063659E-001  0.000000000000000E+000 -0.792525075603223E+001 -0.792525075603223E+001 -0.871534209575078E+001
  0.970278082247783E-001  0.000000000000000E+000 -0.781233009356136E+001 -0.781233009356136E+001 -0.985635885909883E+001
  0.880611607856938E-001  0.000000000000000E+000 -0.758246062900999E+001 -0.758246062900999E+001 -0.821644881473443E+001
  0.841327244382107E-001  0.000000000000000E+000 -0.750043980182309E+001 -0.750043980182309E+001 -0.853325006215969E+001
  0.918930564595243E-001  0.000000000000000E+000 -0.704954228711434E+001 -0.704954228711434E+001 -0.931608438396941E+001
  0.587193908639707E-001  0.000000000000000E+000 -0.750261725568498E+001 -0.750261725568498E+001 -0.100000000000000E+031
  0.379080925753756E-001  0.000000000000000E+000 -0.810739462877434E+001 -0.810739462877434E+001 -0.924119350135637E+001
  0.869068201586616E-001  0.000000000000000E+000 -0.788578342747713E+001 -0.788578342747713E+001 -0.100584837871850E+002
  0.855864195468096E-001  0.000000000000000E+000 -0.813162858169945E+001 -0.813162858169945E+001 -0.100000000000000E+031
  0.907518901539617E-001  0.000000000000000E+000 -0.663397596221851E+001 -0.663397596221851E+001 -0.838623070523324E+001
  0.965778453535209E-001  0.000000000000000E+000 -0.687657442424602E+001 -0.687657442424602E+001 -0.883020697133211E+001
  0.628913720408457E-001  0.000000000000000E+000 -0.786044701397254E+001 -0.786044701397254E+001 -0.857801958147981E+001
  0.925956583710376E-001  0.000000000000000E+000 -0.813002276374428E+001 -0.813002276374428E+001 -0.845917383299908E+001
  0.889181938718189E-001  0.000000000000000E+000 -0.734581154575694E+001 -0.734581154575694E+001 -0.885946534474199E+001
  0.538740462139825E-001  0.000000000000000E+000 -0.767423282351363E+001 -0.767423282351363E+001 -0.901744441170695E+001
  0.877589878416608E-001  0.000000000000000E+000 -0.554885193270506E+001 -0.554885193270506E+001 -0.881304245783545E+001
  0.803992258795137E-001  0.000000000000000E+000 -0.815040770345924E+001 -0.815040770345924E+001 -0.964472539974001E+001
  0.100286541639048E+000  0.000000000000000E+000 -0.717906854242389E+001 -0.717906854242389E+001 -0.853325006215969E+001
  0.925542892693493E-001  0.000000000000000E+000 -0.651557291352469E+001 -0.651557291352469E+001 -0.868921064282435E+001
  0.667549214491665E-001  0.000000000000000E+000 -0.693210425753122E+001 -0.693210425753122E+001 -0.957110691136921E+001
  0.816701769971950E-001  0.000000000000000E+000 -0.771163269256633E+001 -0.771163269256633E+001 -0.829440700095445E+001
  0.914105374829171E-001  0.000000000000000E+000 -0.760876996056834E+001 -0.760876996056834E+001 -0.821644881473443E+001
  0.878836101287679E-001  0.000000000000000E+000 -0.723636527468602E+001 -0.723636527468602E+001 -0.896808470085977E+001
  0.103587911255084E+000  0.000000000000000E+000 -0.754581007513759E+001 -0.754581007513759E+001 -0.883020697133211E+001
  0.946673383468489E-001  0.000000000000000E+000 -0.742401082176171E+001 -0.742401082176171E+001 -0.903292177361135E+001
  0.548342987376080E-001  0.000000000000000E+000 -0.794222075053836E+001 -0.794222075053836E+001 -0.889759938246887E+001
  0.646317295762396E-001  0.000000000000000E+000 -0.795611217654855E+001 -0.795611217654855E+001 -0.840019117712296E+001
  0.932215805146926E-001  0.000000000000000E+000 -0.673310520189975E+001 -0.673310520189975E+001 -0.829440700095445E+001
  0.742061183473710E-001  0.000000000000000E+000 -0.612093634448560E+001 -0.612093634448560E+001 -0.859949268916870E+001
  0.850717381657739E-001  0.000000000000000E+000 -0.754094019956020E+001 -0.754094019956020E+001 -0.873923260203154E+001
  0.818625602451461E-001  0.000000000000000E+000 -0.739953189856360E+001 -0.739953189856360E+001 -0.931608438396941E+001
  0.861946920237034E-001  0.000000000000000E+000 -0.808958825028050E+001 -0.808958825028050E+001 -0.908937467540322E+001
  0.798045949117248E-001  0.000000000000000E+000 -0.739963490085320E+001 -0.739963490085320E+001 -0.826006785723603E+001
  0.102465868543397E+000  0.000000000000000E+000 -0.809698172821573E+001 -0.809698172821573E+001 -0.835911551984120E+001
  0.762536459552775E-001  0.000000000000000E+000 -0.672797592118802E+001 -0.672797592118802E+001 -0.821644881473443E+001
  0.104054213395416E+000  0.000000000000000E+000 -0.616110942874360E+001 -0.616110942874360E+001 -0.903292177361135E+001
  0.372820015520795E-001  0.000000000000000E+000 -0.810686152737773E+001 -0.810686152737773E+001 -0.100000000000000E+031
  0.547820417800904E-001  0.000000000000000E+000 -0.792826616271958E+001 -0.792826616271958E+001 -0.859949268916870E+001
  0.536393889999651E-001  0.000000000000000E+000 -0.715750705735539E+001 -0.715750705735539E+001 -0.971201477910233E+001
  0.837201648185980E-001  0.000000000000000E+000 -0.728729689500533E+001 -0.728729689500533E+001 -0.877091466794290E+001
  0.640394486520362E-001  0.000000000000000E+000 -0.818267201056178E+001 -0.818267201056178E+001 -0.838623070523324E+001
  0.481968834021751E-001  0.000000000000000E+000 -0.813673526711462E+001 -0.813673526711462E+001 -0.838623070523324E+001
  0.830700535343431E-001  0.000000000000000E+000 -0.739830493394064E+001 -0.739830493394064E+001 -0.845917383299908E+001
  0.762988183932284E-001  0.000000000000000E+000 -0.753513268400587E+001 -0.753513268400587E+001 -0.859949268916870E+001
  0.974894060222983E-001  0.000000000000000E+000 -0.749156874455446E+001 -0.749156874455446E+001 -0.850419775877943E+001
  0.858049290000856E-001  0.000000000000000E+000 -0.789578790901964E+001 -0.789578790901964E+001 -0.911213313382471E+001
  0.490497853725058E-001  0.000000000000000E+000 -0.776830042908847E+001 -0.776830042908847E+001 -0.859949268916870E+001
  0.896007645323287E-001  0.000000000000000E+000 -0.672494877503404E+001 -0.672494877503404E+001 -0.901744441170695E+001
  0.540707833150515E-001  0.000000000000000E+000 -0.796907663253171E+001 -0.796907663253171E+001 -0.888125655655277E+001
  0.549744704877893E-001  0.000000000000000E+000 -0.757318597063451E+001 -0.757318597063451E+001 -0.100000000000000E+031
  0.100917848725398E+000  0.000000000000000E+000 -0.734209390743923E+001 -0.734209390743923E+001 -0.918100041749567E+001
  0.535719300437288E-001  0.000000000000000E+000 -0.806164724556834E+001 -0.806164724556834E+001 -0.898613203304581E+001
  0.526846308308275E-001  0.000000000000000E+000 -0.745545983006408E+001 -0.745545983006408E+001 -0.100000000000000E+031
  0.906908368297255E-001  0.000000000000000E+000 -0.701513316935093E+001 -0.701513316935093E+001 -0.826006785723603E+001
  0.756095172441093E-001  0.000000000000000E+000 -0.646337792958808E+001 -0.646337792958808E+001 -0.895544862106382E+001
  0.909127462071554E-001  0.000000000000000E+000 -0.708903116421491E+001 -0.708903116421491E+001 -0.833678012100340E+001
  0.572689936509434E-001  0.000000000000000E+000 -0.711601128361494E+001 -0.711601128361494E+001 -0.100000000000000E+031
  0.990491019597308E-001  0.000000000000000E+000 -0.762458439789033E+001 -0.762458439789033E+001 -0.911213313382471E+001
  0.218015597662883E-001  0.000000000000000E+000 -0.810051167882383E+001 -0.810051167882383E+001 -0.833678012100340E+001
  0.709762436668675E-001  0.000000000000000E+000 -0.713836754002987E+001 -0.713836754002987E+001 -0.100000000000000E+031
  0.100409146641776E+000  0.000000000000000E+000 -0.732771709488794E+001 -0.732771709488794E+001 -0.829440700095445E+001
  0.397531370984083E-001  0.000000000000000E+000 -0.761289088364125E+001 -0.761289088364125E+001 -0.863897723931987E+001
  0.738112819431739E-001  0.000000000000000E+000 -0.771872786647324E+001 -0.771872786647324E+001 -0.865212885813121E+001
  0.843031615197564E-001  0.000000000000000E+000 -0.787430142494882E+001 -0.787430142494882E+001 -0.100000000000000E+031
  0.709451819172911E-001  0.000000000000000E+000 -0.805636389188606E+001 -0.805636389188606E+001 -0.893795114047199E+001
  0.791192332833728E-001  0.000000000000000E+000 -0.800100908392626E+001 -0.800100908392626E+001 -0.873923260203154E+001
  0.677041818960462E-001  0.000000000000000E+000 -0.817035730074584E+001 -0.817035730074584E+001 -0.868921064282435E+001
  0.871907145781177E-001  0.000000000000000E+000 -0.803407549581476E+001 -0.803407549581476E+001 -0.906435356635293E+001
  0.541108596792870E-001  0.000000000000000E+000 -0.806708794315758E+001 -0.806708794315758E+001 -0.820824845122508E+001
  0.853048892014892E-001  0.000000000000000E+000 -0.754035061597458E+001 -0.754035061597458E+001 -0.820824845122508E+001
  0.839848959217150E-001  0.000000000000000E+000 -0.782787984185552E+001 -0.782787984185552E+001 -0.857801958147981E+001
  0.669690594282575E-001  0.000000000000000E+000 -0.810133405577243E+001 -0.810133405577243E+001 -0.850419775877943E+001
  0.876636177838890E-001  0.000000000000000E+000 -0.711863412548528E+001 -0.711863412548528E+001 -0.865212885813121E+001
  0.347400865047467E-001  0.000000000000000E+000 -0.787931117323357E+001 -0.787931117323357E+001 -0.881304245783545E+001
  0.750518073977432E-001  0.000000000000000E+000 -0.631990846317255E+001 -0.631990846317255E+001 -0.829440700095445E+001
  0.949695376157969E-001  0.000000000000000E+000 -0.694623837766191E+001 -0.694623837766191E+001 -0.829440700095445E+001
  0.607130558746631E-001  0.000000000000000E+000 -0.805268814573739E+001 -0.805268814573739E+001 -0.826006785723603E+001
  0.700573701266318E-001  0.000000000000000E+000 -0.678878142457549E+001 -0.678878142457549E+001 -0.820824845122508E+001
  0.109954478786572E+000  0.000000000000000E+000 -0.694157053029978E+001 -0.694157053029978E+001 -0.836215046176658E+001
  0.232194834051216E+000  0.000000000000000E+000 -0.665345864156967E+001 -0.665345864156967E+001 -0.100000000000000E+031
  0.126417538030108E+000  0.000000000000000E+000 -0.720438544263612E+001 -0.720438544263612E+001 -0.895544862106382E+001
  0.127871993575059E+000  0.000000000000000E+000 -0.739397155267853E+001 -0.739397155267853E+001 -0.895544862106382E+001
  0.251301317102870E+000  0.000000000000000E+000 -0.742407379852333E+001 -0.742407379852333E+001 -0.947361326869486E+001
  0.145289569983937E+000  0.000000000000000E+000 -0.701796576438089E+001 -0.701796576438089E+001 -0.100000000000000E+031
  0.179853461994614E+000  0.000000000000000E+000 -0.693325634936859E+001 -0.693325634936859E+001 -0.841155250243971E+001
  0.133116557440936E+000  0.000000000000000E+000 -0.714257949193363E+001 -0.714257949193363E+001 -0.871378054434374E+001
  0.180889896033466E+000  0.000000000000000E+000 -0.794790625209460E+001 -0.794790625209460E+001 -0.884743698536824E+001
  0.225752930179086E+000  0.000000000000000E+000 -0.745206887564082E+001 -0.745206887564082E+001 -0.884743698536824E+001
  0.165984966333308E+000  0.000000000000000E+000 -0.813092584423907E+001 -0.813092584423907E+001 -0.957110691136921E+001
  0.220182279628532E+000  0.000000000000000E+000 -0.771749651354791E+001 -0.771749651354791E+001 -0.912629606602732E+001
  0.131185257297903E+000  0.000000000000000E+000 -0.681371568718487E+001 -0.681371568718487E+001 -0.100000000000000E+031
  0.202586994386316E+000  0.000000000000000E+000 -0.734779946178371E+001 -0.734779946178371E+001 -0.841155250243971E+001
  0.232196355434609E+000  0.000000000000000E+000 -0.787585082461404E+001 -0.787585082461404E+001 -0.841155250243971E+001
  0.114435232533026E+000  0.000000000000000E+000 -0.657865551558672E+001 -0.657865551558672E+001 -0.914676984994206E+001
  0.120544248428902E+000  0.000000000000000E+000 -0.775381412908153E+001 -0.775381412908153E+001 -0.100000000000000E+031
  0.165294331941514E+000  0.000000000000000E+000 -0.771070277692930E+001 -0.771070277692930E+001 -0.100000000000000E+031
  0.227504320361135E+000  0.000000000000000E+000 -0.622198547460828E+001 -0.622198547460828E+001 -0.100000000000000E+031
  0.158619158777515E+000  0.000000000000000E+000 -0.762831848629071E+001 -0.762831848629071E+001 -0.918100041749567E+001
  0.197118179446632E+000  0.000000000000000E+000 -0.445474814913675E+001 -0.445474814913675E+001 -0.852589915130977E+001
  0.122801408546028E+000  0.000000000000000E+000 -0.695841731934841E+001 -0.695841731934841E+001 -0.100000000000000E+031
  0.188268076124421E+000  0.000000000000000E+000 -0.803588503145827E+001 -0.803588503145827E+001 -0.844895360008304E+001
  0.181172820637863E+000  0.000000000000000E+000 -0.596234386133444E+001 -0.596234386133444E+001 -0.975953242666480E+001
  0.217552703369983E+000  0.000000000000000E+000 -0.714065954618339E+001 -0.714065954618339E+001 -0.844895360008304E+001
  0.113431033398791E+000  0.000000000000000E+000 -0.798701435394031E+001 -0.798701435394031E+001 -0.924119350135637E+001
  0.115574645471586E+000  0.000000000000000E+000 -0.717854261622917E+001 -0.717854261622917E+001 -0.852589915130977E+001
  0.224067848790743E+000  0.000000000000000E+000 -0.760430807347638E+001 -0.760430807347638E+001 -0.905062220643128E+001
  0.151353082179463E+000  0.000000000000000E+000 -0.792385546629482E+001 -0.792385546629482E+001 -0.100000000000000E+031
  0.118836962314507E+000  0.000000000000000E+000 -0.758604951571647E+001 -0.758604951571647E+001 -0.908937467540322E+001
  0.121208627728161E+000  0.000000000000000E+000 -0.781917537489125E+001 -0.781917537489125E+001 -0.854776481187031E+001
  0.133348546308489E+000  0.000000000000000E+000 -0.772850291795148E+001 -0.772850291795148E+001 -0.100000000000000E+031
  0.187428400837769E+000  0.000000000000000E+000 -0.817776242577109E+001 -0.817776242577109E+001 -0.100000000000000E+031
  0.179827832035013E+000  0.000000000000000E+000 -0.708460767498576E+001 -0.708460767498576E+001 -0.843476540311178E+001
  0.227504320357683E+000  0.000000000000000E+000 -0.602791460841489E+001 -0.602791460841489E+001 -0.843476540311178E+001
  0.127400288366307E+000  0.000000000000000E+000 -0.641015923448898E+001 -0.641015923448898E+001 -0.100000000000000E+031
  0.188316420857446E+000  0.000000000000000E+000 -0.709333892482330E+001 -0.709333892482330E+001 -0.924119350135637E+001
  0.135321273826921E+000  0.000000000000000E+000 -0.789373077772423E+001 -0.789373077772423E+001 -0.848257151914820E+001
  0.168407055330095E+000  0.000000000000000E+000 -0.683400897821647E+001 -0.683400897821647E+001 -0.871378054434374E+001
  0.197436716183487E+000  0.000000000000000E+000 -0.702599168590499E+001 -0.702599168590499E+001 -0.100000000000000E+031
  0.188268073197802E+000  0.000000000000000E+000 -0.795807231264429E+001 -0.795807231264429E+001 -0.898613203304581E+001
  0.202078466484138E+000  0.000000000000000E+000 -0.795434994723261E+001 -0.795434994723261E+001 -0.876441283230086E+001
  0.138806359975024E+000  0.000000000000000E+000 -0.738789604351398E+001 -0.738789604351398E+001 -0.876441283230086E+001
  0.213754461188422E+000  0.000000000000000E+000 -0.679811425068300E+001 -0.679811425068300E+001 -0.100000000000000E+031
  0.141383698338928E+000  0.000000000000000E+000 -0.618407989851362E+001 -0.618407989851362E+001 -0.908937467540322E+001
  0.128525894622973E+000  0.000000000000000E+000 -0.811724947931433E+001 -0.811724947931433E+001 -0.843476540311178E+001
  0.138321317086300E+000  0.000000000000000E+000 -0.396438051959974E+001 -0.396438051959974E+001 -0.903292177361135E+001
  0.115683920933408E+000  0.000000000000000E+000 -0.610578832039698E+001 -0.610578832039698E+001 -0.830101587903946E+001
  0.144855495908471E+000  0.000000000000000E+000 -0.790994639312261E+001 -0.790994639312261E+001 -0.914676984994206E+001
  0.244482575340153E+000  0.000000000000000E+000 -0.654695930571858E+001 -0.654695930571858E+001 -0.100000000000000E+031
  0.160861824229521E+000  0.000000000000000E+000 -0.759457772268186E+001 -0.759457772268186E+001 -0.906435356635293E+001
  0.138893220070110E+000  0.000000000000000E+000 -0.799107132776758E+001 -0.799107132776758E+001 -0.876441283230086E+001
  0.140316108613741E+000  0.000000000000000E+000 -0.707989061096824E+001 -0.707989061096824E+001 -0.940817995070387E+001
  0.220235480636149E+000  0.000000000000000E+000 -0.818520520765602E+001 -0.818520520765602E+001 -0.906435356635293E+001
  0.132045978087570E+000  0.000000000000000E+000 -0.808331094928547E+001 -0.808331094928547E+001 -0.901744441170695E+001
  0.186851185280750E+000  0.000000000000000E+000 -0.813916883130628E+001 -0.813916883130628E+001 -0.876441283230086E+001
  0.225753140650266E+000  0.000000000000000E+000 -0.678707856133547E+001 -0.678707856133547E+001 -0.830101587903946E+001
  0.127235747692859E+000  0.000000000000000E+000 -0.759741405390707E+001 -0.759741405390707E+001 -0.869072700968004E+001
  0.180151973875242E+000  0.000000000000000E+000 -0.687252313721949E+001 -0.687252313721949E+001 -0.827303805305508E+001
  0.142307546617569E+000  0.000000000000000E+000 -0.788426123628683E+001 -0.788426123628683E+001 -0.100000000000000E+031
  0.152338402536064E+000  0.000000000000000E+000 -0.751401110145576E+001 -0.751401110145576E+001 -0.935153717409146E+001
  0.180203416339258E+000  0.000000000000000E+000 -0.816808531365993E+001 -0.816808531365993E+001 -0.960321266686516E+001
  0.146473858634432E+000  0.000000000000000E+000 -0.576949034304320E+001 -0.576949034304320E+001 -0.898613203304581E+001
  0.133653888225491E+000  0.000000000000000E+000 -0.722619456439659E+001 -0.722619456439659E+001 -0.100000000000000E+031
  0.136355060941497E+000  0.000000000000000E+000 -0.762546494200774E+001 -0.762546494200774E+001 -0.931608438396941E+001
  0.135718473517962E+000  0.000000000000000E+000 -0.699607492373576E+001 -0.699607492373576E+001 -0.894065505922652E+001
  0.225766784505323E+000  0.000000000000000E+000 -0.720420786181013E+001 -0.720420786181013E+001 -0.821292381130266E+001
  0.134555793618913E+000  0.000000000000000E+000 -0.754608202597163E+001 -0.754608202597163E+001 -0.835870441486326E+001
  0.118740825900795E+000  0.000000000000000E+000 -0.817099046169341E+001 -0.817099046169341E+001 -0.884743698536824E+001
  0.227464793979030E+000  0.000000000000000E+000 -0.585178413859414E+001 -0.585178413859414E+001 -0.835870441486326E+001
  0.144187765086628E+000  0.000000000000000E+000 -0.768201277342867E+001 -0.768201277342867E+001 -0.884743698536824E+001
  0.139165201969580E+000  0.000000000000000E+000 -0.667600638140080E+001 -0.667600638140080E+001 -0.884743698536824E+001
  0.227142576685184E+000  0.000000000000000E+000 -0.752808323155917E+001 -0.752808323155917E+001 -0.833491746277432E+001
  0.108538571655442E+000  0.000000000000000E+000 -0.793645208520165E+001 -0.793645208520165E+001 -0.833491746277432E+001
  0.121366760673944E+000  0.000000000000000E+000 -0.665702496513588E+001 -0.665702496513588E+001 -0.860763762575910E+001
  0.121902888260280E+000  0.000000000000000E+000 -0.759564371408866E+001 -0.759564371408866E+001 -0.876441283230086E+001
  0.120363967784611E+000  0.000000000000000E+000 -0.814833689361234E+001 -0.814833689361234E+001 -0.863108230859455E+001
  0.190082528636806E+000  0.000000000000000E+000 -0.789865034685895E+001 -0.789865034685895E+001 -0.854236544801655E+001
  0.232194833805868E+000  0.000000000000000E+000 -0.746951372594240E+001 -0.746951372594240E+001 -0.854236544801655E+001
  0.151020581003263E+000  0.000000000000000E+000 -0.738737805339310E+001 -0.738737805339310E+001 -0.852589915130977E+001
  0.168886394912630E+000  0.000000000000000E+000 -0.606878157216841E+001 -0.606878157216841E+001 -0.851789256649269E+001
  0.151163855369884E+000  0.000000000000000E+000 -0.769363949857963E+001 -0.769363949857963E+001 -0.848257151914820E+001
  0.133892947909970E+000  0.000000000000000E+000 -0.664835567869675E+001 -0.664835567869675E+001 -0.826321229128673E+001
  0.139975078391291E+000  0.000000000000000E+000 -0.797025538027056E+001 -0.797025538027056E+001 -0.844895360008304E+001
  0.220235408590628E+000  0.000000000000000E+000 -0.521910719841441E+001 -0.521910719841441E+001 -0.844895360008304E+001
  0.112897721931077E+000  0.000000000000000E+000 -0.747764534184542E+001 -0.747764534184542E+001 -0.844895360008304E+001
  0.233886938986328E+000  0.000000000000000E+000 -0.658995853169945E+001 -0.658995853169945E+001 -0.843476540311178E+001
  0.127232560966214E+000  0.000000000000000E+000 -0.565739747584236E+001 -0.565739747584236E+001 -0.838876508216354E+001
  0.114736752087421E+000  0.000000000000000E+000 -0.663711041282945E+001 -0.663711041282945E+001 -0.838876508216354E+001
  0.147464445735020E+000  0.000000000000000E+000 -0.806065644833926E+001 -0.806065644833926E+001 -0.822535717045983E+001
  0.147422874583988E+000  0.000000000000000E+000 -0.756473993800092E+001 -0.756473993800092E+001 -0.836215046176658E+001
  0.220231607547906E+000  0.000000000000000E+000 -0.813885771121170E+001 -0.813885771121170E+001 -0.836215046176658E+001
  0.140347175151069E+000  0.000000000000000E+000 -0.798349252729718E+001 -0.798349252729718E+001 -0.836215046176658E+001
  0.192400928147879E+000  0.000000000000000E+000 -0.686275339384975E+001 -0.686275339384975E+001 -0.833491746277432E+001
  0.140740083951269E+000  0.000000000000000E+000 -0.769167028447666E+001 -0.769167028447666E+001 -0.835870441486326E+001
  0.140660914072835E+000  0.000000000000000E+000 -0.758806307548026E+001 -0.758806307548026E+001 -0.821292381130266E+001
  0.196522096270832E+000  0.000000000000000E+000 -0.790009100002009E+001 -0.790009100002009E+001 -0.821292381130266E+001
