  0.100000000000000E+001  0.333388144684924E+002  0.904976636039956E+000  0.275158579584338E+000  0.557584857473524E+000  0.100050033358353E-002 -0.166694072342462E+002
  0.100000000000000E+001  0.259741162078432E+002  0.537160117942110E+000  0.140933031976198E+000  0.110541635248954E+001  0.100050033358353E-002 -0.129870581039216E+002
  0.100000000000000E+001  0.259827144429914E+002  0.465222024383659E+000  0.665649853023487E-002  0.116008395245130E+001  0.100050033358353E-002 -0.129913572214957E+002
  0.100000000000000E+001  0.323277297659999E+002  0.419454917444599E+000  0.257423852372753E+000  0.118967879551578E+001  0.100050033358353E-002 -0.161638648830000E+002
  0.100000000000000E+001  0.322950838230584E+002  0.156033819657429E+000  0.245577312228907E+000  0.129449010584897E+001  0.100050033358353E-002 -0.161475419115292E+002
  0.100000000000000E+001  0.259894885873035E+002  0.673925754684985E+000  0.163959287196563E+000  0.968227220853324E+000  0.100050033358353E-002 -0.129947442936517E+002
  0.100000000000000E+001  0.259920695307612E+002  0.392866278918787E+000  0.216930015866037E-001  0.120516867060271E+001  0.100050033358353E-002 -0.129960347653806E+002
  0.100000000000000E+001  0.318225969493666E+002  0.818113633043560E+000  0.267378458696318E+000  0.753635815538356E+000  0.100050033358353E-002 -0.159112984746833E+002
  0.100000000000000E+001  0.259993412527773E+002  0.392960691350459E+000  0.111056307337865E+000  0.120511580299026E+001  0.100050033358353E-002 -0.129996706263887E+002
  0.100000000000000E+001  0.315609313985402E+002  0.779178033232392E+000  0.264840223417676E+000  0.821451230401779E+000  0.100050033358353E-002 -0.157804656992701E+002
  0.100000000000000E+001  0.260014846479823E+002  0.477360683049697E+000  0.130065325872492E+000  0.115158301565137E+001  0.100050033358353E-002 -0.130007423239911E+002
  0.100000000000000E+001  0.315101024504106E+002  0.321743462735534E+000  0.239845720319331E+000  0.124085639538872E+001  0.100050033358353E-002 -0.157550512252053E+002
  0.100000000000000E+001  0.260085841930280E+002  0.389302494211275E+000  0.214596823676710E-001  0.120715329602035E+001  0.100050033358353E-002 -0.130042920965140E+002
  0.100000000000000E+001  0.311202230599220E+002  0.910511011889284E-002  0.206826164392034E+000  0.131048767492250E+001  0.100050033358353E-002 -0.155601115299610E+002
  0.100000000000000E+001  0.260269009872978E+002  0.386649150901071E+000  0.111247827827097E+000  0.120861707107561E+001  0.100050033358353E-002 -0.130134504936489E+002
  0.100000000000000E+001  0.260314731150088E+002  0.504625238891251E+000  0.136958473216869E+000  0.113144136650999E+001  0.100050033358353E-002 -0.130157365575044E+002
  0.100000000000000E+001  0.260375762628091E+002  0.275320765577581E+000  0.716101083094732E-001  0.125989272362192E+001  0.100050033358353E-002 -0.130187881314045E+002
  0.100000000000000E+001  0.260449883847591E+002  0.389118211128742E+000  0.193727324728000E-001  0.120725534083914E+001  0.100050033358353E-002 -0.130224941923795E+002
  0.100000000000000E+001  0.260873219540479E+002  0.361453751220141E+000  0.228980735435756E-001  0.122193630712538E+001  0.100050033358353E-002 -0.130436609770239E+002
  0.100000000000000E+001  0.261041902578632E+002  0.335193791063941E+000  0.278054421352057E-001  0.123472610199336E+001  0.100050033358353E-002 -0.130520951289316E+002
  0.100000000000000E+001  0.261094769286568E+002  0.487085482437225E+000  0.136414814465787E+000  0.114456749063325E+001  0.100050033358353E-002 -0.130547384643284E+002
  0.100000000000000E+001  0.261251490619324E+002  0.283816118911486E+000  0.394784084398933E-001  0.125665084296774E+001  0.100050033358353E-002 -0.130625745309662E+002
  0.100000000000000E+001  0.295003870120149E+002  0.105427793848046E+000  0.193958386192507E+000  0.130323829800699E+001  0.100050033358353E-002 -0.147501935060075E+002
  0.100000000000000E+001  0.293899284320792E+002  0.799196311687359E+000  0.235417961621253E+000  0.787727600388236E+000  0.100050033358353E-002 -0.146949642160396E+002
  0.100000000000000E+001  0.293873305627424E+002  0.191220428132284E+000  0.195357529213782E+000  0.128635872512794E+001  0.100050033358353E-002 -0.146936652813712E+002
  0.100000000000000E+001  0.261299124208809E+002  0.673332583351837E+000  0.167476065959177E+000  0.968935764746923E+000  0.100050033358353E-002 -0.130649562104405E+002
  0.100000000000000E+001  0.292526553308433E+002  0.177161457854078E+000  0.191982784999974E+000  0.128981158613338E+001  0.100050033358353E-002 -0.146263276654217E+002
  0.100000000000000E+001  0.291118898379834E+002  0.462436599795561E+000  0.209408448564225E+000  0.116199514511501E+001  0.100050033358353E-002 -0.145559449189917E+002
  0.100000000000000E+001  0.291082825436107E+002  0.725162862413035E+000  0.229551619153954E+000  0.902409590756777E+000  0.100050033358353E-002 -0.145541412718054E+002
  0.100000000000000E+001  0.261357022072272E+002  0.271517445254281E+000  0.420746175069120E-001  0.126130954778691E+001  0.100050033358353E-002 -0.130678511036136E+002
  0.100000000000000E+001  0.289941418289912E+002  0.555091635079716E+000  0.215162096021080E+000  0.109009468444684E+001  0.100050033358353E-002 -0.144970709144956E+002
  0.100000000000000E+001  0.261469814836439E+002  0.391621819200232E+000  0.118755224884683E+000  0.120586412070135E+001  0.100050033358353E-002 -0.130734907418219E+002
  0.100000000000000E+001  0.261530851080193E+002  0.231785892925200E+000  0.571689917865119E-001  0.127485178307728E+001  0.100050033358353E-002 -0.130765425540096E+002
  0.100000000000000E+001  0.288359970549261E+002  0.210087973978858E+000  0.184873483811390E+000  0.128129396040543E+001  0.100050033358353E-002 -0.144179985274631E+002
  0.100000000000000E+001  0.261576112451686E+002  0.241885551488716E+000  0.792802950638978E-001  0.127162517637113E+001  0.100050033358353E-002 -0.130788056225843E+002
  0.100000000000000E+001  0.286939947613078E+002  0.287963789892137E+000  0.186340559766805E+000  0.125502914201540E+001  0.100050033358353E-002 -0.143469973806539E+002
  0.100000000000000E+001  0.286822522733605E+002  0.603416749476187E+000  0.213746375436311E+000  0.104506026569368E+001  0.100050033358353E-002 -0.143411261366802E+002
  0.100000000000000E+001  0.261631787313674E+002  0.265987137751959E+000  0.407225775237205E-001  0.126333179222556E+001  0.100050033358353E-002 -0.130815893656837E+002
  0.100000000000000E+001  0.261760230749561E+002  0.254443236738170E+000  0.429047750285462E-001  0.126740906194045E+001  0.100050033358353E-002 -0.130880115374781E+002
  0.100000000000000E+001  0.283586693676862E+002  0.724561362601565E+000  0.217596200227054E+000  0.903239039467143E+000  0.100050033358353E-002 -0.141793346838431E+002
  0.100000000000000E+001  0.261825004399432E+002  0.166140342714707E-001  0.944531110883816E-001  0.131036111559557E+001  0.100050033358353E-002 -0.130912502199716E+002
  0.100000000000000E+001  0.282455761135911E+002  0.408660352832293E+000  0.186740913147884E+000  0.119611404043599E+001  0.100050033358353E-002 -0.141227880567955E+002
  0.100000000000000E+001  0.261946933537789E+002  0.713542180717660E+000  0.173798164642455E+000  0.918181808788415E+000  0.100050033358353E-002 -0.130973466768894E+002
  0.100000000000000E+001  0.281393398945722E+002  0.431869599944088E+000  0.186328560855722E+000  0.118202508236183E+001  0.100050033358353E-002 -0.140696699472861E+002
  0.100000000000000E+001  0.262041237661909E+002  0.751501454978357E+000  0.177508957045773E+000  0.864605751147400E+000  0.100050033358353E-002 -0.131020618830955E+002
  0.100000000000000E+001  0.262107745356997E+002  0.301555022153709E+000  0.276693609080531E-001  0.124953466590516E+001  0.100050033358353E-002 -0.131053872678498E+002
  0.100000000000000E+001  0.262177602410769E+002  0.284617326497002E+000  0.309921289916090E-001  0.125633957406822E+001  0.100050033358353E-002 -0.131088801205384E+002
  0.100000000000000E+001  0.279909404530885E+002  0.975621914760932E+000  0.170036707958158E+000  0.287609122329982E+000  0.100050033358353E-002 -0.139954702265442E+002
  0.100000000000000E+001  0.279764346137692E+002  0.467018133199547E+000  0.186402245519812E+000  0.115884379987263E+001  0.100050033358353E-002 -0.139882173068846E+002
  0.100000000000000E+001  0.262235381611946E+002  0.213315932212731E+000  0.787872028926107E-001  0.128037761078151E+001  0.100050033358353E-002 -0.131117690805973E+002
  0.100000000000000E+001  0.262573353003988E+002  0.184044808424322E+000  0.724406444204669E-001  0.128815513073692E+001  0.100050033358353E-002 -0.131286676501994E+002
  0.100000000000000E+001  0.279542054760813E+002  0.234728474348430E+000  0.164639062439945E+000  0.127392673713785E+001  0.100050033358353E-002 -0.139771027380407E+002
  0.100000000000000E+001  0.279290574576891E+002  0.439483228707445E-001  0.154745522794918E+000  0.130927576178013E+001  0.100050033358353E-002 -0.139645287288445E+002
  0.100000000000000E+001  0.262595827107188E+002  0.405199147114496E+000  0.551421734542556E-002  0.119813477586422E+001  0.100050033358353E-002 -0.131297913553594E+002
  0.100000000000000E+001  0.279100726973103E+002  0.926258149038566E-001  0.156601940680512E+000  0.130490796481385E+001  0.100050033358353E-002 -0.139550363486552E+002
  0.100000000000000E+001  0.262628353500059E+002  0.178980789393691E+000  0.576516510321291E-001  0.128938011314946E+001  0.100050033358353E-002 -0.131314176750030E+002
  0.100000000000000E+001  0.278939379179903E+002  0.369076527720467E+000  0.174284105596813E+000  0.121801643517553E+001  0.100050033358353E-002 -0.139469689589952E+002
  0.100000000000000E+001  0.262670101531605E+002  0.177773709529131E+000  0.715625986953019E-001  0.128966689264321E+001  0.100050033358353E-002 -0.131335050765803E+002
  0.100000000000000E+001  0.262718495335991E+002  0.369383484356806E+000  0.120496117359182E+000  0.121785660777046E+001  0.100050033358353E-002 -0.131359247667996E+002
  0.100000000000000E+001  0.278395802038300E+002  0.690979748951669E+000  0.206053641808736E+000  0.947356888784422E+000  0.100050033358353E-002 -0.139197901019150E+002
  0.100000000000000E+001  0.278265942657754E+002  0.396771758220006E+000  0.175653758060684E+000  0.120296917577546E+001  0.100050033358353E-002 -0.139132971328877E+002
  0.100000000000000E+001  0.278049260397404E+002  0.883992340768576E+000  0.205544174867291E+000  0.612680195174694E+000  0.100050033358353E-002 -0.139024630198702E+002
  0.100000000000000E+001  0.277769516831061E+002  0.102211430840880E+000  0.152457109691628E+000  0.130367829449311E+001  0.100050033358353E-002 -0.138884758415531E+002
  0.100000000000000E+001  0.277494704783674E+002  0.213734776984508E-001  0.141673215882379E+000  0.131024262127086E+001  0.100050033358353E-002 -0.138747352391837E+002
  0.100000000000000E+001  0.277468518059895E+002  0.812710697903166E+000  0.209687275797664E+000  0.763610125024291E+000  0.100050033358353E-002 -0.138734259029947E+002
  0.100000000000000E+001  0.262808633873921E+002  0.208010070805690E+000  0.858903799930355E-001  0.128187610103138E+001  0.100050033358353E-002 -0.131404316936960E+002
  0.100000000000000E+001  0.262844970208879E+002  0.194784281007115E+000  0.826403649709828E-001  0.128544001759454E+001  0.100050033358353E-002 -0.131422485104439E+002
  0.100000000000000E+001  0.262889472223175E+002  0.874146700918420E+000  0.179312294494286E+000  0.636480404319047E+000  0.100050033358353E-002 -0.131444736111588E+002
  0.100000000000000E+001  0.262945123791345E+002  0.161479638730287E+000  0.710291629752244E-001  0.129334250449200E+001  0.100050033358353E-002 -0.131472561895672E+002
  0.100000000000000E+001  0.262972980227803E+002  0.194920848484322E+000  0.844388086417293E-001  0.128540446187342E+001  0.100050033358353E-002 -0.131486490113902E+002
  0.100000000000000E+001  0.263021758195369E+002  0.163817611975372E+000  0.528130536982657E-001  0.129283742110883E+001  0.100050033358353E-002 -0.131510879097684E+002
  0.100000000000000E+001  0.263175812854048E+002  0.142085955105073E+000  0.673531706974244E-001  0.129724566457032E+001  0.100050033358353E-002 -0.131587906427024E+002
  0.100000000000000E+001  0.275798377888518E+002  0.640624840532825E+000  0.196689335213776E+000  0.100630495815134E+001  0.100050033358353E-002 -0.137899188944259E+002
  0.100000000000000E+001  0.275571035311837E+002  0.877879815375140E+000  0.202221015430238E+000  0.627593687579149E+000  0.100050033358353E-002 -0.137785517655918E+002
  0.100000000000000E+001  0.275382710405776E+002  0.981559097757605E+000  0.154512115356907E+000  0.250521810178275E+000  0.100050033358353E-002 -0.137691355202888E+002
  0.100000000000000E+001  0.263215500201420E+002  0.183293111761746E+000  0.843397760531843E-001  0.128833919991836E+001  0.100050033358353E-002 -0.131607750100710E+002
  0.100000000000000E+001  0.263301922446165E+002  0.280764756091365E+000  0.236338646897643E-001  0.125782756528271E+001  0.100050033358353E-002 -0.131650961223083E+002
  0.100000000000000E+001  0.263345198267945E+002  0.130742717218353E+000  0.602253020052456E-001  0.129929274160566E+001  0.100050033358353E-002 -0.131672599133972E+002
  0.100000000000000E+001  0.274805308204675E+002  0.279850791458951E+000  0.154203369414281E+000  0.125817733719585E+001  0.100050033358353E-002 -0.137402654102338E+002
  0.100000000000000E+001  0.263419497368564E+002  0.205123651889543E+000  0.919102457699871E-001  0.128267472177355E+001  0.100050033358353E-002 -0.131709748684282E+002
  0.100000000000000E+001  0.263600386207021E+002  0.132509759991421E+000  0.512718421230577E-001  0.129898524820341E+001  0.100050033358353E-002 -0.131800193103511E+002
  0.100000000000000E+001  0.274434185909612E+002  0.374998228735607E+000  0.163128638140821E+000  0.121490588872555E+001  0.100050033358353E-002 -0.137217092954806E+002
  0.100000000000000E+001  0.273419781137269E+002  0.385400474451529E+000  0.161250279070219E+000  0.120930185773271E+001  0.100050033358353E-002 -0.136709890568635E+002
  0.100000000000000E+001  0.263733416694808E+002  0.155691532527685E+000  0.836814574806702E-001  0.129456088803593E+001  0.100050033358353E-002 -0.131866708347404E+002
  0.100000000000000E+001  0.273334670460428E+002  0.120902098768014E+000  0.137830356756579E+000  0.130092843529375E+001  0.100050033358353E-002 -0.136667335230214E+002
  0.100000000000000E+001  0.263789803482985E+002  0.895435203671329E-001  0.611094841615106E-001  0.130527743546105E+001  0.100050033358353E-002 -0.131894901741492E+002
  0.100000000000000E+001  0.263865742968284E+002  0.399050430179658E+000  0.131249270239037E+000  0.120167393917109E+001  0.100050033358353E-002 -0.131932871484142E+002
  0.100000000000000E+001  0.273170562028904E+002  0.932491028396457E-001  0.135115617672124E+000  0.130483171931539E+001  0.100050033358353E-002 -0.136585281014452E+002
  0.100000000000000E+001  0.273128997688392E+002  0.111411653381747E+000  0.135652230723799E+000  0.130238301415726E+001  0.100050033358353E-002 -0.136564498844196E+002
  0.100000000000000E+001  0.263882081894958E+002  0.286823115008972E+000  0.111420866726201E+000  0.125547769032445E+001  0.100050033358353E-002 -0.131941040947479E+002
  0.100000000000000E+001  0.272846120840830E+002  0.635246996616993E+000  0.189797394187364E+000  0.101214343391951E+001  0.100050033358353E-002 -0.136423060420415E+002
  0.100000000000000E+001  0.263898966879692E+002  0.367880461756847E+000  0.125863355490429E+000  0.121863774077180E+001  0.100050033358353E-002 -0.131949483439846E+002
  0.100000000000000E+001  0.272672195255640E+002  0.217248756765037E+000  0.141466618154236E+000  0.127924137215900E+001  0.100050033358353E-002 -0.136336097627820E+002
  0.100000000000000E+001  0.264114082437226E+002  0.403464032708062E-001  0.647144960725494E-001  0.130947489428505E+001  0.100050033358353E-002 -0.132057041218613E+002
  0.100000000000000E+001  0.271927115053086E+002  0.913563965324402E+000  0.188824762960295E+000  0.532990972520016E+000  0.100050033358353E-002 -0.135963557526543E+002
  0.100000000000000E+001  0.271889596083999E+002  0.954611731965352E+000  0.171537937760854E+000  0.390348935812644E+000  0.100050033358353E-002 -0.135944798041999E+002
  0.100000000000000E+001  0.271816499204105E+002  0.571953090140574E+000  0.180300276180217E+000  0.107501968708647E+001  0.100050033358353E-002 -0.135908249602052E+002
  0.100000000000000E+001  0.264133816840706E+002  0.639632773185174E-001  0.729019524718306E-001  0.130785834147686E+001  0.100050033358353E-002 -0.132066908420353E+002
  0.100000000000000E+001  0.271799560244836E+002  0.908693236998043E+000  0.190039169481306E+000  0.547104748631561E+000  0.100050033358353E-002 -0.135899780122418E+002
  0.100000000000000E+001  0.271732539706653E+002  0.725548541107114E+000  0.195876015024144E+000  0.901876988451970E+000  0.100050033358353E-002 -0.135866269853327E+002
  0.100000000000000E+001  0.271615953006811E+002  0.138032954734729E-001  0.891507260460989E-001  0.131041714463594E+001  0.100050033358353E-002 -0.135807976503406E+002
  0.100000000000000E+001  0.271277831080395E+002  0.329373071539944E+000  0.148180614796208E+000  0.123741357578361E+001  0.100050033358353E-002 -0.135638915540197E+002
  0.100000000000000E+001  0.271271563988063E+002  0.143028562130398E-001  0.800627280865929E-001  0.131040794324388E+001  0.100050033358353E-002 -0.135635781994031E+002
  0.100000000000000E+001  0.264179147480624E+002  0.429165176158205E+000  0.137633084232043E+000  0.118371564077368E+001  0.100050033358353E-002 -0.132089573740312E+002
  0.100000000000000E+001  0.264322630096381E+002  0.534874587283550E-001  0.507598745803699E-001  0.130866598705960E+001  0.100050033358353E-002 -0.132161315048190E+002
  0.100000000000000E+001  0.264328551179457E+002  0.144625123449731E+000  0.384851265158724E-001  0.129676364316234E+001  0.100050033358353E-002 -0.132164275589728E+002
  0.100000000000000E+001  0.270699058865105E+002  0.340387450886601E+000  0.147855346313859E+000  0.123228333434406E+001  0.100050033358353E-002 -0.135349529432552E+002
  0.100000000000000E+001  0.270690761537113E+002  0.858896545485423E+000  0.195778745888128E+000  0.671192935908013E+000  0.100050033358353E-002 -0.135345380768556E+002
  0.100000000000000E+001  0.270514991432029E+002  0.238835803755556E+000  0.136031948935831E+000  0.127261487082297E+001  0.100050033358353E-002 -0.135257495716014E+002
  0.100000000000000E+001  0.270439072880655E+002  0.373342867762530E+000  0.150892757853603E+000  0.121578120527624E+001  0.100050033358353E-002 -0.135219536440328E+002
  0.100000000000000E+001  0.264397735805673E+002  0.333401671615593E+000  0.887708265979315E-002  0.123555917901287E+001  0.100050033358353E-002 -0.132198867902836E+002
  0.100000000000000E+001  0.264424214824091E+002  0.137781251878423E+000  0.381838382668471E-001  0.129804294564660E+001  0.100050033358353E-002 -0.132212107412046E+002
  0.100000000000000E+001  0.264467258371042E+002  0.997156951991123E+000  0.925084772886685E-001  0.987527364044552E-001  0.100050033358353E-002 -0.132233629185521E+002
  0.100000000000000E+001  0.264520397166160E+002  0.411310813877477E-001  0.781644618697103E-001  0.130943296564052E+001  0.100050033358353E-002 -0.132260198583080E+002
  0.100000000000000E+001  0.269666455608077E+002  0.351991543027475E+000  0.145822942076567E+000  0.122667147999053E+001  0.100050033358353E-002 -0.134833227804038E+002
  0.100000000000000E+001  0.269580018514279E+002  0.333353301297571E+000  0.142946155860190E+000  0.123558159457359E+001  0.100050033358353E-002 -0.134790009257140E+002
  0.100000000000000E+001  0.264536923703141E+002  0.590313834241589E+000  0.164658834556676E+000  0.105783519355477E+001  0.100050033358353E-002 -0.132268461851571E+002
  0.100000000000000E+001  0.264545328188769E+002  0.116493792030263E+000  0.883623375986230E-001  0.130161906972321E+001  0.100050033358353E-002 -0.132272664094385E+002
  0.100000000000000E+001  0.268927500986656E+002  0.126057622257218E+000  0.119253394065958E+000  0.130008770298701E+001  0.100050033358353E-002 -0.134463750493328E+002
  0.100000000000000E+001  0.268808750243914E+002  0.662672599985559E+000  0.184239569219726E+000  0.981476991746012E+000  0.100050033358353E-002 -0.134404375121957E+002
  0.100000000000000E+001  0.268766921675408E+002  0.370869022787793E+000  0.145352679049517E+000  0.121708093626143E+001  0.100050033358353E-002 -0.134383460837704E+002
  0.100000000000000E+001  0.264580531484952E+002  0.134223181921867E+000  0.373152263731988E-001  0.129868307276176E+001  0.100050033358353E-002 -0.132290265742476E+002
  0.100000000000000E+001  0.268519347453392E+002  0.236187562406330E+000  0.203218123656457E-002  0.127346347010523E+001  0.100050033358353E-002 -0.134259673726696E+002
  0.100000000000000E+001  0.268514041287523E+002  0.863172756061894E-001  0.130641071812863E-001  0.130565066269155E+001  0.100050033358353E-002 -0.134257020643761E+002
  0.100000000000000E+001  0.268405860885651E+002  0.279931734971368E+000  0.131944190701615E+000  0.125814641026986E+001  0.100050033358353E-002 -0.134202930442825E+002
  0.100000000000000E+001  0.264671314881307E+002  0.152151338828008E+000  0.339478982510946E-001  0.129528363174681E+001  0.100050033358353E-002 -0.132335657440653E+002
  0.100000000000000E+001  0.264685303101350E+002  0.557184513097898E+000  0.159980849762042E+000  0.108825928762117E+001  0.100050033358353E-002 -0.132342651550675E+002
  0.100000000000000E+001  0.268076403813475E+002  0.111027772257246E+000  0.113165460556016E+000  0.130243931725685E+001  0.100050033358353E-002 -0.134038201906738E+002
  0.100000000000000E+001  0.264722291396558E+002  0.137642797717934E+000  0.923549454488271E-001  0.129806817385908E+001  0.100050033358353E-002 -0.132361145698279E+002
  0.100000000000000E+001  0.264793677539684E+002  0.864907622999701E-001  0.408594429490895E-001  0.130563094399120E+001  0.100050033358353E-002 -0.132396838769842E+002
  0.100000000000000E+001  0.264996663501603E+002  0.286594054852247E+000  0.128595002530719E-001  0.125556752988109E+001  0.100050033358353E-002 -0.132498331750802E+002
  0.100000000000000E+001  0.265286362422255E+002  0.129828455238433E+000  0.965302824501943E-001  0.129945018904192E+001  0.100050033358353E-002 -0.132643181211128E+002
  0.100000000000000E+001  0.267647560158134E+002  0.869183920339618E+000  0.189088649130484E+000  0.648048525519571E+000  0.100050033358353E-002 -0.133823780079067E+002
  0.100000000000000E+001  0.267581501698021E+002  0.641345190386324E-002  0.257113427549756E-001  0.131051504687668E+001  0.100050033358353E-002 -0.133790750849010E+002
  0.100000000000000E+001  0.267563294760355E+002  0.178141224660477E+000  0.119640424147224E-001  0.128957979017882E+001  0.100050033358353E-002 -0.133781647380178E+002
  0.100000000000000E+001  0.265289129787298E+002  0.228691944030115E+000  0.110316825034175E+000  0.127581111896183E+001  0.100050033358353E-002 -0.132644564893649E+002
  0.100000000000000E+001  0.267251317525821E+002  0.261776687961249E+000  0.503380176974144E-002  0.126484139671274E+001  0.100050033358353E-002 -0.133625658762910E+002
  0.100000000000000E+001  0.265340408244191E+002  0.360413124399162E+000  0.131082383544073E+000  0.122246412204845E+001  0.100050033358353E-002 -0.132670204122095E+002
  0.100000000000000E+001  0.265529067273472E+002  0.931155261198925E+000  0.170828269268184E+000  0.477853661160095E+000  0.100050033358353E-002 -0.132764533636736E+002
  0.100000000000000E+001  0.265606722226742E+002  0.129021809018484E+000  0.992278462024387E-001  0.129958817055838E+001  0.100050033358353E-002 -0.132803361113371E+002
  0.100000000000000E+001  0.266794562682564E+002  0.995059293760262E+000  0.107993159763559E+000  0.130113800941641E+000  0.100050033358353E-002 -0.133397281341282E+002
  0.100000000000000E+001  0.266706638931168E+002  0.651889844600116E+000  0.178083175222595E+000  0.993801920966304E+000  0.100050033358353E-002 -0.133353319465584E+002
  0.100000000000000E+001  0.266649730390324E+002  0.125984228983897E-001  0.161095679318324E-001  0.131043799108958E+001  0.100050033358353E-002 -0.133324865195162E+002
  0.100000000000000E+001  0.265621172041647E+002  0.169075536632993E+000  0.103951659276431E+000  0.129167425268290E+001  0.100050033358353E-002 -0.132810586020824E+002
  0.100000000000000E+001  0.266309471848744E+002  0.586173196494314E+000  0.168723164924118E+000  0.106178248084409E+001  0.100050033358353E-002 -0.133154735924372E+002
  0.100000000000000E+001  0.265705159139493E+002  0.561385135947138E+000  0.163395966353566E+000  0.108454515019229E+001  0.100050033358353E-002 -0.132852579569746E+002
  0.100000000000000E+001  0.266116423637249E+002  0.266410080934627E+000  0.987257448623535E-002  0.126317871922867E+001  0.100050033358353E-002 -0.133058211818625E+002
  0.100000000000000E+001  0.266087634586833E+002  0.678660878781901E+000  0.179877315530935E+000  0.962529899727207E+000  0.100050033358353E-002 -0.133043817293416E+002
  0.100000000000000E+001  0.265724251637786E+002  0.255923696174142E+000  0.131712248522778E-001  0.126689700074523E+001  0.100050033358353E-002 -0.132862125818893E+002
  0.100000000000000E+001  0.265743826337180E+002  0.221791470743302E+000  0.173386051637396E-001  0.127790179864779E+001  0.100050033358353E-002 -0.132871913168590E+002
  0.100000000000000E+001  0.265746019282592E+002  0.325349727462947E+000  0.126921865249746E+000  0.123924033456900E+001  0.100050033358353E-002 -0.132873009641296E+002
  0.100000000000000E+001  0.265748443001860E+002  0.832079561067599E+000  0.187900171546056E+000  0.726900368354849E+000  0.100050033358353E-002 -0.132874221500930E+002
  0.100000000000000E+001  0.266030898684282E+002  0.454109920074143E+000  0.148308891719984E+000  0.116762171554498E+001  0.100050033358353E-002 -0.133015449342141E+002
  0.100000000000000E+001  0.266012743755270E+002  0.299230069583745E+000  0.613544897605423E-002  0.125049426559212E+001  0.100050033358353E-002 -0.133006371877635E+002
  0.100000000000000E+001  0.265959989301939E+002  0.108164250724185E+000  0.278852192429597E-001  0.130285309831927E+001  0.100050033358353E-002 -0.132979994650970E+002
  0.100000000000000E+001  0.265907452461866E+002  0.582051988941928E-001  0.317349545019325E-001  0.130832015989306E+001  0.100050033358353E-002 -0.132953726230933E+002
  0.100000000000000E+001  0.265815618414578E+002  0.453995420870697E+000  0.147523521443910E+000  0.116769818609296E+001  0.100050033358353E-002 -0.132907809207289E+002
  0.100000000000000E+001  0.259640203378364E+002  0.330155122304805E+000  0.416966928182222E-001  0.123705557155616E+001  0.100050033358353E-002 -0.129820101689182E+002
  0.100000000000000E+001  0.259482102468962E+002  0.376995353803974E+000  0.285200230309653E-001  0.121384385448922E+001  0.100050033358353E-002 -0.129741051234481E+002
  0.100000000000000E+001  0.259476025928645E+002  0.911429488665110E+000  0.164822801278255E+000  0.539230762922907E+000  0.100050033358353E-002 -0.129738012964323E+002
  0.100000000000000E+001  0.259264983803341E+002  0.333497785923875E+000  0.447200800384878E-001  0.123551462728223E+001  0.100050033358353E-002 -0.129632491901671E+002
  0.100000000000000E+001  0.259151937995388E+002  0.316992959158288E+000  0.736386079147788E-001  0.124295458472438E+001  0.100050033358353E-002 -0.129575968997694E+002
  0.100000000000000E+001  0.259054086067317E+002  0.831220857616837E+000  0.173904309730659E+000  0.728585786688174E+000  0.100050033358353E-002 -0.129527043033659E+002
  0.100000000000000E+001  0.258880951724423E+002  0.325229579678173E+000  0.570210863860102E-001  0.123929450008364E+001  0.100050033358353E-002 -0.129440475862211E+002
  0.100000000000000E+001  0.258806007740365E+002  0.493270609792540E+000  0.545016196649817E-002  0.114000891990276E+001  0.100050033358353E-002 -0.129403003870183E+002
  0.100000000000000E+001  0.258755933799568E+002  0.325292204192388E+000  0.673801998434392E-001  0.123926627023627E+001  0.100050033358353E-002 -0.129377966899784E+002
  0.100000000000000E+001  0.258714077680594E+002  0.510955684909700E+000  0.224533886002731E-002  0.112655114835168E+001  0.100050033358353E-002 -0.129357038840297E+002
  0.100000000000000E+001  0.258556561888975E+002  0.347188851022910E+000  0.481625824207085E-001  0.122902004212439E+001  0.100050033358353E-002 -0.129278280944487E+002
  0.100000000000000E+001  0.258543506375999E+002  0.591593595789617E+000  0.146879004030729E+000  0.105660657044744E+001  0.100050033358353E-002 -0.129271753187999E+002
  0.100000000000000E+001  0.258508736096093E+002  0.415411809778803E+000  0.248719178244760E-001  0.119211285159033E+001  0.100050033358353E-002 -0.129254368048046E+002
  0.100000000000000E+001  0.258475284522262E+002  0.374752738805877E+000  0.945263835638498E-001  0.121503598256142E+001  0.100050033358353E-002 -0.129237642261131E+002
  0.100000000000000E+001  0.258460586580431E+002  0.766395878481577E+000  0.170514339393358E+000  0.841850967740089E+000  0.100050033358353E-002 -0.129230293290216E+002
  0.100000000000000E+001  0.258300932356348E+002  0.342360885402069E+000  0.741685274082325E-001  0.123134402154542E+001  0.100050033358353E-002 -0.129150466178174E+002
  0.100000000000000E+001  0.258295066606657E+002  0.471080203184873E+000  0.125893859512533E-001  0.115601649351877E+001  0.100050033358353E-002 -0.129147533303328E+002
  0.100000000000000E+001  0.258240685850035E+002  0.445621517392791E+000  0.188192309250168E-001  0.117322532321105E+001  0.100050033358353E-002 -0.129120342925018E+002
  0.100000000000000E+001  0.258121795068316E+002  0.346555492562034E+000  0.584315918959183E-001  0.122932702045763E+001  0.100050033358353E-002 -0.129060897534158E+002
  0.100000000000000E+001  0.258112643913933E+002  0.356499142616991E+000  0.815113015200595E-001  0.122443368953500E+001  0.100050033358353E-002 -0.129056321956967E+002
  0.100000000000000E+001  0.258079996465924E+002  0.115831701450279E-001  0.235564401791749E-001  0.131045407945176E+001  0.100050033358353E-002 -0.129039998232962E+002
  0.100000000000000E+001  0.258046959045836E+002  0.463769141445101E+000  0.117838021534582E+000  0.116108265873060E+001  0.100050033358353E-002 -0.129023479522918E+002
  0.100000000000000E+001  0.258018590155153E+002  0.404575858892907E+000  0.101056397415077E+000  0.119849648040129E+001  0.100050033358353E-002 -0.129009295077577E+002
  0.100000000000000E+001  0.257985636857306E+002  0.373356763354467E+000  0.886711357043849E-001  0.121577387634302E+001  0.100050033358353E-002 -0.128992818428653E+002
  0.100000000000000E+001  0.257985605281642E+002  0.348411642359488E+000  0.617792120210482E-001  0.122842557176315E+001  0.100050033358353E-002 -0.128992802640821E+002
  0.100000000000000E+001  0.257777394085088E+002  0.382370177406515E+000  0.904830352582264E-001  0.121095289742729E+001  0.100050033358353E-002 -0.128888697042544E+002
  0.100000000000000E+001  0.257604433970835E+002  0.366343052799155E+000  0.531284445806196E-001  0.121943293513494E+001  0.100050033358353E-002 -0.128802216985417E+002
  0.100000000000000E+001  0.257556915962236E+002  0.383469568113239E+000  0.883301992295586E-001  0.121035566729360E+001  0.100050033358353E-002 -0.128778457981118E+002
  0.100000000000000E+001  0.257407607173953E+002  0.369760537972531E+000  0.774367036531622E-001  0.121766007138796E+001  0.100050033358353E-002 -0.128703803586977E+002
  0.100000000000000E+001  0.257292137106908E+002  0.689543912980510E+000  0.158961023904165E+000  0.949152017874718E+000  0.100050033358353E-002 -0.128646068553454E+002
  0.100000000000000E+001  0.257221823672029E+002  0.415328443321543E+000  0.343244614004498E-001  0.119216274027285E+001  0.100050033358353E-002 -0.128610911836014E+002
  0.100000000000000E+001  0.257058422774830E+002  0.885912322636997E+000  0.165114537075042E+000  0.607898486558360E+000  0.100050033358353E-002 -0.128529211387415E+002
  0.100000000000000E+001  0.256978340280720E+002  0.989937391857619E+000  0.830703751413296E-001  0.185449612589640E+000  0.100050033358353E-002 -0.128489170140360E+002
  0.100000000000000E+001  0.256814631727734E+002  0.379091663100716E+000  0.633238011618558E-001  0.121272199892456E+001  0.100050033358353E-002 -0.128407315863867E+002
  0.100000000000000E+001  0.256746822258903E+002  0.427691522738200E+000  0.987796617597688E-001  0.118463135530747E+001  0.100050033358353E-002 -0.128373411129451E+002
  0.100000000000000E+001  0.256715715746809E+002  0.406967642428493E+000  0.426347211641720E-001  0.119710485926451E+001  0.100050033358353E-002 -0.128357857873405E+002
  0.100000000000000E+001  0.256657770483782E+002  0.754301467790516E+000  0.165055260801608E+000  0.860407798543201E+000  0.100050033358353E-002 -0.128328885241891E+002
  0.100000000000000E+001  0.256630832448593E+002  0.820441048899716E+000  0.168570048655402E+000  0.749277658881061E+000  0.100050033358353E-002 -0.128315416224297E+002
  0.100000000000000E+001  0.256389386328574E+002  0.423799571751620E+000  0.940615069994500E-001  0.118703127356442E+001  0.100050033358353E-002 -0.128194693164287E+002
  0.100000000000000E+001  0.256377956816478E+002  0.392375169337006E+000  0.590262985488283E-001  0.120544343229184E+001  0.100050033358353E-002 -0.128188978408239E+002
  0.100000000000000E+001  0.256300660292506E+002  0.417999082879084E+000  0.421591299972225E-001  0.119055853607090E+001  0.100050033358353E-002 -0.128150330146253E+002
  0.100000000000000E+001  0.256216788116175E+002  0.561092077369866E+000  0.132446993096930E+000  0.108480558803169E+001  0.100050033358353E-002 -0.128108394058087E+002
  0.100000000000000E+001  0.256194915088086E+002  0.400792282741236E+000  0.780141193632709E-001  0.120067788889410E+001  0.100050033358353E-002 -0.128097457544043E+002
  0.100000000000000E+001  0.256103792075742E+002  0.706187441908648E+000  0.158067960896488E+000  0.927896403544633E+000  0.100050033358353E-002 -0.128051896037871E+002
  0.100000000000000E+001  0.256009373139042E+002  0.445488657770911E+000  0.336599758906126E-001  0.117331197925122E+001  0.100050033358353E-002 -0.128004686569521E+002
  0.100000000000000E+001  0.255947833829619E+002  0.944334322521659E+000  0.142647088265556E+000  0.431151761249626E+000  0.100050033358353E-002 -0.127973916914810E+002
  0.100000000000000E+001  0.255919305947883E+002  0.777114478359626E+000  0.164960994629973E+000  0.824801753081048E+000  0.100050033358353E-002 -0.127959652973942E+002
  0.100000000000000E+001  0.255818281830850E+002  0.468408647749647E+000  0.275262495813930E-001  0.115787949789298E+001  0.100050033358353E-002 -0.127909140915425E+002
  0.100000000000000E+001  0.255815022377873E+002  0.551581052139369E+000  0.569014016947722E-002  0.109315099659309E+001  0.100050033358353E-002 -0.127907511188937E+002
  0.100000000000000E+001  0.255792808383236E+002  0.571613838435254E+000  0.132997011519510E+000  0.107532955493295E+001  0.100050033358353E-002 -0.127896404191618E+002
  0.100000000000000E+001  0.255782446655803E+002  0.414024507096032E+000  0.810001452094793E-001  0.119294147630881E+001  0.100050033358353E-002 -0.127891223327901E+002
  0.100000000000000E+001  0.255781348940177E+002  0.957267930361426E+000  0.132686690744027E+000  0.379012075990324E+000  0.100050033358353E-002 -0.127890674470088E+002
  0.100000000000000E+001  0.255748131233326E+002  0.536113072172379E+000  0.124683556265246E+000  0.110628902352427E+001  0.100050033358353E-002 -0.127874065616663E+002
  0.100000000000000E+001  0.255529129656618E+002  0.411232745115271E+000  0.615454686379777E-001  0.119459884416189E+001  0.100050033358353E-002 -0.127764564828309E+002
  0.100000000000000E+001  0.255445340731589E+002  0.415995800946637E+000  0.752273776723174E-001  0.119176303651531E+001  0.100050033358353E-002 -0.127722670365795E+002
  0.100000000000000E+001  0.255440703664622E+002  0.537699362189312E+000  0.123551046366021E+000  0.110496598016147E+001  0.100050033358353E-002 -0.127720351832311E+002
  0.100000000000000E+001  0.255411758898784E+002  0.414401303150100E+000  0.617798719132503E-001  0.119271675014995E+001  0.100050033358353E-002 -0.127705879449392E+002
  0.100000000000000E+001  0.255184174604070E+002  0.444690607667954E+000  0.914250919712106E-001  0.117383181940437E+001  0.100050033358353E-002 -0.127592087302035E+002
  0.100000000000000E+001  0.255080046665447E+002  0.466902155830522E+000  0.100089915583886E+000  0.115892406280333E+001  0.100050033358353E-002 -0.127540023332723E+002
  0.100000000000000E+001  0.255004139644600E+002  0.425546421238921E+000  0.744650352228791E-001  0.118595741682275E+001  0.100050033358353E-002 -0.127502069822300E+002
  0.100000000000000E+001  0.254931146642032E+002  0.469213427956706E+000  0.337102944928788E-001  0.115731971627676E+001  0.100050033358353E-002 -0.127465573321016E+002
  0.100000000000000E+001  0.254908512749156E+002  0.445902819340238E+000  0.888894650213295E-001  0.117304174108929E+001  0.100050033358353E-002 -0.127454256374578E+002
  0.100000000000000E+001  0.254903233569951E+002  0.876895695104031E+000  0.161489414763636E+000  0.629952252149564E+000  0.100050033358353E-002 -0.127451616784975E+002
  0.100000000000000E+001  0.254843632072663E+002  0.476114687122167E+000  0.101745751440400E+000  0.115246861193017E+001  0.100050033358353E-002 -0.127421816036332E+002
  0.100000000000000E+001  0.254477106647186E+002  0.470889234492895E+000  0.966107673392410E-001  0.115615011668179E+001  0.100050033358353E-002 -0.127238553323593E+002
  0.100000000000000E+001  0.254469836337348E+002  0.882895826214823E+000  0.159606722988912E+000  0.615389776793988E+000  0.100050033358353E-002 -0.127234918168674E+002
  0.100000000000000E+001  0.254458093468985E+002  0.581985004148442E+000  0.444106387572420E-002  0.106573212180894E+001  0.100050033358353E-002 -0.127229046734493E+002
  0.100000000000000E+001  0.254325912195531E+002  0.527737927348155E+000  0.115236014603750E+000  0.111318387907282E+001  0.100050033358353E-002 -0.127162956097765E+002
  0.100000000000000E+001  0.254305600316489E+002  0.512274503095594E+000  0.110521712368106E+000  0.112552200074958E+001  0.100050033358353E-002 -0.127152800158245E+002
  0.100000000000000E+001  0.254142171693992E+002  0.534225274976562E+000  0.181050466087879E-001  0.110785639582851E+001  0.100050033358353E-002 -0.127071085846996E+002
  0.100000000000000E+001  0.254058202284820E+002  0.445379159786914E+000  0.721996050381983E-001  0.117338337372021E+001  0.100050033358353E-002 -0.127029101142410E+002
  0.100000000000000E+001  0.253943829718062E+002  0.465373490988702E+000  0.450829130008062E-001  0.115997960547919E+001  0.100050033358353E-002 -0.126971914859031E+002
  0.100000000000000E+001  0.253861545652580E+002  0.765841604903948E+000  0.158707559392718E+000  0.842716859573838E+000  0.100050033358353E-002 -0.126930772826290E+002
  0.100000000000000E+001  0.253756853531630E+002  0.599612545587849E+000  0.322408123094786E-002  0.104881423940122E+001  0.100050033358353E-002 -0.126878426765815E+002
  0.100000000000000E+001  0.253629704133173E+002  0.630593607280800E+000  0.137426678192131E+000  0.101712894809191E+001  0.100050033358353E-002 -0.126814852066586E+002
  0.100000000000000E+001  0.253618194479551E+002  0.454523477880965E+000  0.705343453528650E-001  0.116734531044322E+001  0.100050033358353E-002 -0.126809097239775E+002
  0.100000000000000E+001  0.253566597911799E+002  0.683480240556453E+000  0.146949240990267E+000  0.956655050978944E+000  0.100050033358353E-002 -0.126783298955900E+002
  0.100000000000000E+001  0.253505142144510E+002  0.476011818575348E+000  0.889535365196515E-001  0.115254159233956E+001  0.100050033358353E-002 -0.126752571072255E+002
  0.100000000000000E+001  0.253336962001786E+002  0.555304416857216E+000  0.164123427768313E-001  0.108990853699589E+001  0.100050033358353E-002 -0.126668481000893E+002
  0.100000000000000E+001  0.253331960742596E+002  0.487832474014412E+000  0.400891130329288E-001  0.114402095565675E+001  0.100050033358353E-002 -0.126665980371298E+002
  0.100000000000000E+001  0.253302849632829E+002  0.509962067303748E+000  0.102945427108642E+000  0.112732415287766E+001  0.100050033358353E-002 -0.126651424816414E+002
  0.100000000000000E+001  0.253259764441164E+002  0.520428519334395E+000  0.277000505994424E-001  0.111907867901723E+001  0.100050033358353E-002 -0.126629882220582E+002
  0.100000000000000E+001  0.253136988894321E+002  0.621259964084454E+000  0.133427699266851E+000  0.102694664593934E+001  0.100050033358353E-002 -0.126568494447160E+002
  0.100000000000000E+001  0.253059071065768E+002  0.742129808607861E+000  0.154033330493531E+000  0.878398874989258E+000  0.100050033358353E-002 -0.126529535532884E+002
  0.100000000000000E+001  0.252937588570765E+002  0.539544978162065E+000  0.110855821204580E+000  0.110341972015834E+001  0.100050033358353E-002 -0.126468794285383E+002
  0.100000000000000E+001  0.252908615340610E+002  0.482283113617862E+000  0.866756347777831E-001  0.114805498727389E+001  0.100050033358353E-002 -0.126454307670305E+002
  0.100000000000000E+001  0.252881081274169E+002  0.586014268661439E+000  0.103901179054260E-001  0.106193314243871E+001  0.100050033358353E-002 -0.126440540637084E+002
  0.100000000000000E+001  0.252798000304698E+002  0.555464985817559E+000  0.115024343316774E+000  0.108976799848682E+001  0.100050033358353E-002 -0.126399000152349E+002
  0.100000000000000E+001  0.252762966106197E+002  0.476480986853035E+000  0.774977343539907E-001  0.115220857382717E+001  0.100050033358353E-002 -0.126381483053098E+002
  0.100000000000000E+001  0.252673298881686E+002  0.736671578441857E+000  0.152269540433913E+000  0.886254921881222E+000  0.100050033358353E-002 -0.126336649440843E+002
  0.100000000000000E+001  0.252657663431958E+002  0.517489843891228E+000  0.330191860527922E-001  0.112141683041695E+001  0.100050033358353E-002 -0.126328831715979E+002
  0.100000000000000E+001  0.252594001905118E+002  0.716433961162593E+000  0.149250877570574E+000  0.914306066551846E+000  0.100050033358353E-002 -0.126297000952559E+002
  0.100000000000000E+001  0.252503279652014E+002  0.477283005322096E+000  0.681194053860705E-001  0.115163831296474E+001  0.100050033358353E-002 -0.126251639826007E+002
  0.100000000000000E+001  0.252376428358577E+002  0.481481773459324E+000  0.733705049637693E-001  0.114863253514005E+001  0.100050033358353E-002 -0.126188214179289E+002
  0.100000000000000E+001  0.252265523111385E+002  0.498670253190686E+000  0.877997485034596E-001  0.113596702440769E+001  0.100050033358353E-002 -0.126132761555692E+002
  0.100000000000000E+001  0.252225618024642E+002  0.954831690871762E+000  0.124391477823800E+000  0.389423849703303E+000  0.100050033358353E-002 -0.126112809012321E+002
  0.100000000000000E+001  0.252194174549264E+002  0.627479102233843E+000  0.131032059889737E+000  0.102043177722807E+001  0.100050033358353E-002 -0.126097087274632E+002
  0.100000000000000E+001  0.252142708395312E+002  0.692082301908031E+000  0.143859376342904E+000  0.945973588122349E+000  0.100050033358353E-002 -0.126071354197656E+002
  0.100000000000000E+001  0.252131268494081E+002  0.884341759290935E+000  0.153643362440777E+000  0.611813521567789E+000  0.100050033358353E-002 -0.126065634247040E+002
  0.100000000000000E+001  0.252121109432408E+002  0.503673375869233E+000  0.891703508218868E-001  0.113216958839505E+001  0.100050033358353E-002 -0.126060554716204E+002
  0.100000000000000E+001  0.252119400938014E+002  0.985707139143036E+000  0.679007693690423E-001  0.220784268372614E+000  0.100050033358353E-002 -0.126059700469007E+002
  0.100000000000000E+001  0.252056392206029E+002  0.664458998358369E+000  0.138506872312265E+000  0.979400435282898E+000  0.100050033358353E-002 -0.126028196103014E+002
  0.100000000000000E+001  0.252029382137992E+002  0.491144994239998E+000  0.564016168552328E-001  0.114158408804011E+001  0.100050033358353E-002 -0.126014691068996E+002
  0.100000000000000E+001  0.251941963013841E+002  0.496412458177573E+000  0.810847009463361E-001  0.113766419521790E+001  0.100050033358353E-002 -0.125970981506921E+002
  0.100000000000000E+001  0.251900883321209E+002  0.851739439489168E+000  0.156273824841147E+000  0.686678896885705E+000  0.100050033358353E-002 -0.125950441660605E+002
  0.100000000000000E+001  0.251855511604939E+002  0.640462289123982E+000  0.132727101832604E+000  0.100648265238831E+001  0.100050033358353E-002 -0.125927755802469E+002
  0.100000000000000E+001  0.251732774076371E+002  0.952687613650058E+000  0.124724481035785E+000  0.398340767881708E+000  0.100050033358353E-002 -0.125866387038185E+002
  0.100000000000000E+001  0.251680116153692E+002  0.509694441533872E+000  0.464041736369351E-001  0.112753200998035E+001  0.100050033358353E-002 -0.125840058076846E+002
  0.100000000000000E+001  0.251616373910762E+002  0.750529155577541E+000  0.150874845422606E+000  0.866055085955949E+000  0.100050033358353E-002 -0.125808186955381E+002
  0.100000000000000E+001  0.251455077052730E+002  0.558972975850011E+000  0.261292755906199E-001  0.108668291259966E+001  0.100050033358353E-002 -0.125727538526365E+002
  0.100000000000000E+001  0.251334039322258E+002  0.501491691878685E+000  0.704533322172062E-001  0.113383174124667E+001  0.100050033358353E-002 -0.125667019661129E+002
  0.100000000000000E+001  0.251289885974639E+002  0.977986271823103E+000  0.879557496445815E-001  0.273469804394760E+000  0.100050033358353E-002 -0.125644942987319E+002
  0.100000000000000E+001  0.251213989093148E+002  0.725608485650711E+000  0.146158200144344E+000  0.901794154458886E+000  0.100050033358353E-002 -0.125606994546574E+002
  0.100000000000000E+001  0.251136946713154E+002  0.699548399001795E+000  0.141685218980981E+000  0.936493944133451E+000  0.100050033358353E-002 -0.125568473356577E+002
  0.100000000000000E+001  0.250860934447228E+002  0.528141623371077E+000  0.893317313206020E-001  0.111285499867263E+001  0.100050033358353E-002 -0.125430467223614E+002
  0.100000000000000E+001  0.250840213092830E+002  0.513353219566323E+000  0.582013296152519E-001  0.112467754301797E+001  0.100050033358353E-002 -0.125420106546415E+002
  0.100000000000000E+001  0.250774764538521E+002  0.735110085576608E+000  0.146191119587866E+000  0.888479010187674E+000  0.100050033358353E-002 -0.125387382269260E+002
  0.100000000000000E+001  0.250601960777963E+002  0.516104369909894E+000  0.716834168887392E-001  0.112251290744811E+001  0.100050033358353E-002 -0.125300980388981E+002
  0.100000000000000E+001  0.250584296798605E+002  0.967314223895902E+000  0.104557672339717E+000  0.332328211581600E+000  0.100050033358353E-002 -0.125292148399303E+002
  0.100000000000000E+001  0.250529832023300E+002  0.597309758510633E+000  0.115365557293936E+000  0.105106861649533E+001  0.100050033358353E-002 -0.125264916011650E+002
  0.100000000000000E+001  0.250503491022011E+002  0.608545412224069E+000  0.118658793225446E+000  0.103994004162618E+001  0.100050033358353E-002 -0.125251745511005E+002
  0.100000000000000E+001  0.250462353813655E+002  0.634726194654935E+000  0.855272425600251E-002  0.101270445173066E+001  0.100050033358353E-002 -0.125231176906827E+002
  0.100000000000000E+001  0.250422445093726E+002  0.564898973275499E+000  0.103435822508466E+000  0.108140693550164E+001  0.100050033358353E-002 -0.125211222546863E+002
  0.100000000000000E+001  0.250410385282220E+002  0.641606423634102E+000  0.694790128390013E-002  0.100523030659580E+001  0.100050033358353E-002 -0.125205192641110E+002
  0.100000000000000E+001  0.250372205532620E+002  0.562976346130171E+000  0.102270748524111E+000  0.108312758944129E+001  0.100050033358353E-002 -0.125186102766310E+002
  0.100000000000000E+001  0.250313639955969E+002  0.659588290305594E+000  0.279720690054564E-002  0.985038874028354E+000  0.100050033358353E-002 -0.125156819977985E+002
  0.100000000000000E+001  0.250270119550466E+002  0.528304760645144E+000  0.536367628535712E-001  0.111272199613535E+001  0.100050033358353E-002 -0.125135059775233E+002
  0.100000000000000E+001  0.250217676585928E+002  0.625320978253243E+000  0.122250843890566E-001  0.102270458495628E+001  0.100050033358353E-002 -0.125108838292964E+002
  0.100000000000000E+001  0.250150153721824E+002  0.526976307725050E+000  0.579136712237333E-001  0.111380340157229E+001  0.100050033358353E-002 -0.125075076860912E+002
  0.100000000000000E+001  0.249973575629553E+002  0.968173909277449E+000  0.100756959381449E+000  0.328000365071878E+000  0.100050033358353E-002 -0.124986787814777E+002
  0.100000000000000E+001  0.249948291861952E+002  0.591992913713107E+000  0.110337582347230E+000  0.105622237133201E+001  0.100050033358353E-002 -0.124974145930976E+002
  0.100000000000000E+001  0.249935245910327E+002  0.614131748267968E+000  0.117331940222136E+000  0.103428435933260E+001  0.100050033358353E-002 -0.124967622955163E+002
  0.100000000000000E+001  0.249888710839497E+002  0.943123496648817E+000  0.126232795124316E+000  0.435679965791066E+000  0.100050033358353E-002 -0.124944355419749E+002
  0.100000000000000E+001  0.249882904624520E+002  0.716257530823637E+000  0.140384305612104E+000  0.914543449689523E+000  0.100050033358353E-002 -0.124941452312260E+002
  0.100000000000000E+001  0.249813100523293E+002  0.742928373882944E+000  0.144264675627628E+000  0.877238706918964E+000  0.100050033358353E-002 -0.124906550261646E+002
  0.100000000000000E+001  0.249762229134138E+002  0.584018779071420E+000  0.106276994308327E+000  0.106381955527790E+001  0.100050033358353E-002 -0.124881114567069E+002
  0.100000000000000E+001  0.249721553203005E+002  0.623650694892218E+000  0.118946448488284E+000  0.102445480628823E+001  0.100050033358353E-002 -0.124860776601503E+002
  0.100000000000000E+001  0.249604974126890E+002  0.615088255384227E+000  0.115917066193003E+000  0.103330767355877E+001  0.100050033358353E-002 -0.124802487063445E+002
  0.100000000000000E+001  0.249493394693001E+002  0.978465559877776E+000  0.860474816759638E-002  0.270509164801448E+000  0.100050033358353E-002 -0.124746697346500E+002
  0.100000000000000E+001  0.249369158613369E+002  0.563042280054222E+000  0.937018955975616E-001  0.108306872424820E+001  0.100050033358353E-002 -0.124684579306685E+002
  0.100000000000000E+001  0.249362956590483E+002  0.979117048661447E+000  0.114399401636336E-001  0.266429691500788E+000  0.100050033358353E-002 -0.124681478295241E+002
  0.100000000000000E+001  0.249281740318069E+002  0.982123598828450E+000  0.572326402653741E-001  0.246692732753173E+000  0.100050033358353E-002 -0.124640870159035E+002
  0.100000000000000E+001  0.248951496579747E+002  0.587728019344808E+000  0.101979964145189E+000  0.106030524096961E+001  0.100050033358353E-002 -0.124475748289873E+002
  0.100000000000000E+001  0.248766951965520E+002  0.573046442943105E+000  0.932591879134089E-001  0.107401917290046E+001  0.100050033358353E-002 -0.124383475982760E+002
  0.100000000000000E+001  0.248725190492597E+002  0.556411516748967E+000  0.801018902190170E-001  0.108893834918568E+001  0.100050033358353E-002 -0.124362595246298E+002
  0.100000000000000E+001  0.248535318991627E+002  0.976996187194809E+000  0.735902646979536E-001  0.279481954655864E+000  0.100050033358353E-002 -0.124267659495813E+002
  0.100000000000000E+001  0.248336431844540E+002  0.570442730592119E+000  0.865115318129344E-001  0.107639713212490E+001  0.100050033358353E-002 -0.124168215922270E+002
  0.100000000000000E+001  0.248242573575835E+002  0.609354263897156E+000  0.285026381292886E-001  0.103912624861908E+001  0.100050033358353E-002 -0.124121286787918E+002
  0.100000000000000E+001  0.248212387881684E+002  0.569141599019117E+000  0.836936559770543E-001  0.107757943459591E+001  0.100050033358353E-002 -0.124106193940842E+002
  0.100000000000000E+001  0.248112566329592E+002  0.646690795503961E+000  0.117504285650042E+000  0.999618876513269E+000  0.100050033358353E-002 -0.124056283164796E+002
  0.100000000000000E+001  0.248073731035211E+002  0.668215961766927E+000  0.101821699760193E-001  0.975000468116952E+000  0.100050033358353E-002 -0.124036865517605E+002
  0.100000000000000E+001  0.248066942867501E+002  0.562676294448388E+000  0.663320184411970E-001  0.108339534534564E+001  0.100050033358353E-002 -0.124033471433751E+002
  0.100000000000000E+001  0.247939137843468E+002  0.697056037950764E+000  0.306179616781341E-002  0.939680437795242E+000  0.100050033358353E-002 -0.123969568921734E+002
  0.100000000000000E+001  0.247906497762237E+002  0.609980496293990E+000  0.103627230556367E+000  0.103849500937236E+001  0.100050033358353E-002 -0.123953248881119E+002
  0.100000000000000E+001  0.247790460340416E+002  0.634831981147272E+000  0.219949419778973E-001  0.101259055889178E+001  0.100050033358353E-002 -0.123895230170208E+002
  0.100000000000000E+001  0.247548962489587E+002  0.974454367278723E+000  0.741717878220444E-001  0.294328844951291E+000  0.100050033358353E-002 -0.123774481244794E+002
  0.100000000000000E+001  0.247474346139269E+002  0.634306967217391E+000  0.240713319529936E-001  0.101315549181485E+001  0.100050033358353E-002 -0.123737173069635E+002
  0.100000000000000E+001  0.247389093313780E+002  0.608316725045961E+000  0.354239371658305E-001  0.104016981452816E+001  0.100050033358353E-002 -0.123694546656890E+002
  0.100000000000000E+001  0.247317719913978E+002  0.677080166898766E+000  0.121950442148155E+000  0.964440001110926E+000  0.100050033358353E-002 -0.123658859956989E+002
  0.100000000000000E+001  0.247304808989476E+002  0.576649603187924E+000  0.639579707708143E-001  0.107070177390456E+001  0.100050033358353E-002 -0.123652404494738E+002
  0.100000000000000E+001  0.247303059294043E+002  0.603922335710088E+000  0.382545424509432E-001  0.104455854811420E+001  0.100050033358353E-002 -0.123651529647021E+002
  0.100000000000000E+001  0.247215401651712E+002  0.579932521326973E+000  0.590507571202187E-001  0.106765206177724E+001  0.100050033358353E-002 -0.123607700825856E+002
  0.100000000000000E+001  0.247052231730064E+002  0.662964505283322E+000  0.116770948453051E+000  0.981138355590126E+000  0.100050033358353E-002 -0.123526115865032E+002
  0.100000000000000E+001  0.247044162421382E+002  0.756245640642439E+000  0.136847943230668E+000  0.857471647776753E+000  0.100050033358353E-002 -0.123522081210691E+002
  0.100000000000000E+001  0.247008598060731E+002  0.971190687821432E+000  0.836760308947285E-002  0.312306992358815E+000  0.100050033358353E-002 -0.123504299030366E+002
  0.100000000000000E+001  0.246981507123530E+002  0.974436763950207E+000  0.168378615261564E-001  0.294428925023243E+000  0.100050033358353E-002 -0.123490753561765E+002
  0.100000000000000E+001  0.246978801497067E+002  0.586147557840304E+000  0.783737562760651E-001  0.106180679017694E+001  0.100050033358353E-002 -0.123489400748533E+002
  0.100000000000000E+001  0.246947111833053E+002  0.631632622250634E+000  0.283753299590441E-001  0.101602107129185E+001  0.100050033358353E-002 -0.123473555916526E+002
  0.100000000000000E+001  0.246935259348884E+002  0.974367479336061E+000  0.693372259264551E-001  0.294822480788946E+000  0.100050033358353E-002 -0.123467629674442E+002
  0.100000000000000E+001  0.246907918982792E+002  0.650030838916274E+000  0.217933120688360E-001  0.995891125931835E+000  0.100050033358353E-002 -0.123453959491396E+002
  0.100000000000000E+001  0.246885027490576E+002  0.829286995728748E+000  0.142666718988407E+000  0.732360933955217E+000  0.100050033358353E-002 -0.123442513745288E+002
  0.100000000000000E+001  0.246675449533742E+002  0.973044312152053E+000  0.716769883241378E-001  0.302234872346500E+000  0.100050033358353E-002 -0.123337724766871E+002
  0.100000000000000E+001  0.246675216020172E+002  0.598039726196208E+000  0.851853797533234E-001  0.105035545691951E+001  0.100050033358353E-002 -0.123337608010086E+002
  0.100000000000000E+001  0.246469394165846E+002  0.643887491435634E+000  0.267099980172634E-001  0.100272213824247E+001  0.100050033358353E-002 -0.123234697082923E+002
  0.100000000000000E+001  0.246424410465115E+002  0.591998436469084E+000  0.706589821376350E-001  0.105621705487867E+001  0.100050033358353E-002 -0.123212205232558E+002
  0.100000000000000E+001  0.246162922327645E+002  0.902485675975402E+000  0.133080485186462E+000  0.564476477201726E+000  0.100050033358353E-002 -0.123081461163822E+002
  0.100000000000000E+001  0.246155891341680E+002  0.971352349215274E+000  0.150509235874164E-001  0.311442285707170E+000  0.100050033358353E-002 -0.123077945670840E+002
  0.100000000000000E+001  0.246052290618370E+002  0.938973929837777E+000  0.116189344617933E+000  0.450811130942088E+000  0.100050033358353E-002 -0.123026145309185E+002
  0.100000000000000E+001  0.246052032723384E+002  0.812112477636707E+000  0.139439427224841E+000  0.764702462727751E+000  0.100050033358353E-002 -0.123026016361692E+002
  0.100000000000000E+001  0.245842547402521E+002  0.648112269631995E+000  0.292337654899036E-001  0.998036448332259E+000  0.100050033358353E-002 -0.122921273701261E+002
  0.100000000000000E+001  0.245837231819768E+002  0.637833897161044E+000  0.100124850409121E+000  0.100934531420375E+001  0.100050033358353E-002 -0.122918615909884E+002
  0.100000000000000E+001  0.245684063637976E+002  0.739534182960450E+000  0.153313222091100E-002  0.882150724462048E+000  0.100050033358353E-002 -0.122842031818988E+002
  0.100000000000000E+001  0.245669885839597E+002  0.611340247689120E+000  0.527806684959661E-001  0.103712082767994E+001  0.100050033358353E-002 -0.122834942919799E+002
  0.100000000000000E+001  0.245512627374241E+002  0.964408196729958E+000  0.848875371689104E-001  0.346530774008374E+000  0.100050033358353E-002 -0.122756313687121E+002
  0.100000000000000E+001  0.245417327372849E+002  0.632397746201457E+000  0.403712740346714E-001  0.101520329730007E+001  0.100050033358353E-002 -0.122708663686425E+002
  0.100000000000000E+001  0.245417056001339E+002  0.712648060724262E+000  0.977532244470652E-002  0.919373694705363E+000  0.100050033358353E-002 -0.122708528000669E+002
  0.100000000000000E+001  0.245400405378311E+002  0.724005789445478E+000  0.124607808338457E+000  0.904003870047776E+000  0.100050033358353E-002 -0.122700202689155E+002
  0.100000000000000E+001  0.245259804883606E+002  0.863511175924120E+000  0.136692019155294E+000  0.660945257273119E+000  0.100050033358353E-002 -0.122629902441803E+002
  0.100000000000000E+001  0.245248196755063E+002  0.801284894426631E+000  0.135917714651488E+000  0.784074966391190E+000  0.100050033358353E-002 -0.122624098377531E+002
  0.100000000000000E+001  0.245192713551750E+002  0.753810969195530E+000  0.277637466185865E-004  0.861145792541461E+000  0.100050033358353E-002 -0.122596356775875E+002
  0.100000000000000E+001  0.245185241537748E+002  0.638541343908552E+000  0.390821064308093E-001  0.100857676864031E+001  0.100050033358353E-002 -0.122592620768874E+002
  0.100000000000000E+001  0.245169664283089E+002  0.837751232080376E+000  0.137352546013983E+000  0.715624183917928E+000  0.100050033358353E-002 -0.122584832141544E+002
  0.100000000000000E+001  0.245107899543614E+002  0.635048893390764E+000  0.417816601779963E-001  0.101235692536145E+001  0.100050033358353E-002 -0.122553949771807E+002
  0.100000000000000E+001  0.245105352323274E+002  0.621833548725043E+000  0.520031595632314E-001  0.102635022696024E+001  0.100050033358353E-002 -0.122552676161637E+002
  0.100000000000000E+001  0.244792668551793E+002  0.622661695320589E+000  0.763534832924710E-001  0.102548752788463E+001  0.100050033358353E-002 -0.122396334275897E+002
  0.100000000000000E+001  0.244775280632088E+002  0.632499462407243E+000  0.865228373327475E-001  0.101509445754922E+001  0.100050033358353E-002 -0.122387640316044E+002
  0.100000000000000E+001  0.244714709676762E+002  0.716810782348966E+000  0.118447098045003E-001  0.913798659514577E+000  0.100050033358353E-002 -0.122357354838381E+002
  0.100000000000000E+001  0.244708965117986E+002  0.624146833960339E+000  0.576336666367204E-001  0.102393572344367E+001  0.100050033358353E-002 -0.122354482558993E+002
  0.100000000000000E+001  0.244701539724847E+002  0.637039834483037E+000  0.449557300772052E-001  0.101020624629949E+001  0.100050033358353E-002 -0.122350769862423E+002
  0.100000000000000E+001  0.244677593137885E+002  0.704692582627480E+000  0.157228385911088E-001  0.929846278338184E+000  0.100050033358353E-002 -0.122338796568942E+002
  0.100000000000000E+001  0.244659130693144E+002  0.719432871902026E+000  0.113093750740348E-001  0.910252645228290E+000  0.100050033358353E-002 -0.122329565346572E+002
  0.100000000000000E+001  0.244656195926567E+002  0.912633698135469E+000  0.124905128598761E+000  0.535721186104676E+000  0.100050033358353E-002 -0.122328097963283E+002
  0.100000000000000E+001  0.244631252868331E+002  0.817881381041070E+000  0.134996338993686E+000  0.754068655258627E+000  0.100050033358353E-002 -0.122315626434165E+002
  0.100000000000000E+001  0.244450153017482E+002  0.962423062044708E+000  0.820576477754307E-001  0.355883585198552E+000  0.100050033358353E-002 -0.122225076508741E+002
  0.100000000000000E+001  0.244426623992092E+002  0.969260169086948E+000  0.259364536888976E-001  0.322443204977713E+000  0.100050033358353E-002 -0.122213311996046E+002
  0.100000000000000E+001  0.244364531331707E+002  0.955864264708574E+000  0.924430138129797E-001  0.385048541527676E+000  0.100050033358353E-002 -0.122182265665853E+002
  0.100000000000000E+001  0.244344173584819E+002  0.725705828655963E+000  0.122483496513302E+000  0.901659610840532E+000  0.100050033358353E-002 -0.122172086792409E+002
  0.100000000000000E+001  0.244297380382907E+002  0.718818576194788E+000  0.118326204894631E+000  0.911085795871410E+000  0.100050033358353E-002 -0.122148690191454E+002
  0.100000000000000E+001  0.244282077919412E+002  0.962601530461686E+000  0.109434753306224E-001  0.355053603897421E+000  0.100050033358353E-002 -0.122141038959706E+002
  0.100000000000000E+001  0.244259845320230E+002  0.652569090263708E+000  0.398496766034755E-001  0.993035977460579E+000  0.100050033358353E-002 -0.122129922660115E+002
  0.100000000000000E+001  0.244038536567839E+002  0.956663024654475E+000  0.894908354428301E-001  0.381626268830119E+000  0.100050033358353E-002 -0.122019268283920E+002
  0.100000000000000E+001  0.243925435757078E+002  0.656722631031680E+000  0.406423166072584E-001  0.988321931048753E+000  0.100050033358353E-002 -0.121962717878539E+002
  0.100000000000000E+001  0.243809035777251E+002  0.948641560082259E+000  0.985273659215782E-001  0.414593830928667E+000  0.100050033358353E-002 -0.121904517888625E+002
  0.100000000000000E+001  0.243701856767237E+002  0.689553522728666E+000  0.106110685177894E+000  0.949140027139394E+000  0.100050033358353E-002 -0.121850928383618E+002
  0.100000000000000E+001  0.243700728441486E+002  0.693344436486545E+000  0.107450596031769E+000  0.944384869621433E+000  0.100050033358353E-002 -0.121850364220743E+002
  0.100000000000000E+001  0.243354599021025E+002  0.664284003489014E+000  0.917053586561615E-001  0.979604295606224E+000  0.100050033358353E-002 -0.121677299510512E+002
  0.100000000000000E+001  0.243319212149865E+002  0.768353291402481E+000  0.412935394562208E-002  0.838780891551967E+000  0.100050033358353E-002 -0.121659606074932E+002
  0.100000000000000E+001  0.243318336863899E+002  0.662943864378913E+000  0.905116517671513E-001  0.981162309619123E+000  0.100050033358353E-002 -0.121659168431950E+002
  0.100000000000000E+001  0.243268997571108E+002  0.961525981857958E+000  0.165131148786731E-001  0.360024245521629E+000  0.100050033358353E-002 -0.121634498785554E+002
  0.100000000000000E+001  0.243262086373188E+002  0.818992916019673E+000  0.130229863236544E+000  0.751993754250522E+000  0.100050033358353E-002 -0.121631043186594E+002
  0.100000000000000E+001  0.243213676145667E+002  0.677143151486014E+000  0.357135493018094E-001  0.964364049261508E+000  0.100050033358353E-002 -0.121606838072833E+002
  0.100000000000000E+001  0.243084180445637E+002  0.650960224586753E+000  0.753820125064633E-001  0.994847949343381E+000  0.100050033358353E-002 -0.121542090222819E+002
  0.100000000000000E+001  0.243038370840955E+002  0.836311552273785E+000  0.130126733390846E+000  0.718510537899178E+000  0.100050033358353E-002 -0.121519185420477E+002
  0.100000000000000E+001  0.243025010015945E+002  0.887665228626358E+000  0.126087262731852E+000  0.603490634331465E+000  0.100050033358353E-002 -0.121512505007972E+002
  0.100000000000000E+001  0.242963588125169E+002  0.777198058176608E+000  0.346086534042040E-002  0.824666484262761E+000  0.100050033358353E-002 -0.121481794062585E+002
  0.100000000000000E+001  0.242861211886067E+002  0.686679054035619E+000  0.339284323482441E-001  0.952712545387325E+000  0.100050033358353E-002 -0.121430605943034E+002
  0.100000000000000E+001  0.242850086829125E+002  0.777105873540598E+000  0.396067991540650E-002  0.824815677368588E+000  0.100050033358353E-002 -0.121425043414562E+002
  0.100000000000000E+001  0.242786119952142E+002  0.965059430395810E+000  0.322892464819210E-001  0.343402757947308E+000  0.100050033358353E-002 -0.121393059976071E+002
  0.100000000000000E+001  0.242766468950895E+002  0.703044048891184E+000  0.272999766993012E-001  0.931987099191997E+000  0.100050033358353E-002 -0.121383234475448E+002
  0.100000000000000E+001  0.242762143109872E+002  0.706005752168730E+000  0.261494093983404E-001  0.928133836696043E+000  0.100050033358353E-002 -0.121381071554936E+002
  0.100000000000000E+001  0.242708455525178E+002  0.812336835442677E+000  0.127706917395560E+000  0.764293067269143E+000  0.100050033358353E-002 -0.121354227762589E+002
  0.100000000000000E+001  0.242668686394867E+002  0.957150596686080E+000  0.136461606663552E-001  0.379520688579813E+000  0.100050033358353E-002 -0.121334343197433E+002
  0.100000000000000E+001  0.242664121853499E+002  0.675886022641632E+000  0.916069524488854E-001  0.965877530957205E+000  0.100050033358353E-002 -0.121332060926750E+002
  0.100000000000000E+001  0.242594778778143E+002  0.952111812589563E+000  0.779260782796909E-002  0.400698288997543E+000  0.100050033358353E-002 -0.121297389389072E+002
  0.100000000000000E+001  0.242382758302570E+002  0.699985554334825E+000  0.312932919450740E-001  0.935932745914136E+000  0.100050033358353E-002 -0.121191379151285E+002
  0.100000000000000E+001  0.242361023520205E+002  0.764260169172570E+000  0.119507498083532E+000  0.845179086538456E+000  0.100050033358353E-002 -0.121180511760103E+002
  0.100000000000000E+001  0.242353864507028E+002  0.956189331091664E+000  0.145273718407621E-001  0.383659828857368E+000  0.100050033358353E-002 -0.121176932253514E+002
  0.100000000000000E+001  0.242189501383281E+002  0.761269194441349E+000  0.118065650614075E+000  0.849802579468030E+000  0.100050033358353E-002 -0.121094750691640E+002
  0.100000000000000E+001  0.242179923014356E+002  0.764914298906618E+000  0.100631948561926E-001  0.844162122864566E+000  0.100050033358353E-002 -0.121089961507178E+002
  0.100000000000000E+001  0.242121827484701E+002  0.676663964603307E+000  0.857119943105706E-001  0.964941563336755E+000  0.100050033358353E-002 -0.121060913742351E+002
  0.100000000000000E+001  0.241890776565508E+002  0.938354433488935E+000  0.992351743486060E-001  0.453021134836885E+000  0.100050033358353E-002 -0.120945388282754E+002
  0.100000000000000E+001  0.241881851290472E+002  0.669790116094484E+000  0.606539011686666E-001  0.973143577953184E+000  0.100050033358353E-002 -0.120940925645236E+002
  0.100000000000000E+001  0.241851112136844E+002  0.671597380780722E+000  0.578047019622442E-001  0.971001924790516E+000  0.100050033358353E-002 -0.120925556068422E+002
  0.100000000000000E+001  0.241787090285317E+002  0.792592106677381E+000  0.481391076032622E-002  0.799105875244912E+000  0.100050033358353E-002 -0.120893545142659E+002
  0.100000000000000E+001  0.241783811059207E+002  0.685192914878506E+000  0.878523667504112E-001  0.954548512111228E+000  0.100050033358353E-002 -0.120891905529603E+002
  0.100000000000000E+001  0.241781034672240E+002  0.721585823498339E+000  0.262834061682573E-001  0.907320984188341E+000  0.100050033358353E-002 -0.120890517336120E+002
  0.100000000000000E+001  0.241673843711537E+002  0.678383040219470E+000  0.802201699376752E-001  0.962866231749786E+000  0.100050033358353E-002 -0.120836921855768E+002
  0.100000000000000E+001  0.241639408102771E+002  0.684916534318529E+000  0.471295548873294E-001  0.954889123498342E+000  0.100050033358353E-002 -0.120819704051385E+002
  0.100000000000000E+001  0.241572620253449E+002  0.825148118386352E+000  0.124133986102481E+000  0.740346719418342E+000  0.100050033358353E-002 -0.120786310126724E+002
  0.100000000000000E+001  0.241515243701367E+002  0.688174664357975E+000  0.865929358405064E-001  0.950857271534709E+000  0.100050033358353E-002 -0.120757621850684E+002
  0.100000000000000E+001  0.241492663699430E+002  0.680446671485899E+000  0.540422108372958E-001  0.960362036500174E+000  0.100050033358353E-002 -0.120746331849715E+002
  0.100000000000000E+001  0.241461650742730E+002  0.714419512263042E+000  0.100153282689468E+000  0.917009341098927E+000  0.100050033358353E-002 -0.120730825371365E+002
  0.100000000000000E+001  0.241395374622828E+002  0.833508522929121E+000  0.123805055915665E+000  0.724083103582095E+000  0.100050033358353E-002 -0.120697687311414E+002
  0.100000000000000E+001  0.241346432602064E+002  0.693055456586130E+000  0.445496346689309E-001  0.944749116031027E+000  0.100050033358353E-002 -0.120673216301032E+002
  0.100000000000000E+001  0.241232133497653E+002  0.958305017815038E+000  0.299784644216067E-001  0.374483776976526E+000  0.100050033358353E-002 -0.120616066748826E+002
  0.100000000000000E+001  0.241153894194640E+002  0.811174034766599E+000  0.338142851489009E-002  0.766411287180589E+000  0.100050033358353E-002 -0.120576947097320E+002
  0.100000000000000E+001  0.241090287779050E+002  0.696681937807957E+000  0.874114993488380E-001  0.940156814639672E+000  0.100050033358353E-002 -0.120545143889525E+002
  0.100000000000000E+001  0.241021194901961E+002  0.852385655152448E+000  0.122460382590654E+000  0.685300312645510E+000  0.100050033358353E-002 -0.120510597450981E+002
  0.100000000000000E+001  0.240977266751912E+002  0.732802036831530E+000  0.103701658419104E+000  0.891747684214737E+000  0.100050033358353E-002 -0.120488633375956E+002
  0.100000000000000E+001  0.240915855698354E+002  0.708070437297786E+000  0.394725307241639E-001  0.925428499956238E+000  0.100050033358353E-002 -0.120457927849177E+002
  0.100000000000000E+001  0.240903267561342E+002  0.737934117006662E+000  0.104958835535243E+000  0.884449093497387E+000  0.100050033358353E-002 -0.120451633780671E+002
  0.100000000000000E+001  0.240892902259524E+002  0.699808267711698E+000  0.872970242464636E-001  0.936160420455131E+000  0.100050033358353E-002 -0.120446451129762E+002
  0.100000000000000E+001  0.240884849308200E+002  0.930127282947914E+000  0.100813394181629E+000  0.481279910977858E+000  0.100050033358353E-002 -0.120442424654100E+002
  0.100000000000000E+001  0.240878445860113E+002  0.686640292750338E+000  0.609789351617130E-001  0.952760526330341E+000  0.100050033358353E-002 -0.120439222930056E+002
  0.100000000000000E+001  0.240825373689337E+002  0.702153884761406E+000  0.880274888526097E-001  0.933138963414176E+000  0.100050033358353E-002 -0.120412686844669E+002
  0.100000000000000E+001  0.240819747012871E+002  0.687120476619219E+000  0.618622689664759E-001  0.952165765460596E+000  0.100050033358353E-002 -0.120409873506436E+002
  0.100000000000000E+001  0.240624183745063E+002  0.712041894787405E+000  0.399655937321375E-001  0.920180003334821E+000  0.100050033358353E-002 -0.120312091872532E+002
  0.100000000000000E+001  0.240570256530039E+002  0.781421286528039E+000  0.132583346880395E-001  0.817783220136625E+000  0.100050033358353E-002 -0.120285128265019E+002
  0.100000000000000E+001  0.240525879859452E+002  0.706121181410189E+000  0.871606310100190E-001  0.927983007243881E+000  0.100050033358353E-002 -0.120262939929726E+002
  0.100000000000000E+001  0.240424831497519E+002  0.722819966894157E+000  0.955396965324445E-001  0.905632215614992E+000  0.100050033358353E-002 -0.120212415748760E+002
  0.100000000000000E+001  0.240412553548706E+002  0.706799562443287E+000  0.459018384764329E-001  0.927095583443146E+000  0.100050033358353E-002 -0.120206276774353E+002
  0.100000000000000E+001  0.240351807730165E+002  0.696975151464000E+000  0.573468724273217E-001  0.939783480288385E+000  0.100050033358353E-002 -0.120175903865082E+002
  0.100000000000000E+001  0.240315726643259E+002  0.764163197087659E+000  0.109057121698667E+000  0.845329669163761E+000  0.100050033358353E-002 -0.120157863321630E+002
  0.100000000000000E+001  0.240239316912196E+002  0.949384832215979E+000  0.752832479275880E-001  0.411661332427584E+000  0.100050033358353E-002 -0.120119658456098E+002
  0.100000000000000E+001  0.240174956685156E+002  0.701621764231094E+000  0.777045022548312E-001  0.933826147993047E+000  0.100050033358353E-002 -0.120087478342578E+002
  0.100000000000000E+001  0.240166432407185E+002  0.726040658026626E+000  0.363860801976710E-001  0.901196531779845E+000  0.100050033358353E-002 -0.120083216203592E+002
  0.100000000000000E+001  0.240028063184621E+002  0.732403285053847E+000  0.965316962316626E-001  0.892310147369958E+000  0.100050033358353E-002 -0.120014031592311E+002
  0.100000000000000E+001  0.240018806314957E+002  0.784249260525563E+000  0.153196205835590E-001  0.813120392235988E+000  0.100050033358353E-002 -0.120009403157478E+002
  0.100000000000000E+001  0.240015996128752E+002  0.849095118447078E+000  0.146980896282345E-002  0.692280684035860E+000  0.100050033358353E-002 -0.120007998064376E+002
  0.100000000000000E+001  0.239932102173217E+002  0.734001063476493E+000  0.964676604845687E-001  0.890052395907290E+000  0.100050033358353E-002 -0.119966051086608E+002
  0.100000000000000E+001  0.239926443748054E+002  0.813394827077815E+000  0.116075751100356E+000  0.762358012791737E+000  0.100050033358353E-002 -0.119963221874027E+002
  0.100000000000000E+001  0.239851226239358E+002  0.760124614700778E+000  0.105184098944696E+000  0.851560473085432E+000  0.100050033358353E-002 -0.119925613119679E+002
  0.100000000000000E+001  0.239808168610804E+002  0.726944998284396E+000  0.391897020940553E-001  0.899943541823402E+000  0.100050033358353E-002 -0.119904084305402E+002
  0.100000000000000E+001  0.239743721708791E+002  0.835755464865059E+000  0.472946791813011E-002  0.719620990489920E+000  0.100050033358353E-002 -0.119871860854396E+002
  0.100000000000000E+001  0.239707112292779E+002  0.864259930355071E+000  0.116458758733289E+000  0.659262252681151E+000  0.100050033358353E-002 -0.119853556146389E+002
  0.100000000000000E+001  0.239655280409339E+002  0.725160265234088E+000  0.894668747445578E-001  0.902413175301250E+000  0.100050033358353E-002 -0.119827640204670E+002
  0.100000000000000E+001  0.239593812154831E+002  0.760020175252668E+000  0.103510379955413E+000  0.851720563415393E+000  0.100050033358353E-002 -0.119796906077416E+002
  0.100000000000000E+001  0.239481874739735E+002  0.826027929755722E+000  0.115230251492811E+000  0.738659720623534E+000  0.100050033358353E-002 -0.119740937369867E+002
  0.100000000000000E+001  0.239248344707636E+002  0.947869907979078E+000  0.288141821772199E-001  0.417614109833782E+000  0.100050033358353E-002 -0.119624172353818E+002
  0.100000000000000E+001  0.239228454701667E+002  0.529323355898565E-001  0.107850095484402E+000  0.130870475282734E+001  0.100050033358353E-002 -0.119614227350834E+002
  0.100000000000000E+001  0.239196379931462E+002  0.946575581120738E+000  0.270165746352972E-001  0.422626263971620E+000  0.100050033358353E-002 -0.119598189965731E+002
  0.100000000000000E+001  0.239178994876484E+002  0.831602344642293E+000  0.805653850565469E-002  0.727837720448831E+000  0.100050033358353E-002 -0.119589497438242E+002
  0.100000000000000E+001  0.239174895629487E+002  0.802974554902605E+000  0.145677906972167E-001  0.781100473644883E+000  0.100050033358353E-002 -0.119587447814743E+002
  0.100000000000000E+001  0.239105057559427E+002  0.758353721217621E+000  0.995869940276420E-001  0.854267967543878E+000  0.100050033358353E-002 -0.119552528779714E+002
  0.100000000000000E+001  0.239023496705481E+002  0.735678101643815E+000  0.888429760593564E-001  0.887671156037762E+000  0.100050033358353E-002 -0.119511748352741E+002
  0.100000000000000E+001  0.239010011157192E+002  0.814201132600640E+000  0.111748783985394E+000  0.760878288362006E+000  0.100050033358353E-002 -0.119505005578596E+002
  0.100000000000000E+001  0.238821859440641E+002  0.795750941194917E+000  0.184469977880710E-001  0.793695699256500E+000  0.100050033358353E-002 -0.119410929720321E+002
  0.100000000000000E+001  0.238797757902828E+002  0.948346720818640E+000  0.372702240389495E-001  0.415750724774142E+000  0.100050033358353E-002 -0.119398878951414E+002
  0.100000000000000E+001  0.238771470945573E+002  0.726643290464854E+000  0.780106751947787E-001  0.900361934107152E+000  0.100050033358353E-002 -0.119385735472786E+002
  0.100000000000000E+001  0.238740051500612E+002  0.739758768168003E+000  0.881087369281701E-001  0.881827246971253E+000  0.100050033358353E-002 -0.119370025750306E+002
  0.100000000000000E+001  0.238639150236581E+002  0.742499965960860E+000  0.884947251208525E-001  0.877861450386819E+000  0.100050033358353E-002 -0.119319575118291E+002
  0.100000000000000E+001  0.238621950672152E+002  0.829256178798540E+000  0.112132051014593E-001  0.732420864069927E+000  0.100050033358353E-002 -0.119310975336076E+002
  0.100000000000000E+001  0.238610360073560E+002  0.872299857475501E+000  0.529403067495238E-002  0.640817460856144E+000  0.100050033358353E-002 -0.119305180036780E+002
  0.100000000000000E+001  0.238584788977035E+002  0.828060924679921E+000  0.111064161598146E+000  0.734739807059605E+000  0.100050033358353E-002 -0.119292394488518E+002
  0.100000000000000E+001  0.238539904458700E+002  0.941839147830301E+000  0.262405646573255E-001  0.440426001347467E+000  0.100050033358353E-002 -0.119269952229350E+002
  0.100000000000000E+001  0.238506857025848E+002  0.935121090203884E+000  0.821679804846177E-001  0.464362123515716E+000  0.100050033358353E-002 -0.119253428512924E+002
  0.100000000000000E+001  0.238447650037786E+002  0.930718087869178E+000  0.863445133987474E-001  0.479314214989179E+000  0.100050033358353E-002 -0.119223825018893E+002
  0.100000000000000E+001  0.238384824333879E+002  0.780160564804260E+000  0.262353731192948E-001  0.819847981060645E+000  0.100050033358353E-002 -0.119192412166939E+002
  0.100000000000000E+001  0.238340018613182E+002  0.833168505502900E+000  0.118454694742829E-001  0.724754895361064E+000  0.100050033358353E-002 -0.119170009306591E+002
  0.100000000000000E+001  0.238125553438498E+002  0.745866151660006E+000  0.454909787039479E-001  0.872946589832031E+000  0.100050033358353E-002 -0.119062776719249E+002
  0.100000000000000E+001  0.238124470831114E+002  0.815199104350355E+000  0.170369251427306E-001  0.759040787953576E+000  0.100050033358353E-002 -0.119062235415557E+002
  0.100000000000000E+001  0.238117046404569E+002  0.912531113306187E+000  0.970937263185349E-001  0.536021238219574E+000  0.100050033358353E-002 -0.119058523202285E+002
  0.100000000000000E+001  0.238093559661661E+002  0.944011496094211E+000  0.366649446301150E-001  0.432364262227614E+000  0.100050033358353E-002 -0.119046779830830E+002
  0.100000000000000E+001  0.238005235390577E+002  0.886515302599890E+000  0.785171914561889E-002  0.606386832082603E+000  0.100050033358353E-002 -0.119002617695288E+002
  0.100000000000000E+001  0.237975111779032E+002  0.865109841832889E+000  0.889842690956465E-002  0.657344876876049E+000  0.100050033358353E-002 -0.118987555889516E+002
  0.100000000000000E+001  0.237972939853859E+002  0.924573246750316E+000  0.884973461630981E-001  0.499322197138601E+000  0.100050033358353E-002 -0.118986469926929E+002
  0.100000000000000E+001  0.237915816424127E+002  0.766689652275742E+000  0.354665025078420E-001  0.841391415733760E+000  0.100050033358353E-002 -0.118957908212064E+002
  0.100000000000000E+001  0.237827925194269E+002  0.889571441384851E+000  0.103934734366203E+000  0.598650436755104E+000  0.100050033358353E-002 -0.118913962597135E+002
  0.100000000000000E+001  0.237746659340256E+002  0.760410444331211E+000  0.404555681929412E-001  0.851122071728744E+000  0.100050033358353E-002 -0.118873329670128E+002
  0.100000000000000E+001  0.237652560042984E+002  0.741108526332881E+000  0.625742717492958E-001  0.879878566625946E+000  0.100050033358353E-002 -0.118826280021492E+002
  0.100000000000000E+001  0.237598770713877E+002  0.798594768576867E+000  0.100926994502738E+000  0.788774714527900E+000  0.100050033358353E-002 -0.118799385356939E+002
  0.100000000000000E+001  0.237581149273131E+002  0.933414075430512E+000  0.252647305877464E-001  0.470223791441562E+000  0.100050033358353E-002 -0.118790574636566E+002
  0.100000000000000E+001  0.237577148220625E+002  0.758053697728143E+000  0.855616185085762E-001  0.854725195441120E+000  0.100050033358353E-002 -0.118788574110312E+002
  0.100000000000000E+001  0.237509804757014E+002  0.773356873053732E+000  0.356766480723130E-001  0.830845537588534E+000  0.100050033358353E-002 -0.118754902378507E+002
  0.100000000000000E+001  0.237486172947363E+002  0.940973214613306E+000  0.595996923038602E-001  0.443593609329528E+000  0.100050033358353E-002 -0.118743086473681E+002
  0.100000000000000E+001  0.237472695218829E+002  0.928052505432917E+000  0.216030486181122E-001  0.488110566795026E+000  0.100050033358353E-002 -0.118736347609414E+002
  0.100000000000000E+001  0.237472151971958E+002  0.746368637656472E+000  0.726309502891355E-001  0.872208636413305E+000  0.100050033358353E-002 -0.118736075985979E+002
  0.100000000000000E+001  0.237392261148427E+002  0.782446897878089E+000  0.326769676355099E-001  0.816097192909419E+000  0.100050033358353E-002 -0.118696130574214E+002
  0.100000000000000E+001  0.237375446662400E+002  0.910277072190802E+000  0.939054373224418E-001  0.542563836944890E+000  0.100050033358353E-002 -0.118687723331200E+002
  0.100000000000000E+001  0.237254550914838E+002  0.792454165708013E+000  0.296970780740169E-001  0.799340805500961E+000  0.100050033358353E-002 -0.118627275457419E+002
  0.100000000000000E+001  0.237240370206091E+002  0.770835889808472E+000  0.396855003482681E-001  0.834859518062578E+000  0.100050033358353E-002 -0.118620185103046E+002
  0.100000000000000E+001  0.237226216827935E+002  0.749331502292160E+000  0.600516739269553E-001  0.867834440483853E+000  0.100050033358353E-002 -0.118613108413967E+002
  0.100000000000000E+001  0.237154053984890E+002  0.901917037930395E+000  0.963655175015099E-001  0.566035297964637E+000  0.100050033358353E-002 -0.118577026992445E+002
  0.100000000000000E+001  0.237124836753078E+002  0.768610166895730E+000  0.423164920165399E-001  0.838376581758750E+000  0.100050033358353E-002 -0.118562418376539E+002
  0.100000000000000E+001  0.237124672563916E+002  0.754751055512638E+000  0.754705538561817E-001  0.859730379578619E+000  0.100050033358353E-002 -0.118562336281958E+002
  0.100000000000000E+001  0.237123917959042E+002  0.848824632466469E+000  0.154652821779518E-001  0.692850156866377E+000  0.100050033358353E-002 -0.118561958979521E+002
  0.100000000000000E+001  0.237123005363771E+002  0.802304692314560E+000  0.270868155626205E-001  0.782281808494397E+000  0.100050033358353E-002 -0.118561502681886E+002
  0.100000000000000E+001  0.237084198692256E+002  0.751613642040057E+000  0.687673252656851E-001  0.864438244960099E+000  0.100050033358353E-002 -0.118542099346128E+002
  0.100000000000000E+001  0.237064293875005E+002  0.752299946863706E+000  0.609501653869750E-001  0.863412272614595E+000  0.100050033358353E-002 -0.118532146937503E+002
  0.100000000000000E+001  0.237054591943314E+002  0.786940982875981E+000  0.936071330504280E-001  0.808641466729700E+000  0.100050033358353E-002 -0.118527295971657E+002
  0.100000000000000E+001  0.237050281941399E+002  0.806029067058289E+000  0.989281925668238E-001  0.775678294440910E+000  0.100050033358353E-002 -0.118525140970700E+002
  0.100000000000000E+001  0.236960834723829E+002  0.783191081769410E+000  0.359271697450674E-001  0.814870239105267E+000  0.100050033358353E-002 -0.118480417361914E+002
  0.100000000000000E+001  0.236950519373652E+002  0.938691621752951E+000  0.509736443972962E-001  0.451819764114623E+000  0.100050033358353E-002 -0.118475259686826E+002
  0.100000000000000E+001  0.236908164611664E+002  0.801292103873503E+000  0.288989570734352E-001  0.784062312075666E+000  0.100050033358353E-002 -0.118454082305832E+002
  0.100000000000000E+001  0.236837438472804E+002  0.756487988955909E+000  0.684322517194863E-001  0.857104409791548E+000  0.100050033358353E-002 -0.118418719236402E+002
  0.100000000000000E+001  0.236801471206914E+002  0.933797761764621E+000  0.667835124064069E-001  0.468913576073207E+000  0.100050033358353E-002 -0.118400735603457E+002
  0.100000000000000E+001  0.236778362377506E+002  0.805331483693978E+000  0.968554925729097E-001  0.776921752480635E+000  0.100050033358353E-002 -0.118389181188753E+002
  0.100000000000000E+001  0.236772780806142E+002  0.800789515896891E+000  0.955978598595372E-001  0.784943714028665E+000  0.100050033358353E-002 -0.118386390403071E+002
  0.100000000000000E+001  0.236758935159615E+002  0.799261864941132E+000  0.307856832873112E-001  0.787613359162828E+000  0.100050033358353E-002 -0.118379467579808E+002
  0.100000000000000E+001  0.236741365828007E+002  0.896013535004592E+000  0.960356990522401E-001  0.581915690791506E+000  0.100050033358353E-002 -0.118370682914004E+002
  0.100000000000000E+001  0.236632964599187E+002  0.871066380652996E+000  0.100701825421469E+000  0.643692766028633E+000  0.100050033358353E-002 -0.118316482299593E+002
  0.100000000000000E+001  0.236571032154278E+002  0.796887032181355E+000  0.928314053841245E-001  0.791735570281742E+000  0.100050033358353E-002 -0.118285516077139E+002
  0.100000000000000E+001  0.236562978532886E+002  0.787201559368679E+000  0.377221259880069E-001  0.808205742012600E+000  0.100050033358353E-002 -0.118281489266443E+002
  0.100000000000000E+001  0.236558581812787E+002  0.868358475618755E+000  0.162541084781014E-001  0.649946333722477E+000  0.100050033358353E-002 -0.118279290906393E+002
  0.100000000000000E+001  0.236552721908472E+002  0.882199799754367E+000  0.985200730367952E-001  0.617101808933727E+000  0.100050033358353E-002 -0.118276360954236E+002
  0.100000000000000E+001  0.236502667477789E+002  0.934660140152889E+000  0.435209069880994E-001  0.465953292603249E+000  0.100050033358353E-002 -0.118251333738895E+002
  0.100000000000000E+001  0.236420627264688E+002  0.930153247424302E+000  0.348607244683217E-001  0.481193718164210E+000  0.100050033358353E-002 -0.118210313632344E+002
  0.100000000000000E+001  0.236406864298492E+002  0.855334993966747E+000  0.100316916561625E+000  0.678959479813501E+000  0.100050033358353E-002 -0.118203432149246E+002
  0.100000000000000E+001  0.236316438343777E+002  0.897138935294552E+000  0.181561278995644E-001  0.578929953084200E+000  0.100050033358353E-002 -0.118158219171888E+002
  0.100000000000000E+001  0.236309827942482E+002  0.769702853229486E+000  0.539099389729259E-001  0.836653048688836E+000  0.100050033358353E-002 -0.118154913971241E+002
  0.100000000000000E+001  0.236236760262700E+002  0.788234299476836E+000  0.862845054757888E-001  0.806475101105766E+000  0.100050033358353E-002 -0.118118380131350E+002
  0.100000000000000E+001  0.236236232073680E+002  0.929403316005945E+000  0.360853375939983E-001  0.483676074475423E+000  0.100050033358353E-002 -0.118118116036840E+002
  0.100000000000000E+001  0.236168427257565E+002  0.895937247896568E+000  0.924296225926046E-001  0.582117394457553E+000  0.100050033358353E-002 -0.118084213628782E+002
  0.100000000000000E+001  0.236131692205462E+002  0.779061458183190E+000  0.796787124710554E-001  0.821641110623552E+000  0.100050033358353E-002 -0.118065846102731E+002
  0.100000000000000E+001  0.236030024872453E+002  0.782708821810021E+000  0.469020234368381E-001  0.815665696118821E+000  0.100050033358353E-002 -0.118015012436226E+002
  0.100000000000000E+001  0.236019625894975E+002  0.924004141057888E+000  0.322138817333576E-001  0.501128276621837E+000  0.100050033358353E-002 -0.118009812947488E+002
  0.100000000000000E+001  0.236010769822566E+002  0.778019266378160E+000  0.766368750672470E-001  0.823335452150518E+000  0.100050033358353E-002 -0.118005384911283E+002
  0.100000000000000E+001  0.235955324449593E+002  0.780266222335201E+000  0.501929822099203E-001  0.819675266813889E+000  0.100050033358353E-002 -0.117977662224797E+002
  0.100000000000000E+001  0.235936817592131E+002  0.773433379098782E+000  0.602989280457758E-001  0.830723213848881E+000  0.100050033358353E-002 -0.117968408796066E+002
  0.100000000000000E+001  0.235882514417931E+002  0.791950629985971E+000  0.840459847052001E-001  0.800197456032125E+000  0.100050033358353E-002 -0.117941257208965E+002
  0.100000000000000E+001  0.235881025326861E+002  0.776767568939996E+000  0.561026369901355E-001  0.825362812389100E+000  0.100050033358353E-002 -0.117940512663430E+002
  0.100000000000000E+001  0.235864335822647E+002  0.822979519469318E+000  0.938125298986807E-001  0.744480961572328E+000  0.100050033358353E-002 -0.117932167911323E+002
  0.100000000000000E+001  0.235783921504730E+002  0.781062053563855E+000  0.526749135589277E-001  0.818372428426619E+000  0.100050033358353E-002 -0.117891960752365E+002
  0.100000000000000E+001  0.235783782465565E+002  0.784609811353396E+000  0.493758888952093E-001  0.812522769520884E+000  0.100050033358353E-002 -0.117891891232782E+002
  0.100000000000000E+001  0.235771941090414E+002  0.818815327006608E+000  0.921755454666061E-001  0.752325832876435E+000  0.100050033358353E-002 -0.117885970545207E+002
  0.100000000000000E+001  0.235726949737973E+002  0.777872535565044E+000  0.597982312429344E-001  0.823573537681927E+000  0.100050033358353E-002 -0.117863474868987E+002
  0.100000000000000E+001  0.235725795313723E+002  0.915845241041630E+000  0.288394912542308E-001  0.526223811794255E+000  0.100050033358353E-002 -0.117862897656861E+002
  0.100000000000000E+001  0.235673770961954E+002  0.915877621819583E+000  0.293885518968009E-001  0.526127008889802E+000  0.100050033358353E-002 -0.117836885480977E+002
  0.100000000000000E+001  0.235667903034310E+002  0.816457331557660E+000  0.334317241676962E-001  0.756714515483146E+000  0.100050033358353E-002 -0.117833951517155E+002
  0.100000000000000E+001  0.235587467292649E+002  0.921183053612142E+000  0.705328492612038E-001  0.509970576709541E+000  0.100050033358353E-002 -0.117793733646324E+002
  0.100000000000000E+001  0.235576790703576E+002  0.867407697261931E+000  0.944504082572049E-001  0.652123232356484E+000  0.100050033358353E-002 -0.117788395351788E+002
  0.100000000000000E+001  0.235547252031828E+002  0.901826854878222E+000  0.854779828839100E-001  0.566282034541645E+000  0.100050033358353E-002 -0.117773626015914E+002
  0.100000000000000E+001  0.235503500880735E+002  0.804544054903939E+000  0.401789527094503E-001  0.778321684996448E+000  0.100050033358353E-002 -0.117751750440368E+002
  0.100000000000000E+001  0.235394219062875E+002  0.789703936829746E+000  0.750426159799334E-001  0.804001967814180E+000  0.100050033358353E-002 -0.117697109531437E+002
  0.100000000000000E+001  0.235377349899711E+002  0.904956819393360E+000  0.823563570248025E-001  0.557640094740400E+000  0.100050033358353E-002 -0.117688674949856E+002
  0.100000000000000E+001  0.235338913714607E+002  0.785319506081574E+000  0.613774977186579E-001  0.811344341446633E+000  0.100050033358353E-002 -0.117669456857304E+002
  0.100000000000000E+001  0.235310135418763E+002  0.875591729588695E+000  0.238556637666920E-001  0.633059782757902E+000  0.100050033358353E-002 -0.117655067709381E+002
  0.100000000000000E+001  0.235308881587672E+002  0.877856710759437E+000  0.238425104834215E-001  0.627649192592859E+000  0.100050033358353E-002 -0.117654440793836E+002
  0.100000000000000E+001  0.235283058602228E+002  0.900395242963079E+000  0.839257799737690E-001  0.570181275580607E+000  0.100050033358353E-002 -0.117641529301114E+002
  0.100000000000000E+001  0.235124843852101E+002  0.800714311444208E+000  0.474797307804453E-001  0.785075469440942E+000  0.100050033358353E-002 -0.117562421926050E+002
  0.100000000000000E+001  0.235045441097070E+002  0.873866993345430E+000  0.259222627870659E-001  0.637139746744173E+000  0.100050033358353E-002 -0.117522720548535E+002
  0.100000000000000E+001  0.235030541916407E+002  0.798272724981240E+000  0.512851335735881E-001  0.789334405632976E+000  0.100050033358353E-002 -0.117515270958203E+002
  0.100000000000000E+001  0.234992931375698E+002  0.900200690369608E+000  0.290040157434803E-001  0.570708640740766E+000  0.100050033358353E-002 -0.117496465687849E+002
  0.100000000000000E+001  0.234943968575844E+002  0.909294918409660E+000  0.332284702575737E-001  0.545385090471243E+000  0.100050033358353E-002 -0.117471984287922E+002
  0.100000000000000E+001  0.234937240569119E+002  0.907079727197341E+000  0.767024626738279E-001  0.551684276723811E+000  0.100050033358353E-002 -0.117468620284559E+002
  0.100000000000000E+001  0.234869719090754E+002  0.883937957388794E+000  0.273888132460158E-001  0.612814942957467E+000  0.100050033358353E-002 -0.117434859545377E+002
  0.100000000000000E+001  0.234866442533377E+002  0.800866821476535E+000  0.735041779301582E-001  0.784808241564021E+000  0.100050033358353E-002 -0.117433221266689E+002
  0.100000000000000E+001  0.234858964222178E+002  0.837988442267463E+000  0.880186888879643E-001  0.715147015616039E+000  0.100050033358353E-002 -0.117429482111089E+002
  0.100000000000000E+001  0.234819177768997E+002  0.897203367553415E+000  0.813871517376257E-001  0.578758431466282E+000  0.100050033358353E-002 -0.117409588884498E+002
  0.100000000000000E+001  0.234707297841444E+002  0.802406387299202E+000  0.549077698369215E-001  0.782102642830634E+000  0.100050033358353E-002 -0.117353648920722E+002
  0.100000000000000E+001  0.234702270675666E+002  0.813036505072266E+000  0.788967981692406E-001  0.763014211340781E+000  0.100050033358353E-002 -0.117351135337833E+002
  0.100000000000000E+001  0.234635560866607E+002  0.849007967284066E+000  0.872633802451142E-001  0.692464240356449E+000  0.100050033358353E-002 -0.117317780433304E+002
  0.100000000000000E+001  0.234590862259187E+002  0.804595631977623E+000  0.697535077051219E-001  0.778230107502302E+000  0.100050033358353E-002 -0.117295431129594E+002
  0.100000000000000E+001  0.234494242599920E+002  0.819852842935068E+000  0.445976649004503E-001  0.750382653290927E+000  0.100050033358353E-002 -0.117247121299960E+002
  0.100000000000000E+001  0.234492262390380E+002  0.900851508521097E+000  0.758801736634144E-001  0.568942130923182E+000  0.100050033358353E-002 -0.117246131195190E+002
  0.100000000000000E+001  0.234467836166645E+002  0.804916271478136E+000  0.643773568513936E-001  0.777660423444875E+000  0.100050033358353E-002 -0.117233918083323E+002
  0.100000000000000E+001  0.234463469982866E+002  0.915514732987508E+000  0.524345761076207E-001  0.527210659480303E+000  0.100050033358353E-002 -0.117231734991433E+002
  0.100000000000000E+001  0.234382959243300E+002  0.873555785070230E+000  0.314797860539056E-001  0.637872295828596E+000  0.100050033358353E-002 -0.117191479621650E+002
  0.100000000000000E+001  0.234373573835627E+002  0.870220246288686E+000  0.318577478660942E-001  0.645655408875288E+000  0.100050033358353E-002 -0.117186786917814E+002
  0.100000000000000E+001  0.234271824232660E+002  0.910470965568901E+000  0.457876901458284E-001  0.542004777894551E+000  0.100050033358353E-002 -0.117135912116330E+002
  0.100000000000000E+001  0.234256953285168E+002  0.823998256063023E+000  0.459132761048910E-001  0.742543051808073E+000  0.100050033358353E-002 -0.117128476642584E+002
  0.100000000000000E+001  0.234181073097583E+002  0.852025544622576E+000  0.363839841640846E-001  0.686069014016984E+000  0.100050033358353E-002 -0.117090536548792E+002
  0.100000000000000E+001  0.234086197829775E+002  0.908451883889600E+000  0.603751132554388E-001  0.547792720918484E+000  0.100050033358353E-002 -0.117043098914887E+002
  0.100000000000000E+001  0.233992915257226E+002  0.872512024613301E+000  0.804338579258218E-001  0.640321174327448E+000  0.100050033358353E-002 -0.116996457628613E+002
  0.100000000000000E+001  0.233855726143295E+002  0.822877167555608E+000  0.667466521192834E-001  0.744675251198755E+000  0.100050033358353E-002 -0.116927863071648E+002
  0.100000000000000E+001  0.233748968086744E+002  0.903393991196498E+000  0.511000537489910E-001  0.561975471874934E+000  0.100050033358353E-002 -0.116874484043372E+002
  0.100000000000000E+001  0.233737922759150E+002  0.826174759363487E+000  0.658721244174027E-001  0.738377630830123E+000  0.100050033358353E-002 -0.116868961379575E+002
  0.100000000000000E+001  0.233730345462165E+002  0.858130479892004E+000  0.403789494047666E-001  0.672873767309486E+000  0.100050033358353E-002 -0.116865172731082E+002
  0.100000000000000E+001  0.233672137225847E+002  0.839970387261496E+000  0.472188812427713E-001  0.711142341842529E+000  0.100050033358353E-002 -0.116836068612924E+002
  0.100000000000000E+001  0.233564742245790E+002  0.862634273183350E+000  0.763887124053846E-001  0.662909026803511E+000  0.100050033358353E-002 -0.116782371122895E+002
  0.100000000000000E+001  0.233546172841394E+002  0.831161914776890E+000  0.630160032921676E-001  0.728701269903266E+000  0.100050033358353E-002 -0.116773086420697E+002
  0.100000000000000E+001  0.233508378886797E+002  0.833212897156888E+000  0.572833972644336E-001  0.724667239141813E+000  0.100050033358353E-002 -0.116754189443398E+002
  0.100000000000000E+001  0.233460990445244E+002  0.852163938741703E+000  0.460596030835613E-001  0.685773734669782E+000  0.100050033358353E-002 -0.116730495222622E+002
  0.100000000000000E+001  0.233377899784841E+002  0.837431452696495E+000  0.631835312619647E-001  0.716266730460027E+000  0.100050033358353E-002 -0.116688949892421E+002
  0.100000000000000E+001  0.233335043483937E+002  0.886020972314735E+000  0.468097391158518E-001  0.607626458424182E+000  0.100050033358353E-002 -0.116667521741968E+002
  0.100000000000000E+001  0.233280642420940E+002  0.878043761627365E+000  0.690721440520641E-001  0.627199650776455E+000  0.100050033358353E-002 -0.116640321210470E+002
  0.100000000000000E+001  0.233236751975427E+002  0.866459745627019E+000  0.700669223192375E-001  0.654284086009055E+000  0.100050033358353E-002 -0.116618375987714E+002
  0.100000000000000E+001  0.233198916558776E+002  0.850716230245399E+000  0.664408098713607E-001  0.688853956611131E+000  0.100050033358353E-002 -0.116599458279388E+002
  0.100000000000000E+001  0.233185294028806E+002  0.859115484294008E+000  0.494726964208684E-001  0.670711510234712E+000  0.100050033358353E-002 -0.116592647014403E+002
  0.100000000000000E+001  0.233111777547389E+002  0.882294124960842E+000  0.526989759381248E-001  0.616870152413901E+000  0.100050033358353E-002 -0.116555888773695E+002
  0.100000000000000E+001  0.233039581083683E+002  0.870791126225460E+000  0.641911615087566E-001  0.644332095286334E+000  0.100050033358353E-002 -0.116519790541842E+002
  0.100000000000000E+001  0.233010374627341E+002  0.874018705357164E+000  0.620691793689410E-001  0.636782233567859E+000  0.100050033358353E-002 -0.116505187313670E+002
  0.100000000000000E+001  0.232982507585713E+002  0.870993738422066E+000  0.613979553442569E-001  0.643861572321642E+000  0.100050033358353E-002 -0.116491253792857E+002
