  0.100000000000000E+001  0.184387776449102E+002  0.839220172237701E-001  0.741819102961979E-001  0.130591883410143E+001  0.100050033358353E-002 -0.921938882245509E+001
  0.100000000000000E+001  0.281111516035475E+002  0.812833088769157E+000  0.264877932095259E+000  0.763386350041204E+000  0.100050033358353E-002 -0.140555758017738E+002
  0.100000000000000E+001  0.184596422195030E+002  0.695744193274527E-001  0.740660142247386E-001  0.130736624751344E+001  0.100050033358353E-002 -0.922982110975148E+001
  0.100000000000000E+001  0.259872584165631E+002  0.216449887049136E+000  0.224561238347368E+000  0.127947393693727E+001  0.100050033358353E-002 -0.129936292082815E+002
  0.100000000000000E+001  0.184715574222899E+002  0.213304279189296E+000  0.794077910091664E-001  0.128038094514775E+001  0.100050033358353E-002 -0.923577871114497E+001
  0.100000000000000E+001  0.243770940937689E+002  0.434290328024593E+000  0.208325519777622E+000  0.118050078600870E+001  0.100050033358353E-002 -0.121885470468845E+002
  0.100000000000000E+001  0.184867451927559E+002  0.720573140950476E+000  0.119205228365716E+000  0.908702217214697E+000  0.100050033358353E-002 -0.924337259637794E+001
  0.100000000000000E+001  0.184919574804187E+002  0.771003883832001E-001  0.756882943892891E-001  0.130664095521932E+001  0.100050033358353E-002 -0.924597874020933E+001
  0.100000000000000E+001  0.185001294208905E+002  0.608725763472453E+000  0.110509751452433E+000  0.103975873739412E+001  0.100050033358353E-002 -0.925006471044526E+001
  0.100000000000000E+001  0.185795492645555E+002  0.358750816229201E+000  0.915170154439833E-001  0.122330363251551E+001  0.100050033358353E-002 -0.928977463227776E+001
  0.100000000000000E+001  0.186012037816934E+002  0.217665646168293E+000  0.835011285144444E-001  0.127911965138542E+001  0.100050033358353E-002 -0.930060189084669E+001
  0.100000000000000E+001  0.227612568814182E+002  0.736273645354129E+000  0.196846707784464E+000  0.886822689721762E+000  0.100050033358353E-002 -0.113806284407091E+002
  0.100000000000000E+001  0.186948329620933E+002  0.222242763974534E+000  0.868286845838812E-001  0.127776712811766E+001  0.100050033358353E-002 -0.934741648104666E+001
  0.100000000000000E+001  0.187444668204244E+002  0.263083300192505E+000  0.900890478226686E-001  0.126437569700575E+001  0.100050033358353E-002 -0.937223341021220E+001
  0.100000000000000E+001  0.187591359488394E+002  0.860957366039299E+000  0.127660908582531E+000  0.666642732068429E+000  0.100050033358353E-002 -0.937956797441972E+001
  0.100000000000000E+001  0.216526359927259E+002  0.830688309373890E+000  0.179799151058459E+000  0.729628216594635E+000  0.100050033358353E-002 -0.108263179963629E+002
  0.100000000000000E+001  0.187718067297223E+002  0.203596664624577E+000  0.878239379660110E-001  0.128309250045582E+001  0.100050033358353E-002 -0.938590336486117E+001
  0.100000000000000E+001  0.215992752824043E+002  0.221517154065726E+000  0.152938375940473E+000  0.127798351687143E+001  0.100050033358353E-002 -0.107996376412021E+002
  0.100000000000000E+001  0.188401230693925E+002  0.319966107425197E+000  0.960180550528509E-001  0.124164548272562E+001  0.100050033358353E-002 -0.942006153469627E+001
  0.100000000000000E+001  0.188717759440224E+002  0.325089695667619E+000  0.971613772788853E-001  0.123935753497760E+001  0.100050033358353E-002 -0.943588797201120E+001
  0.100000000000000E+001  0.215181756321982E+002  0.998458221357208E+000  0.124170159851477E+000  0.727460627986570E-001  0.100050033358353E-002 -0.107590878160991E+002
  0.100000000000000E+001  0.188891120920687E+002  0.281211331144244E+000  0.949819595163768E-001  0.125765621190837E+001  0.100050033358353E-002 -0.944455604603436E+001
  0.100000000000000E+001  0.213640879626461E+002  0.329435898156662E-002  0.732321937477903E-001  0.131053488845488E+001  0.100050033358353E-002 -0.106820439813231E+002
  0.100000000000000E+001  0.213605155626442E+002  0.320040540283971E+000  0.152632724317964E+000  0.124161253471286E+001  0.100050033358353E-002 -0.106802577813221E+002
  0.100000000000000E+001  0.212819626088991E+002  0.529481458749144E+000  0.162388044864681E+000  0.111176096875406E+001  0.100050033358353E-002 -0.106409813044496E+002
  0.100000000000000E+001  0.188984315442496E+002  0.307701696065166E+000  0.967207755281591E-001  0.124695827328795E+001  0.100050033358353E-002 -0.944921577212480E+001
  0.100000000000000E+001  0.212556804210625E+002  0.319666650913233E-001  0.142764660262877E+000  0.130987222859721E+001  0.100050033358353E-002 -0.106278402105312E+002
  0.100000000000000E+001  0.211473535308643E+002  0.505053914220758E-001  0.142825266274182E+000  0.130886947104565E+001  0.100050033358353E-002 -0.105736767654321E+002
  0.100000000000000E+001  0.189117018467099E+002  0.327192376875465E-001  0.891311368696427E-001  0.130984031275628E+001  0.100050033358353E-002 -0.945585092335493E+001
  0.100000000000000E+001  0.211239815317182E+002  0.294996987271393E+000  0.146906442118605E+000  0.125222049959740E+001  0.100050033358353E-002 -0.105619907658591E+002
  0.100000000000000E+001  0.189155821185051E+002  0.174933476531222E+000  0.910995727720770E-001  0.129033377671648E+001  0.100050033358353E-002 -0.945779105925255E+001
  0.100000000000000E+001  0.210606699471843E+002  0.371290771091756E+000  0.149102835594843E+000  0.121686006327225E+001  0.100050033358353E-002 -0.105303349735922E+002
  0.100000000000000E+001  0.209934834648822E+002  0.369232774741779E+000  0.147712402927662E+000  0.121793509907802E+001  0.100050033358353E-002 -0.104967417324411E+002
  0.100000000000000E+001  0.209439605422554E+002  0.128073840532144E+000  0.138113671732667E+000  0.129974920837114E+001  0.100050033358353E-002 -0.104719802711277E+002
  0.100000000000000E+001  0.208807894692757E+002  0.861508322629480E+000  0.165705010844909E+000  0.665419115188044E+000  0.100050033358353E-002 -0.104403947346379E+002
  0.100000000000000E+001  0.189162591908439E+002  0.783219007171494E+000  0.131414197689797E+000  0.814824139136976E+000  0.100050033358353E-002 -0.945812959542193E+001
  0.100000000000000E+001  0.189517111424511E+002  0.777421126523521E+000  0.131936049169705E+000  0.824305281852718E+000  0.100050033358353E-002 -0.947585557122556E+001
  0.100000000000000E+001  0.206831826056966E+002  0.597711023887951E-001  0.130554429951473E+000  0.130819889425526E+001  0.100050033358353E-002 -0.103415913028483E+002
  0.100000000000000E+001  0.189547450809929E+002  0.305804628674348E+000  0.981631482994800E-001  0.124775954952040E+001  0.100050033358353E-002 -0.947737254049644E+001
  0.100000000000000E+001  0.206266455022902E+002  0.193296719267497E+000  0.132614794629353E+000  0.128582563117487E+001  0.100050033358353E-002 -0.103133227511451E+002
  0.100000000000000E+001  0.190122526926469E+002  0.555152800101978E-001  0.899290237211167E-001  0.130852093154870E+001  0.100050033358353E-002 -0.950612634632343E+001
  0.100000000000000E+001  0.204739112459698E+002  0.585096379275176E-001  0.128296389248713E+000  0.130829683669337E+001  0.100050033358353E-002 -0.102369556229849E+002
  0.100000000000000E+001  0.204284947920474E+002  0.213000314298691E+000  0.129342560091393E+000  0.128046785347402E+001  0.100050033358353E-002 -0.102142473960237E+002
  0.100000000000000E+001  0.190464545961815E+002  0.221617523188221E+000  0.962020214351111E-001  0.127795362950958E+001  0.100050033358353E-002 -0.952322729809076E+001
  0.100000000000000E+001  0.190671322307050E+002  0.651466919243284E+000  0.126926779454066E+000  0.994278127176799E+000  0.100050033358353E-002 -0.953356611535251E+001
  0.100000000000000E+001  0.190716386718354E+002  0.972064466266347E-001  0.928778578314651E-001  0.130433558716474E+001  0.100050033358353E-002 -0.953581933591769E+001
  0.100000000000000E+001  0.203982258035733E+002  0.948180586074720E+000  0.141590770823594E+000  0.416401032508610E+000  0.100050033358353E-002 -0.101991129017867E+002
  0.100000000000000E+001  0.191698429501739E+002  0.579530449792316E-001  0.951745466827362E-001  0.130833938507331E+001  0.100050033358353E-002 -0.958492147508693E+001
  0.100000000000000E+001  0.203133610125803E+002  0.195256919536783E+000  0.125941479434588E+000  0.128531685452927E+001  0.100050033358353E-002 -0.101566805062901E+002
  0.100000000000000E+001  0.192252280542252E+002  0.731320586797101E+000  0.135518764635990E+000  0.893834031576744E+000  0.100050033358353E-002 -0.961261402711262E+001
  0.100000000000000E+001  0.192287188252757E+002  0.218257447226867E-001  0.914758023165505E-001  0.131022981587099E+001  0.100050033358353E-002 -0.961435941263784E+001
  0.100000000000000E+001  0.192428216578549E+002  0.909904008643977E+000  0.131362612793571E+000  0.543637551757449E+000  0.100050033358353E-002 -0.962141082892744E+001
  0.100000000000000E+001  0.192857544341728E+002  0.689252158976123E+000  0.134270369772117E+000  0.949515907552633E+000  0.100050033358353E-002 -0.964287721708642E+001
  0.100000000000000E+001  0.202340336775016E+002  0.596306951773443E+000  0.147253140003060E+000  0.105204612614392E+001  0.100050033358353E-002 -0.101170168387508E+002
  0.100000000000000E+001  0.192868549058910E+002  0.697876797143942E+000  0.134878067987090E+000  0.938633543702598E+000  0.100050033358353E-002 -0.964342745294550E+001
  0.100000000000000E+001  0.201856056971600E+002  0.321993798527479E+000  0.128715561496536E+000  0.124074486287709E+001  0.100050033358353E-002 -0.100928028485800E+002
  0.100000000000000E+001  0.193101512951472E+002  0.464711208934335E-001  0.100266743612365E+000  0.130912613480597E+001  0.100050033358353E-002 -0.965507564757359E+001
  0.100000000000000E+001  0.194130935970214E+002  0.874947836052125E+000  0.139238594988426E+000  0.634586960687399E+000  0.100050033358353E-002 -0.970654679851069E+001
  0.100000000000000E+001  0.195126312028226E+002  0.508117417401808E+000  0.125813634995586E+000  0.112875384793532E+001  0.100050033358353E-002 -0.975631560141131E+001
  0.100000000000000E+001  0.201282131010564E+002  0.919527014875219E+000  0.145282103728576E+000  0.515078134188270E+000  0.100050033358353E-002 -0.100641065505282E+002
  0.100000000000000E+001  0.195148135592199E+002  0.338638851097648E+000  0.114488712059520E+000  0.123311050020237E+001  0.100050033358353E-002 -0.975740677960994E+001
  0.100000000000000E+001  0.200606883826351E+002  0.884336809761355E+000  0.149979042422600E+000  0.611825809004593E+000  0.100050033358353E-002 -0.100303441913175E+002
  0.100000000000000E+001  0.195674042447177E+002  0.637451997095879E+000  0.136505316055744E+000  0.100975960023491E+001  0.100050033358353E-002 -0.978370212235886E+001
  0.100000000000000E+001  0.195816861107437E+002  0.115294274881461E-001  0.109564721216903E+000  0.131045489343946E+001  0.100050033358353E-002 -0.979084305537186E+001
  0.100000000000000E+001  0.195819054953576E+002  0.141083142464121E+000  0.107422527878125E+000  0.129743363254298E+001  0.100050033358353E-002 -0.979095274767882E+001
  0.100000000000000E+001  0.196141114301576E+002  0.257488458857416E+000  0.112222105060268E+000  0.126635232431987E+001  0.100050033358353E-002 -0.980705571507882E+001
  0.100000000000000E+001  0.199199017337200E+002  0.777384185950476E-002  0.759386178935195E-001  0.131050239966016E+001  0.100050033358353E-002 -0.995995086686001E+001
  0.100000000000000E+001  0.199127401598883E+002  0.472098040052034E+000  0.131967198352529E+000  0.115530312517500E+001  0.100050033358353E-002 -0.995637007994414E+001
  0.100000000000000E+001  0.196223767453022E+002  0.229494633447973E+000  0.111185612776737E+000  0.127556353782654E+001  0.100050033358353E-002 -0.981118837265111E+001
  0.100000000000000E+001  0.196336795585599E+002  0.248109756975917E+000  0.112636807323776E+000  0.126956387849777E+001  0.100050033358353E-002 -0.981683977927996E+001
  0.100000000000000E+001  0.196653638696581E+002  0.762746830954913E+000  0.145674772483434E+000  0.847523845307614E+000  0.100050033358353E-002 -0.983268193482903E+001
  0.100000000000000E+001  0.184246095570948E+002  0.307199868968706E+000  0.833147223804496E-001  0.124717076533220E+001  0.100050033358353E-002 -0.921230477854738E+001
  0.100000000000000E+001  0.184145478239428E+002  0.678846176420033E+000  0.114402150745151E+000  0.962305449380460E+000  0.100050033358353E-002 -0.920727391197138E+001
  0.100000000000000E+001  0.183779598179458E+002  0.485150724841628E+000  0.960129326973391E-001  0.114597795242530E+001  0.100050033358353E-002 -0.918897990897291E+001
  0.100000000000000E+001  0.183770728523695E+002  0.427902858927568E+000  0.910277582701277E-001  0.118450026985614E+001  0.100050033358353E-002 -0.918853642618474E+001
  0.100000000000000E+001  0.183742380697867E+002  0.866805306176855E+000  0.119421692884219E+000  0.653497482622603E+000  0.100050033358353E-002 -0.918711903489336E+001
  0.100000000000000E+001  0.183610853119571E+002  0.499238872176469E+000  0.968029638713626E-001  0.113553798168544E+001  0.100050033358353E-002 -0.918054265597855E+001
  0.100000000000000E+001  0.183222639502379E+002  0.512757411185178E+000  0.971263287724025E-001  0.112514426102910E+001  0.100050033358353E-002 -0.916113197511893E+001
  0.100000000000000E+001  0.183099748588991E+002  0.285418340715651E+000  0.783703628918399E-001  0.125602742570447E+001  0.100050033358353E-002 -0.915498742944954E+001
  0.100000000000000E+001  0.183022466061758E+002  0.398250872890311E+000  0.865416329774046E-001  0.120212942514666E+001  0.100050033358353E-002 -0.915112330308789E+001
  0.100000000000000E+001  0.182836534964284E+002  0.595541172596635E-001  0.680842789364248E-001  0.130821589067728E+001  0.100050033358353E-002 -0.914182674821418E+001
  0.100000000000000E+001  0.182423425642073E+002  0.498890047748858E+000  0.936131685775857E-001  0.113580125898376E+001  0.100050033358353E-002 -0.912117128210364E+001
  0.100000000000000E+001  0.182309845588756E+002  0.719354036857762E+000  0.113081927692500E+000  0.910359649276811E+000  0.100050033358353E-002 -0.911549227943781E+001
  0.100000000000000E+001  0.182202029715426E+002  0.781753467664304E+000  0.116437863706716E+000  0.817237762463240E+000  0.100050033358353E-002 -0.911010148577130E+001
  0.100000000000000E+001  0.182106254850557E+002  0.505039397549448E+000  0.932606088026673E-001  0.113112393893276E+001  0.100050033358353E-002 -0.910531274252786E+001
  0.100000000000000E+001  0.182083151785523E+002  0.340790129038756E+000  0.792317251134353E-001  0.123209216712744E+001  0.100050033358353E-002 -0.910415758927613E+001
  0.100000000000000E+001  0.181819357959071E+002  0.708761328710091E+000  0.111244924171107E+000  0.924519695599594E+000  0.100050033358353E-002 -0.909096789795356E+001
  0.100000000000000E+001  0.181793460662377E+002  0.181561461884546E+000  0.683720018402136E-001  0.128876026631868E+001  0.100050033358353E-002 -0.908967303311883E+001
  0.100000000000000E+001  0.181430236202611E+002  0.766199352769957E+000  0.114061118942484E+000  0.842158155774287E+000  0.100050033358353E-002 -0.907151181013056E+001
  0.100000000000000E+001  0.180730270840398E+002  0.202874139622570E+000  0.662249383613753E-001  0.128328904586320E+001  0.100050033358353E-002 -0.903651354201991E+001
  0.100000000000000E+001  0.180649299361845E+002  0.798580141140284E+000  0.113601078067822E+000  0.788800149578886E+000  0.100050033358353E-002 -0.903246496809223E+001
  0.100000000000000E+001  0.180480337288053E+002  0.276814770049343E+000  0.695951006343335E-001  0.125933033974600E+001  0.100050033358353E-002 -0.902401686440263E+001
  0.100000000000000E+001  0.180307448546071E+002  0.989596545536674E+000  0.645134329200705E-001  0.188548133737243E+000  0.100050033358353E-002 -0.901537242730354E+001
  0.100000000000000E+001  0.180294332651797E+002  0.407930455936417E+000  0.790037159015660E-001  0.119654188659899E+001  0.100050033358353E-002 -0.901471663258987E+001
  0.100000000000000E+001  0.179653438833039E+002  0.867992489828293E-001  0.583551284390963E-001  0.130559578250238E+001  0.100050033358353E-002 -0.898267194165194E+001
  0.100000000000000E+001  0.179546664105998E+002  0.808280198480234E+000  0.111302068035048E+000  0.771644548514324E+000  0.100050033358353E-002 -0.897733320529990E+001
  0.100000000000000E+001  0.179496074797764E+002  0.111305662242688E-001  0.786754404485371E-001  0.131046081628598E+001  0.100050033358353E-002 -0.897480373988822E+001
  0.100000000000000E+001  0.179133763691715E+002  0.180661686910893E+000  0.588435826825755E-001  0.128897742304053E+001  0.100050033358353E-002 -0.895668818458573E+001
  0.100000000000000E+001  0.179060358483184E+002  0.931391296458806E-001  0.559044904654286E-001  0.130484520958001E+001  0.100050033358353E-002 -0.895301792415921E+001
  0.100000000000000E+001  0.179058786238076E+002  0.389505271158432E-001  0.551974359277358E-001  0.130954748247095E+001  0.100050033358353E-002 -0.895293931190380E+001
  0.100000000000000E+001  0.179058741157466E+002  0.720499451601546E+000  0.105438646324293E+000  0.908802567105107E+000  0.100050033358353E-002 -0.895293705787330E+001
  0.100000000000000E+001  0.178844291732355E+002  0.358666987381063E+000  0.701882980844643E-001  0.122334585033330E+001  0.100050033358353E-002 -0.894221458661774E+001
  0.100000000000000E+001  0.178841432335954E+002  0.875939236401609E+000  0.108061579912359E+000  0.632233570176501E+000  0.100050033358353E-002 -0.894207161679772E+001
  0.100000000000000E+001  0.178758028127044E+002  0.349874577081896E+000  0.690298994783240E-001  0.122771122718181E+001  0.100050033358353E-002 -0.893790140635222E+001
  0.100000000000000E+001  0.178734378237651E+002  0.539606265087407E+000  0.869772072827103E-001  0.110336824574212E+001  0.100050033358353E-002 -0.893671891188256E+001
  0.100000000000000E+001  0.178610629875311E+002  0.291511967676504E+000  0.639346018842552E-001  0.125362146716266E+001  0.100050033358353E-002 -0.893053149376556E+001
  0.100000000000000E+001  0.178593024600346E+002  0.807968582996998E+000  0.109032311905267E+000  0.772204853120009E+000  0.100050033358353E-002 -0.892965123001730E+001
  0.100000000000000E+001  0.178491991667490E+002  0.689253423293928E+000  0.101274744806613E+000  0.949514331267460E+000  0.100050033358353E-002 -0.892459958337449E+001
  0.100000000000000E+001  0.178483085941936E+002  0.618175637201128E+000  0.944798748914200E-001  0.103013843365581E+001  0.100050033358353E-002 -0.892415429709680E+001
  0.100000000000000E+001  0.178423959599776E+002  0.673795719605465E+000  0.996952451320358E-001  0.968382645691263E+000  0.100050033358353E-002 -0.892119797998881E+001
  0.100000000000000E+001  0.178225741493450E+002  0.384592184497825E+000  0.703499020742487E-001  0.120974374511152E+001  0.100050033358353E-002 -0.891128707467248E+001
  0.100000000000000E+001  0.177643361121776E+002  0.666726797298236E+000  0.970490784844907E-001  0.976749843212508E+000  0.100050033358353E-002 -0.888216805608881E+001
  0.100000000000000E+001  0.177575688955351E+002  0.573327053081727E+000  0.871405540000666E-001  0.107376193120389E+001  0.100050033358353E-002 -0.887878444776757E+001
  0.100000000000000E+001  0.177389837138135E+002  0.549826289413366E+000  0.841056689640338E-001  0.109466824544461E+001  0.100050033358353E-002 -0.886949185690674E+001
  0.100000000000000E+001  0.177291345446810E+002  0.968492932573793E+000  0.775542419576577E-001  0.326378742512998E+000  0.100050033358353E-002 -0.886456727234050E+001
  0.100000000000000E+001  0.177240781920508E+002  0.694777174307598E-001  0.479357918456103E-001  0.130737508005756E+001  0.100050033358353E-002 -0.886203909602540E+001
  0.100000000000000E+001  0.176785219045490E+002  0.659156832530310E+000  0.939002218141778E-001  0.985534790323977E+000  0.100050033358353E-002 -0.883926095227448E+001
  0.100000000000000E+001  0.176313236948968E+002  0.484938442954262E+000  0.738148493280172E-001  0.114613226132922E+001  0.100050033358353E-002 -0.881566184744840E+001
  0.100000000000000E+001  0.176236840954357E+002  0.816136548852807E+000  0.103629159082840E+000  0.757308614025526E+000  0.100050033358353E-002 -0.881184204771785E+001
  0.100000000000000E+001  0.176207654289399E+002  0.498191499519568E+000  0.749270907627670E-001  0.113632775607335E+001  0.100050033358353E-002 -0.881038271446995E+001
  0.100000000000000E+001  0.175977975976002E+002  0.434118478974256E+000  0.673520290750631E-001  0.118060934280019E+001  0.100050033358353E-002 -0.879889879880011E+001
  0.100000000000000E+001  0.175916826186127E+002  0.452228153214725E+000  0.690473629474532E-001  0.116887541280197E+001  0.100050033358353E-002 -0.879584130930636E+001
  0.100000000000000E+001  0.175613049235401E+002  0.687038375447869E-001  0.417160673139868E-001  0.130744531992081E+001  0.100050033358353E-002 -0.878065246177006E+001
  0.100000000000000E+001  0.175521988267578E+002  0.509541445478700E+000  0.738212653238209E-001  0.112765077131791E+001  0.100050033358353E-002 -0.877609941337891E+001
  0.100000000000000E+001  0.175334622150509E+002  0.614274466582998E+000  0.851021584105471E-001  0.103413878519921E+001  0.100050033358353E-002 -0.876673110752544E+001
  0.100000000000000E+001  0.175189892853179E+002  0.700024886473226E+000  0.935575631876557E-001  0.935882219578187E+000  0.100050033358353E-002 -0.875949464265896E+001
  0.100000000000000E+001  0.175085120350156E+002  0.363264803451372E+000  0.569704589181441E-001  0.122101354939804E+001  0.100050033358353E-002 -0.875425601750778E+001
  0.100000000000000E+001  0.174991276241890E+002  0.855286161853824E+000  0.100305852782915E+000  0.679065125946124E+000  0.100050033358353E-002 -0.874956381209451E+001
  0.100000000000000E+001  0.174974024942984E+002  0.352748759071054E+000  0.556754334874617E-001  0.122629783541030E+001  0.100050033358353E-002 -0.874870124714919E+001
  0.100000000000000E+001  0.174929010230892E+002  0.115422274127203E+000  0.405212814661599E-001  0.130178301197919E+001  0.100050033358353E-002 -0.874645051154458E+001
  0.100000000000000E+001  0.174917005526385E+002  0.750148149794058E+000  0.970973949869764E-001  0.866621851155039E+000  0.100050033358353E-002 -0.874585027631926E+001
  0.100000000000000E+001  0.174814384092048E+002  0.195144867472719E+000  0.427812028579738E-001  0.128534608180988E+001  0.100050033358353E-002 -0.874071920460240E+001
  0.100000000000000E+001  0.174798979661104E+002  0.717477304031357E-001  0.375379160536282E-001  0.130716448509980E+001  0.100050033358353E-002 -0.873994898305520E+001
  0.100000000000000E+001  0.174754436649507E+002  0.428698076422559E-001  0.369980116731604E-001  0.130933717576669E+001  0.100050033358353E-002 -0.873772183247537E+001
  0.100000000000000E+001  0.174588526929596E+002  0.272300922247446E+000  0.472042166330940E-001  0.126101942604356E+001  0.100050033358353E-002 -0.872942634647981E+001
  0.100000000000000E+001  0.174477072819484E+002  0.936525765831303E+000  0.866560632609646E-001  0.459474399044933E+000  0.100050033358353E-002 -0.872385364097419E+001
  0.100000000000000E+001  0.174386097308373E+002  0.860278047866699E+000  0.987115076181885E-001  0.668147267600569E+000  0.100050033358353E-002 -0.871930486541864E+001
  0.100000000000000E+001  0.174350218246985E+002  0.969508610439186E+000  0.693066077393853E-001  0.321157814536534E+000  0.100050033358353E-002 -0.871751091234923E+001
  0.100000000000000E+001  0.174174501382364E+002  0.190272766821518E+000  0.397755727897916E-001  0.128660005384538E+001  0.100050033358353E-002 -0.870872506911820E+001
  0.100000000000000E+001  0.174138660052908E+002  0.295200707346536E+000  0.470419734604263E-001  0.125213804085283E+001  0.100050033358353E-002 -0.870693300264541E+001
  0.100000000000000E+001  0.174041225458179E+002  0.883378204526585E+000  0.961769283986462E-001  0.614199665384435E+000  0.100050033358353E-002 -0.870206127290896E+001
  0.100000000000000E+001  0.174031613831250E+002  0.590026973652680E+000  0.783275110695958E-001  0.105811003091867E+001  0.100050033358353E-002 -0.870158069156251E+001
  0.100000000000000E+001  0.173931891080354E+002  0.673894540661267E-002  0.586631672388182E-001  0.131051224158781E+001  0.100050033358353E-002 -0.869659455401772E+001
  0.100000000000000E+001  0.173904896260412E+002  0.482750737620248E+000  0.653877875751486E-001  0.114771737952542E+001  0.100050033358353E-002 -0.869524481302059E+001
  0.100000000000000E+001  0.173651066161718E+002  0.435980259633783E+000  0.590996622193707E-001  0.117943043560627E+001  0.100050033358353E-002 -0.868255330808592E+001
  0.100000000000000E+001  0.173609589025564E+002  0.763813659295005E+000  0.945741048093676E-001  0.845872066299285E+000  0.100050033358353E-002 -0.868047945127818E+001
  0.100000000000000E+001  0.173463718897202E+002  0.896448816320865E+000  0.933112094324657E-001  0.580763134374606E+000  0.100050033358353E-002 -0.867318594486010E+001
  0.100000000000000E+001  0.173327329431392E+002  0.559007227630097E+000  0.723694421386336E-001  0.108665265096659E+001  0.100050033358353E-002 -0.866636647156959E+001
  0.100000000000000E+001  0.173167524968171E+002  0.124059417186559E+000  0.315525643691309E-001  0.130041778924792E+001  0.100050033358353E-002 -0.865837624840855E+001
  0.100000000000000E+001  0.173082047875727E+002  0.283220379236011E+000  0.413836979477701E-001  0.125688166907024E+001  0.100050033358353E-002 -0.865410239378634E+001
  0.100000000000000E+001  0.172869975418329E+002  0.205181574741940E+000  0.343801251788058E-001  0.128265881013008E+001  0.100050033358353E-002 -0.864349877091643E+001
  0.100000000000000E+001  0.172853910097440E+002  0.392543889136750E+000  0.512517695968316E-001  0.120534908423104E+001  0.100050033358353E-002 -0.864269550487201E+001
  0.100000000000000E+001  0.172675408240208E+002  0.902237968945715E+000  0.904971711917497E-001  0.565156171601178E+000  0.100050033358353E-002 -0.863377041201038E+001
  0.100000000000000E+001  0.172479135774732E+002  0.522140053831532E+000  0.649840400091464E-001  0.111770853094737E+001  0.100050033358353E-002 -0.862395678873662E+001
  0.100000000000000E+001  0.172372466990412E+002  0.223480523599228E+000  0.331716546838858E-001  0.127739628959393E+001  0.100050033358353E-002 -0.861862334952059E+001
  0.100000000000000E+001  0.172349345578644E+002  0.580358269716551E+000  0.717575001244354E-001  0.106725464806805E+001  0.100050033358353E-002 -0.861746727893218E+001
  0.100000000000000E+001  0.172337740419161E+002  0.807091653025529E+000  0.935555090881183E-001  0.773778295233071E+000  0.100050033358353E-002 -0.861688702095804E+001
  0.100000000000000E+001  0.172165003134274E+002  0.563917114915474E+000  0.690304917495526E-001  0.108228672373198E+001  0.100050033358353E-002 -0.860825015671372E+001
  0.100000000000000E+001  0.172141016954950E+002  0.240102267595422E+000  0.334057604401455E-001  0.127220549997727E+001  0.100050033358353E-002 -0.860705084774752E+001
  0.100000000000000E+001  0.171815193824698E+002  0.438774210095177E+000  0.522833445586761E-001  0.117764956471120E+001  0.100050033358353E-002 -0.859075969123491E+001
  0.100000000000000E+001  0.171725578110985E+002  0.701968990003862E-001  0.219878559867434E-001  0.130730909605054E+001  0.100050033358353E-002 -0.858627890554927E+001
  0.100000000000000E+001  0.171702402793999E+002  0.410881280661902E+000  0.484885135455416E-001  0.119480653891000E+001  0.100050033358353E-002 -0.858512013969993E+001
  0.100000000000000E+001  0.171568542216903E+002  0.812072624143333E+000  0.917219913238237E-001  0.764775150386561E+000  0.100050033358353E-002 -0.857842711084517E+001
  0.100000000000000E+001  0.171528154643619E+002  0.223409537008507E+000  0.288370277839478E-001  0.127741761609606E+001  0.100050033358353E-002 -0.857640773218097E+001
  0.100000000000000E+001  0.171476169694950E+002  0.470283467141242E+000  0.547907654099985E-001  0.115657351909953E+001  0.100050033358353E-002 -0.857380848474749E+001
  0.100000000000000E+001  0.171443412725237E+002  0.288418554920396E+000  0.341948808831778E-001  0.125484977323864E+001  0.100050033358353E-002 -0.857217063626185E+001
  0.100000000000000E+001  0.171198730621374E+002  0.228159499967909E+000  0.275555836053070E-001  0.127597484080827E+001  0.100050033358353E-002 -0.855993653106869E+001
  0.100000000000000E+001  0.171164134088798E+002  0.268396322859314E+000  0.308921029589393E-001  0.126245634867919E+001  0.100050033358353E-002 -0.855820670443992E+001
  0.100000000000000E+001  0.170988905644959E+002  0.105854283116867E+000  0.172514199915198E-001  0.130317891957608E+001  0.100050033358353E-002 -0.854944528224794E+001
  0.100000000000000E+001  0.170980873282002E+002  0.849742655677001E+000  0.904340438783716E-001  0.690914733420584E+000  0.100050033358353E-002 -0.854904366410009E+001
  0.100000000000000E+001  0.170955952404461E+002  0.890586411426177E+000  0.877923209960719E-001  0.596052948868880E+000  0.100050033358353E-002 -0.854779762022307E+001
  0.100000000000000E+001  0.170949291919839E+002  0.588140017048857E+000  0.679424199121213E-001  0.105991279963608E+001  0.100050033358353E-002 -0.854746459599193E+001
  0.100000000000000E+001  0.170947018603437E+002  0.643152631635956E+000  0.748142198906105E-001  0.100353181665000E+001  0.100050033358353E-002 -0.854735093017183E+001
  0.100000000000000E+001  0.170847039758817E+002  0.134444753953350E+000  0.192494991779448E-001  0.129864370814097E+001  0.100050033358353E-002 -0.854235198794083E+001
  0.100000000000000E+001  0.170813975033253E+002  0.491145044244813E+000  0.547567626972374E-001  0.114158405109002E+001  0.100050033358353E-002 -0.854069875166263E+001
  0.100000000000000E+001  0.170800443124609E+002  0.788068002165992E+000  0.885659477938646E-001  0.806754182270452E+000  0.100050033358353E-002 -0.854002215623046E+001
  0.100000000000000E+001  0.170792100014691E+002  0.524725282811684E+000  0.591160746449133E-001  0.111562721646823E+001  0.100050033358353E-002 -0.853960500073455E+001
  0.100000000000000E+001  0.170777461673219E+002  0.228824517080620E+000  0.252868977859328E-001  0.127577029130726E+001  0.100050033358353E-002 -0.853887308366094E+001
  0.100000000000000E+001  0.170754978897160E+002  0.836986767756622E+000  0.899936755445234E-001  0.717158891157146E+000  0.100050033358353E-002 -0.853774894485800E+001
  0.100000000000000E+001  0.170629125886471E+002  0.462548712153890E+000  0.503809618303009E-001  0.116191850251562E+001  0.100050033358353E-002 -0.853145629432357E+001
  0.100000000000000E+001  0.170583570129840E+002  0.159698642243942E+000  0.189561818045074E-001  0.129372225976987E+001  0.100050033358353E-002 -0.852917850649199E+001
  0.100000000000000E+001  0.170530827534155E+002  0.320442361077159E-001  0.132583826532171E-001  0.130986897325297E+001  0.100050033358353E-002 -0.852654137670776E+001
  0.100000000000000E+001  0.170427150073800E+002  0.227313540671571E-001  0.610878719674419E-002  0.131020336825094E+001  0.100050033358353E-002 -0.852135750369002E+001
  0.100000000000000E+001  0.170401596759114E+002  0.152340159667352E+000  0.174883984208850E-001  0.129524551301004E+001  0.100050033358353E-002 -0.852007983795572E+001
  0.100000000000000E+001  0.170378441203024E+002  0.830890491577957E+000  0.889700359685165E-001  0.729232711698971E+000  0.100050033358353E-002 -0.851892206015120E+001
  0.100000000000000E+001  0.170356118267919E+002  0.375920116802312E+000  0.382722492682747E-001  0.121441646203517E+001  0.100050033358353E-002 -0.851780591339596E+001
  0.100000000000000E+001  0.170211278001452E+002  0.133381379607226E+000  0.150313417674308E-001  0.129883202513749E+001  0.100050033358353E-002 -0.851056390007258E+001
  0.100000000000000E+001  0.170184066725778E+002  0.116862158658760E+000  0.140839100482181E-001  0.130156235489642E+001  0.100050033358353E-002 -0.850920333628888E+001
  0.100000000000000E+001  0.170161883700008E+002  0.981432311892713E+000  0.462351740625326E-001  0.251373493205279E+000  0.100050033358353E-002 -0.850809418500038E+001
  0.100000000000000E+001  0.170134479293223E+002  0.464055481354827E+000  0.484513579872038E-001  0.116088614482628E+001  0.100050033358353E-002 -0.850672396466114E+001
  0.100000000000000E+001  0.170111713405612E+002  0.493234775008866E+000  0.521966792355752E-001  0.114003554939081E+001  0.100050033358353E-002 -0.850558567028058E+001
  0.100000000000000E+001  0.170044668233998E+002  0.478591092781240E+000  0.500406269863676E-001  0.115070555455254E+001  0.100050033358353E-002 -0.850223341169988E+001
  0.100000000000000E+001  0.170015258697293E+002  0.126474466756193E+000  0.136408956366658E-001  0.130001816830045E+001  0.100050033358353E-002 -0.850076293486467E+001
  0.100000000000000E+001  0.169989154116873E+002  0.100415437021010E+000  0.120341956490354E-001  0.130391799193696E+001  0.100050033358353E-002 -0.849945770584365E+001
  0.100000000000000E+001  0.169919594166089E+002  0.648869088455418E+000  0.722006451486831E-001  0.997191490513674E+000  0.100050033358353E-002 -0.849597970830443E+001
  0.100000000000000E+001  0.169848560311789E+002  0.675233413460682E+000  0.751459709301266E-001  0.966661178193525E+000  0.100050033358353E-002 -0.849242801558943E+001
  0.100000000000000E+001  0.169842215753875E+002  0.935096427469238E-001  0.105708989641073E-001  0.130479969514276E+001  0.100050033358353E-002 -0.849211078769373E+001
  0.100000000000000E+001  0.169824103102122E+002  0.242277980174729E+000  0.209607274638641E-001  0.127149685839326E+001  0.100050033358353E-002 -0.849120515510609E+001
  0.100000000000000E+001  0.169718935930732E+002  0.317801341880974E+000  0.282053813642912E-001  0.124259999297549E+001  0.100050033358353E-002 -0.848594679653660E+001
  0.100000000000000E+001  0.169645486381078E+002  0.415089945453980E+000  0.398116914919426E-001  0.119230539685734E+001  0.100050033358353E-002 -0.848227431905389E+001
  0.100000000000000E+001  0.169596930450218E+002  0.944537917658498E+000  0.710622501644608E-001  0.430385109726393E+000  0.100050033358353E-002 -0.847984652251092E+001
  0.100000000000000E+001  0.169590359499468E+002  0.726976927445141E+000  0.801156257334392E-001  0.899899242621163E+000  0.100050033358353E-002 -0.847951797497340E+001
  0.100000000000000E+001  0.169570035950477E+002  0.703009765085238E+000  0.774999794066828E-001  0.932031515516087E+000  0.100050033358353E-002 -0.847850179752387E+001
  0.100000000000000E+001  0.169559131426470E+002  0.971038365947802E+000  0.548307495313725E-001  0.313119426908822E+000  0.100050033358353E-002 -0.847795657132349E+001
  0.100000000000000E+001  0.169555676247811E+002  0.114781596481292E+000  0.962903339228495E-002  0.130188030221502E+001  0.100050033358353E-002 -0.847778381239057E+001
  0.100000000000000E+001  0.169522337460383E+002  0.105420394890546E+000  0.881231652000958E-002  0.130323932599558E+001  0.100050033358353E-002 -0.847611687301915E+001
  0.100000000000000E+001  0.169514214623679E+002  0.570082930505681E+000  0.603671496433283E-001  0.107672447255828E+001  0.100050033358353E-002 -0.847571073118394E+001
  0.100000000000000E+001  0.169341999093585E+002  0.493670255540485E-001  0.578663128594468E-002  0.130894406276274E+001  0.100050033358353E-002 -0.846709995467925E+001
  0.100000000000000E+001  0.169234999369581E+002  0.280681497334290E+000  0.213440244600807E-001  0.125785947944032E+001  0.100050033358353E-002 -0.846174996847904E+001
  0.100000000000000E+001  0.169221465654993E+002  0.316255875779553E+000  0.253189632563594E-001  0.124327702651241E+001  0.100050033358353E-002 -0.846107328274964E+001
  0.100000000000000E+001  0.169216315100316E+002  0.169850534482493E+000  0.106890965901780E-001  0.129149960866087E+001  0.100050033358353E-002 -0.846081575501579E+001
  0.100000000000000E+001  0.169177259445639E+002  0.667208933902055E-001  0.471664963354615E-002  0.130762169106406E+001  0.100050033358353E-002 -0.845886297228197E+001
  0.100000000000000E+001  0.168967534962991E+002  0.821314308381356E+000  0.849014060325685E-001  0.747632689386148E+000  0.100050033358353E-002 -0.844837674814956E+001
  0.100000000000000E+001  0.168879226367510E+002  0.330949836539283E+000  0.251241612880554E-001  0.123669079398700E+001  0.100050033358353E-002 -0.844396131837548E+001
  0.100000000000000E+001  0.168845202036711E+002  0.906944801776323E-001  0.294337011909758E-002  0.130514094626099E+001  0.100050033358353E-002 -0.844226010183555E+001
  0.100000000000000E+001  0.168833139197667E+002  0.464843730272578E+000  0.428447715267715E-001  0.116034437402766E+001  0.100050033358353E-002 -0.844165695988337E+001
  0.100000000000000E+001  0.168776943573446E+002  0.660123117540464E-001  0.134848673380072E-002  0.130768345699522E+001  0.100050033358353E-002 -0.843884717867231E+001
  0.100000000000000E+001  0.168757868336314E+002  0.641430532690276E+000  0.672478126120307E-001  0.100542308009152E+001  0.100050033358353E-002 -0.843789341681569E+001
  0.100000000000000E+001  0.168535204229422E+002  0.343179003594671E+000  0.246786484747649E-001  0.123095281126311E+001  0.100050033358353E-002 -0.842676021147112E+001
  0.100000000000000E+001  0.168474442562194E+002  0.717424696320365E+000  0.756177518601979E-001  0.912970820063909E+000  0.100050033358353E-002 -0.842372212810971E+001
  0.100000000000000E+001  0.168411005633531E+002  0.385254535326645E+000  0.296063811947122E-001  0.120938172237940E+001  0.100050033358353E-002 -0.842055028167653E+001
  0.100000000000000E+001  0.168357912412372E+002  0.460220883654815E+000  0.399863745772139E-001  0.116350501715608E+001  0.100050033358353E-002 -0.841789562061859E+001
  0.100000000000000E+001  0.168341306681008E+002  0.432617514580687E+000  0.359506000812193E-001  0.118155525092065E+001  0.100050033358353E-002 -0.841706533405042E+001
  0.100000000000000E+001  0.168327217543383E+002  0.898625797914026E+000  0.798129778112140E-001  0.574955664413813E+000  0.100050033358353E-002 -0.841636087716915E+001
  0.100000000000000E+001  0.168308799788205E+002  0.226226003041253E+000  0.928503084576080E-002  0.127656599005775E+001  0.100050033358353E-002 -0.841543998941027E+001
  0.100000000000000E+001  0.168276146654611E+002  0.681948818522187E+000  0.708477046931041E-001  0.958530283441996E+000  0.100050033358353E-002 -0.841380733273053E+001
  0.100000000000000E+001  0.168181954376158E+002  0.277866303493038E+000  0.142518458592312E-001  0.125893253747214E+001  0.100050033358353E-002 -0.840909771880789E+001
  0.100000000000000E+001  0.168149684926560E+002  0.695972467008200E+000  0.721430113839427E-001  0.941058886582647E+000  0.100050033358353E-002 -0.840748424632801E+001
  0.100000000000000E+001  0.168038036032117E+002  0.394638984475090E+000  0.289539402516770E-001  0.120417350931212E+001  0.100050033358353E-002 -0.840190180160586E+001
  0.100000000000000E+001  0.167959746444840E+002  0.644720026348781E+000  0.649549920623052E-001  0.100180293084406E+001  0.100050033358353E-002 -0.839798732224200E+001
  0.100000000000000E+001  0.167922235038063E+002  0.814780744054920E+000  0.817968312544667E-001  0.759811902558547E+000  0.100050033358353E-002 -0.839611175190316E+001
  0.100000000000000E+001  0.167920560602207E+002  0.224886065697095E+000  0.616564200984237E-002  0.127697255357698E+001  0.100050033358353E-002 -0.839602803011033E+001
  0.100000000000000E+001  0.167899288720286E+002  0.298443896871033E+000  0.149603250859742E-001  0.125081690430013E+001  0.100050033358353E-002 -0.839496443601429E+001
  0.100000000000000E+001  0.167779225947600E+002  0.867290117871653E+000  0.812422378824425E-001  0.652391771651285E+000  0.100050033358353E-002 -0.838896129737998E+001
  0.100000000000000E+001  0.167772694363693E+002  0.885242350311565E+000  0.798879012420124E-001  0.609572491066189E+000  0.100050033358353E-002 -0.838863471818467E+001
  0.100000000000000E+001  0.167759146832284E+002  0.582046722308777E+000  0.553049051109117E-001  0.106567423049304E+001  0.100050033358353E-002 -0.838795734161419E+001
  0.100000000000000E+001  0.167702881059079E+002  0.586210601635454E+000  0.557105787534495E-001  0.106174701219104E+001  0.100050033358353E-002 -0.838514405295394E+001
  0.100000000000000E+001  0.167537300735356E+002  0.765641797759672E+000  0.774795215858312E-001  0.843028628759527E+000  0.100050033358353E-002 -0.837686503676778E+001
  0.100000000000000E+001  0.167533213190822E+002  0.257220399990742E+000  0.697669398564400E-002  0.126644588494548E+001  0.100050033358353E-002 -0.837666065954110E+001
  0.100000000000000E+001  0.167487915902551E+002  0.276667607426986E+000  0.917807021987792E-002  0.125938588205932E+001  0.100050033358353E-002 -0.837439579512755E+001
  0.100000000000000E+001  0.167333446311729E+002  0.242975015913119E+000  0.355294084967317E-002  0.127126839380700E+001  0.100050033358353E-002 -0.836667231558647E+001
  0.100000000000000E+001  0.167328339997148E+002  0.472192000108807E+000  0.367971832272931E-001  0.115523717180071E+001  0.100050033358353E-002 -0.836641699985739E+001
  0.100000000000000E+001  0.167263821929435E+002  0.449732438627233E+000  0.329655703387070E-001  0.117052805652385E+001  0.100050033358353E-002 -0.836319109647174E+001
  0.100000000000000E+001  0.167257528133692E+002  0.490271333102825E+000  0.392544526126377E-001  0.114222890677030E+001  0.100050033358353E-002 -0.836287640668460E+001
  0.100000000000000E+001  0.167226220139493E+002  0.341585657509627E+000  0.163800991057012E-001  0.123171374656308E+001  0.100050033358353E-002 -0.836131100697463E+001
  0.100000000000000E+001  0.167023174312607E+002  0.825051290778616E+000  0.795099829969286E-001  0.740532037592857E+000  0.100050033358353E-002 -0.835115871563034E+001
  0.100000000000000E+001  0.167001107893146E+002  0.967729581475686E+000  0.498178547630019E-001  0.330244771064721E+000  0.100050033358353E-002 -0.835005539465732E+001
  0.100000000000000E+001  0.166974733288905E+002  0.923911459335657E+000  0.709082820228597E-001  0.501421684715723E+000  0.100050033358353E-002 -0.834873666444523E+001
  0.100000000000000E+001  0.166958895466168E+002  0.241797628815066E+000  0.131875952743526E-003  0.127165389539941E+001  0.100050033358353E-002 -0.834794477330838E+001
  0.100000000000000E+001  0.166924357727278E+002  0.324550366404192E+000  0.118087923654976E-001  0.123960028514306E+001  0.100050033358353E-002 -0.834621788636390E+001
  0.100000000000000E+001  0.166888030598721E+002  0.459545348012703E+000  0.325346578867013E-001  0.116396352186138E+001  0.100050033358353E-002 -0.834440152993605E+001
  0.100000000000000E+001  0.166818210170941E+002  0.388271944898129E+000  0.209143396317068E-001  0.120772322102704E+001  0.100050033358353E-002 -0.834091050854705E+001
  0.100000000000000E+001  0.166789529973662E+002  0.435750439038898E+000  0.282299261410224E-001  0.117957629822002E+001  0.100050033358353E-002 -0.833947649868308E+001
  0.100000000000000E+001  0.166719186701107E+002  0.861428135608310E+000  0.785271977029351E-001  0.665597390739109E+000  0.100050033358353E-002 -0.833595933505534E+001
  0.100000000000000E+001  0.166666298302329E+002  0.499482644758515E+000  0.377927445420992E-001  0.113535384738179E+001  0.100050033358353E-002 -0.833331491511646E+001
  0.100000000000000E+001  0.166532131088924E+002  0.338574195364675E+000  0.111162352616459E-001  0.123314099297264E+001  0.100050033358353E-002 -0.832660655444622E+001
  0.100000000000000E+001  0.166386452443086E+002  0.869639012460632E+000  0.772094538534145E-001  0.646999053560781E+000  0.100050033358353E-002 -0.831932262215428E+001
  0.100000000000000E+001  0.166343063938075E+002  0.435749014159677E+000  0.257042756667156E-001  0.117957720226671E+001  0.100050033358353E-002 -0.831715319690373E+001
  0.100000000000000E+001  0.166298771701225E+002  0.365731410200030E+000  0.138409184761489E-001  0.121974822558254E+001  0.100050033358353E-002 -0.831493858506125E+001
  0.100000000000000E+001  0.166274718388479E+002  0.910100644007626E+000  0.721582330935010E-001  0.543071934628444E+000  0.100050033358353E-002 -0.831373591942397E+001
  0.100000000000000E+001  0.166247159912438E+002  0.296199596357859E+000  0.197292174246966E-002  0.125173282284267E+001  0.100050033358353E-002 -0.831235799562191E+001
  0.100000000000000E+001  0.166104447912126E+002  0.399866845244961E+000  0.182518227417572E-001  0.120120772837559E+001  0.100050033358353E-002 -0.830522239560632E+001
  0.100000000000000E+001  0.166072859419343E+002  0.954983253329257E+000  0.557272446647464E-001  0.388785014794780E+000  0.100050033358353E-002 -0.830364297096714E+001
  0.100000000000000E+001  0.166071485586417E+002  0.465620245054928E+000  0.291566857452212E-001  0.115980952108951E+001  0.100050033358353E-002 -0.830357427932087E+001
  0.100000000000000E+001  0.166046840349664E+002  0.526679514549306E+000  0.392833716257940E-001  0.111404448593098E+001  0.100050033358353E-002 -0.830234201748322E+001
  0.100000000000000E+001  0.166007910440933E+002  0.782202343851890E+000  0.741704134514035E-001  0.816499738174629E+000  0.100050033358353E-002 -0.830039552204666E+001
  0.100000000000000E+001  0.165964098744932E+002  0.554970069372128E+000  0.435244627469361E-001  0.109020098724524E+001  0.100050033358353E-002 -0.829820493724662E+001
  0.100000000000000E+001  0.165963812436311E+002  0.731263121213656E+000  0.690225742830122E-001  0.893914778120437E+000  0.100050033358353E-002 -0.829819062181555E+001
  0.100000000000000E+001  0.165886326664419E+002  0.762396579056397E+000  0.720851376208839E-001  0.848064939076492E+000  0.100050033358353E-002 -0.829431633322097E+001
  0.100000000000000E+001  0.165832961014204E+002  0.692189642298534E+000  0.637773961110927E-001  0.945838689213878E+000  0.100050033358353E-002 -0.829164805071018E+001
  0.100000000000000E+001  0.165810221799999E+002  0.679201930455655E+000  0.618901246820669E-001  0.961874207174981E+000  0.100050033358353E-002 -0.829051108999997E+001
  0.100000000000000E+001  0.165791301082245E+002  0.628815642236709E+000  0.545155051028466E-001  0.101901773482268E+001  0.100050033358353E-002 -0.828956505411225E+001
  0.100000000000000E+001  0.165726429712140E+002  0.708972470146315E+000  0.655217465247734E-001  0.924241603141663E+000  0.100050033358353E-002 -0.828632148560698E+001
  0.100000000000000E+001  0.165648308946305E+002  0.619529038662600E+000  0.524611942392800E-001  0.102874105330071E+001  0.100050033358353E-002 -0.828241544731527E+001
  0.100000000000000E+001  0.165579041699480E+002  0.340472527419653E+000  0.411529934381524E-002  0.123224296645678E+001  0.100050033358353E-002 -0.827895208497401E+001
  0.100000000000000E+001  0.165503381706325E+002  0.711748980019153E+000  0.651022113451274E-001  0.920569133372138E+000  0.100050033358353E-002 -0.827516908531626E+001
  0.100000000000000E+001  0.165432995862548E+002  0.968511843946485E+000  0.441699310497625E-001  0.326282344537635E+000  0.100050033358353E-002 -0.827164979312742E+001
  0.100000000000000E+001  0.165395831853717E+002  0.907956971117545E+000  0.700351239241405E-001  0.549200194774478E+000  0.100050033358353E-002 -0.826979159268584E+001
  0.100000000000000E+001  0.165364355967891E+002  0.901686090434540E+000  0.710075233356732E-001  0.566666895437142E+000  0.100050033358353E-002 -0.826821779839453E+001
  0.100000000000000E+001  0.165291280092823E+002  0.638274832929116E+000  0.539741730719469E-001  0.100886646567211E+001  0.100050033358353E-002 -0.826456400464114E+001
  0.100000000000000E+001  0.165069009162522E+002  0.816085933948591E+000  0.733651655085066E-001  0.757402290364723E+000  0.100050033358353E-002 -0.825345045812608E+001
  0.100000000000000E+001  0.165026258161173E+002  0.609498154245507E+000  0.482712749262559E-001  0.103898129914134E+001  0.100050033358353E-002 -0.825131290805867E+001
  0.100000000000000E+001  0.164963077689437E+002  0.392753395504735E+000  0.888612283887064E-002  0.120523186159274E+001  0.100050033358353E-002 -0.824815388447187E+001
  0.100000000000000E+001  0.164922094790908E+002  0.809993853682012E+000  0.726043917989573E-001  0.768552108920972E+000  0.100050033358353E-002 -0.824610473954542E+001
  0.100000000000000E+001  0.164909105287857E+002  0.447190359794975E+000  0.189723139946142E-001  0.117219962493664E+001  0.100050033358353E-002 -0.824545526439286E+001
  0.100000000000000E+001  0.164879446747659E+002  0.964764033481052E+000  0.454029646050928E-001  0.344825391322771E+000  0.100050033358353E-002 -0.824397233738294E+001
  0.100000000000000E+001  0.164856761163399E+002  0.497709350609924E+000  0.280479479481852E-001  0.113669058026827E+001  0.100050033358353E-002 -0.824283805816994E+001
  0.100000000000000E+001  0.164733010277567E+002  0.559147901341947E+000  0.384318463732721E-001  0.108652833669267E+001  0.100050033358353E-002 -0.823665051387837E+001
  0.100000000000000E+001  0.164681666646760E+002  0.489201665267957E+000  0.254746971851002E-001  0.114301633409082E+001  0.100050033358353E-002 -0.823408333233798E+001
  0.100000000000000E+001  0.164649537580239E+002  0.409893370163038E+000  0.987258157155668E-002  0.119538919186974E+001  0.100050033358353E-002 -0.823247687901193E+001
  0.100000000000000E+001  0.164646138701899E+002  0.525721954483890E+000  0.320115628845024E-001  0.111482102890368E+001  0.100050033358353E-002 -0.823230693509496E+001
  0.100000000000000E+001  0.164607528742895E+002  0.544962066629596E+000  0.353072847498638E-001  0.109883796308259E+001  0.100050033358353E-002 -0.823037643714475E+001
  0.100000000000000E+001  0.164543356692741E+002  0.564926180531925E+000  0.385437649421264E-001  0.108138252461060E+001  0.100050033358353E-002 -0.822716783463706E+001
  0.100000000000000E+001  0.164508763312785E+002  0.918788152483556E+000  0.651138095675767E-001  0.517337729941895E+000  0.100050033358353E-002 -0.822543816563923E+001
  0.100000000000000E+001  0.164499978513316E+002  0.449613117295204E+000  0.167282622856729E-001  0.117060678287905E+001  0.100050033358353E-002 -0.822499892566580E+001
  0.100000000000000E+001  0.164469023936615E+002  0.601488792686703E+000  0.444982298182257E-001  0.104696741528294E+001  0.100050033358353E-002 -0.822345119683073E+001
  0.100000000000000E+001  0.164060616893518E+002  0.389227057171813E+000  0.399434815263944E-003  0.120719507537142E+001  0.100050033358353E-002 -0.820303084467589E+001
  0.100000000000000E+001  0.164058647073995E+002  0.952233852113463E+000  0.510223823940106E-001  0.400199897225956E+000  0.100050033358353E-002 -0.820293235369975E+001
  0.100000000000000E+001  0.163988196586211E+002  0.436070006204285E+000  0.102794730310288E-001  0.117937344944096E+001  0.100050033358353E-002 -0.819940982931055E+001
  0.100000000000000E+001  0.163736121281047E+002  0.519862404615062E+000  0.258484273638804E-001  0.111953051712921E+001  0.100050033358353E-002 -0.818680606405237E+001
  0.100000000000000E+001  0.163613231164581E+002  0.962137648001747E+000  0.431717817169095E-001  0.357206599022022E+000  0.100050033358353E-002 -0.818066155822904E+001
  0.100000000000000E+001  0.163544008335701E+002  0.618553061378604E+000  0.432995678278971E-001  0.102974924291090E+001  0.100050033358353E-002 -0.817720041678505E+001
  0.100000000000000E+001  0.163467838344629E+002  0.454281593028131E+000  0.103040593485418E-001  0.116750701486083E+001  0.100050033358353E-002 -0.817339191723146E+001
  0.100000000000000E+001  0.163394474350416E+002  0.506907098607381E+000  0.211634687350697E-001  0.112968811117858E+001  0.100050033358353E-002 -0.816972371752082E+001
  0.100000000000000E+001  0.163119532171995E+002  0.627971185100492E+000  0.429891795344205E-001  0.101991173769478E+001  0.100050033358353E-002 -0.815597660859976E+001
  0.100000000000000E+001  0.163092300490673E+002  0.435527816996460E+000  0.269524980624400E-002  0.117971750153728E+001  0.100050033358353E-002 -0.815461502453365E+001
  0.100000000000000E+001  0.163059298554886E+002  0.583724199381080E+000  0.345630206281365E-001  0.106409720504788E+001  0.100050033358353E-002 -0.815296492774428E+001
  0.100000000000000E+001  0.162952792395809E+002  0.518308197730873E+000  0.207738386401655E-001  0.112076752835996E+001  0.100050033358353E-002 -0.814763961979043E+001
  0.100000000000000E+001  0.162811595614452E+002  0.617366322377367E+000  0.396279984301226E-001  0.103097168435384E+001  0.100050033358353E-002 -0.814057978072262E+001
  0.100000000000000E+001  0.162808603758157E+002  0.477267918084670E+000  0.104428520870337E-001  0.115164905193375E+001  0.100050033358353E-002 -0.814043018790783E+001
  0.100000000000000E+001  0.162772128132726E+002  0.568703976645571E+000  0.301345028967767E-001  0.107797619241555E+001  0.100050033358353E-002 -0.813860640663628E+001
  0.100000000000000E+001  0.162730055696744E+002  0.606726768740751E+000  0.372914346635970E-001  0.104176353473457E+001  0.100050033358353E-002 -0.813650278483719E+001
  0.100000000000000E+001  0.162717716684967E+002  0.805507267432906E+000  0.651956767377293E-001  0.776608703076035E+000  0.100050033358353E-002 -0.813588583424837E+001
  0.100000000000000E+001  0.162247838173099E+002  0.732976066905330E+000  0.559956186522345E-001  0.891501997164336E+000  0.100050033358353E-002 -0.811239190865497E+001
  0.100000000000000E+001  0.162231646501166E+002  0.643290914939852E+000  0.416143791819936E-001  0.100337957475915E+001  0.100050033358353E-002 -0.811158232505831E+001
  0.100000000000000E+001  0.162212433043801E+002  0.872479589123676E+000  0.645416881691380E-001  0.640397077877876E+000  0.100050033358353E-002 -0.811062165219006E+001
  0.100000000000000E+001  0.162061609948772E+002  0.644585118652847E+000  0.410896874337656E-001  0.100195202125765E+001  0.100050033358353E-002 -0.810308049743858E+001
  0.100000000000000E+001  0.162031687344504E+002  0.918188492078963E+000  0.576020318879116E-001  0.519163059381676E+000  0.100050033358353E-002 -0.810158436722518E+001
  0.100000000000000E+001  0.161891823749074E+002  0.569956784954106E+000  0.253670407590059E-001  0.107683916534336E+001  0.100050033358353E-002 -0.809459118745369E+001
  0.100000000000000E+001  0.161826871487223E+002  0.880091235043237E+000  0.627840336439270E-001  0.622251383644135E+000  0.100050033358353E-002 -0.809134357436116E+001
  0.100000000000000E+001  0.161798469963143E+002  0.948766549847274E+000  0.454511848741473E-001  0.414102310271235E+000  0.100050033358353E-002 -0.808992349815714E+001
  0.100000000000000E+001  0.161792932040212E+002  0.874289723769353E+000  0.630858455014215E-001  0.636142917134494E+000  0.100050033358353E-002 -0.808964660201058E+001
  0.100000000000000E+001  0.161489944000342E+002  0.878547280943177E+000  0.618256336894788E-001  0.625987454993224E+000  0.100050033358353E-002 -0.807449720001710E+001
  0.100000000000000E+001  0.161483749843155E+002  0.595023736647341E+000  0.283750503019710E-001  0.105329325570227E+001  0.100050033358353E-002 -0.807418749215777E+001
  0.100000000000000E+001  0.161436055833283E+002  0.494847906332364E+000  0.438951189160475E-002  0.113883426624777E+001  0.100050033358353E-002 -0.807180279166415E+001
  0.100000000000000E+001  0.161431994922213E+002  0.800990113986515E+000  0.604752529148125E-001  0.784592104840707E+000  0.100050033358353E-002 -0.807159974611066E+001
  0.100000000000000E+001  0.161426638137680E+002  0.630573360252962E+000  0.353468805498089E-001  0.101715050691961E+001  0.100050033358353E-002 -0.807133190688399E+001
  0.100000000000000E+001  0.161360034571535E+002  0.939494888914410E+000  0.483752717173748E-001  0.448943093431861E+000  0.100050033358353E-002 -0.806800172857676E+001
  0.100000000000000E+001  0.161337354564105E+002  0.583859269549285E+000  0.251078597347126E-001  0.106396992394140E+001  0.100050033358353E-002 -0.806686772820527E+001
  0.100000000000000E+001  0.161334027312831E+002  0.620258513033290E+000  0.328051665582638E-001  0.102798581748965E+001  0.100050033358353E-002 -0.806670136564154E+001
  0.100000000000000E+001  0.161303698750448E+002  0.896537928236678E+000  0.593563865203679E-001  0.580526828741595E+000  0.100050033358353E-002 -0.806518493752239E+001
  0.100000000000000E+001  0.161298112521072E+002  0.514965801346352E+000  0.810144676870062E-002  0.112341065520238E+001  0.100050033358353E-002 -0.806490562605360E+001
  0.100000000000000E+001  0.161011628919358E+002  0.900046204407889E+000  0.578769572210872E-001  0.571126971110987E+000  0.100050033358353E-002 -0.805058144596792E+001
  0.100000000000000E+001  0.160977462145000E+002  0.624539815249990E+000  0.317907732262281E-001  0.102352408887136E+001  0.100050033358353E-002 -0.804887310725001E+001
  0.100000000000000E+001  0.160959591025611E+002  0.950102132664727E+000  0.417972955534871E-001  0.408809156284957E+000  0.100050033358353E-002 -0.804797955128055E+001
  0.100000000000000E+001  0.160888542550758E+002  0.980303522187479E+000  0.135740709676978E-001  0.258827912236920E+000  0.100050033358353E-002 -0.804442712753792E+001
  0.100000000000000E+001  0.160843438070194E+002  0.575182753712511E+000  0.200542880430774E-001  0.107205603881049E+001  0.100050033358353E-002 -0.804217190350968E+001
  0.100000000000000E+001  0.160752329664981E+002  0.689803708115248E+000  0.431217226097910E-001  0.948827741690106E+000  0.100050033358353E-002 -0.803761648324904E+001
  0.100000000000000E+001  0.160734239369572E+002  0.735578450652793E+000  0.503648889268773E-001  0.887812981798843E+000  0.100050033358353E-002 -0.803671196847860E+001
  0.100000000000000E+001  0.160582764000132E+002  0.780829637172277E+000  0.555274822801640E-001  0.818753264020437E+000  0.100050033358353E-002 -0.802913820000660E+001
  0.100000000000000E+001  0.160545295571096E+002  0.517300884214485E+000  0.215309728342039E-002  0.112156655651146E+001  0.100050033358353E-002 -0.802726477855482E+001
  0.100000000000000E+001  0.160375237558091E+002  0.644673164750496E+000  0.327418216285607E-001  0.100185472500912E+001  0.100050033358353E-002 -0.801876187790457E+001
  0.100000000000000E+001  0.160372734752221E+002  0.540236141417728E+000  0.751167366568103E-002  0.110283873923761E+001  0.100050033358353E-002 -0.801863673761105E+001
  0.100000000000000E+001  0.160331706785794E+002  0.532209252205971E+000  0.478309955975177E-002  0.110952169308363E+001  0.100050033358353E-002 -0.801658533928970E+001
  0.100000000000000E+001  0.160271622411094E+002  0.581712698084697E+000  0.178567312049133E-001  0.106598743268010E+001  0.100050033358353E-002 -0.801358112055470E+001
  0.100000000000000E+001  0.160216266019769E+002  0.785742436384153E+000  0.546345834280986E-001  0.810640755527580E+000  0.100050033358353E-002 -0.801081330098845E+001
  0.100000000000000E+001  0.160192304079777E+002  0.904129461221534E+000  0.544871060523027E-001  0.559940349481733E+000  0.100050033358353E-002 -0.800961520398887E+001
  0.100000000000000E+001  0.160183381340103E+002  0.804681525591889E+000  0.562897364171865E-001  0.778077562440220E+000  0.100050033358353E-002 -0.800916906700515E+001
  0.100000000000000E+001  0.160110376738663E+002  0.854516035232596E+000  0.581086117948816E-001  0.680728297153587E+000  0.100050033358353E-002 -0.800551883693313E+001
  0.100000000000000E+001  0.159975360556598E+002  0.638727934197897E+000  0.293245885917545E-001  0.100837382374494E+001  0.100050033358353E-002 -0.799876802782992E+001
  0.100000000000000E+001  0.159774388756101E+002  0.854707355843189E+000  0.569336414442295E-001  0.680315639097318E+000  0.100050033358353E-002 -0.798871943780503E+001
  0.100000000000000E+001  0.159704659306632E+002  0.800648705380399E+000  0.541649630844349E-001  0.785190380672156E+000  0.100050033358353E-002 -0.798523296533162E+001
  0.100000000000000E+001  0.159618106522105E+002  0.653948420743623E+000  0.306216359657531E-001  0.991476311252044E+000  0.100050033358353E-002 -0.798090532610527E+001
  0.100000000000000E+001  0.159594487371916E+002  0.870661153747546E+000  0.559202216711328E-001  0.644633689826419E+000  0.100050033358353E-002 -0.797972436859582E+001
  0.100000000000000E+001  0.159533103729147E+002  0.864837554602380E+000  0.559144948629863E-001  0.657959962591841E+000  0.100050033358353E-002 -0.797665518645737E+001
  0.100000000000000E+001  0.159405554964139E+002  0.568429711911078E+000  0.775329954057546E-002  0.107822461677433E+001  0.100050033358353E-002 -0.797027774820697E+001
  0.100000000000000E+001  0.159393974039120E+002  0.728840206502729E+000  0.436604816295722E-001  0.897306921985886E+000  0.100050033358353E-002 -0.796969870195598E+001
  0.100000000000000E+001  0.159344824177687E+002  0.852164613989040E+000  0.554124256645385E-001  0.685772293524712E+000  0.100050033358353E-002 -0.796724120888434E+001
  0.100000000000000E+001  0.159081650641571E+002  0.684293380932113E+000  0.340836470891263E-001  0.955656148551020E+000  0.100050033358353E-002 -0.795408253207857E+001
  0.100000000000000E+001  0.158558474279852E+002  0.956654416099820E+000  0.285361974939956E-001  0.381663330912232E+000  0.100050033358353E-002 -0.792792371399259E+001
  0.100000000000000E+001  0.158552183815483E+002  0.623754810562412E+000  0.169825704106125E-001  0.102434593185155E+001  0.100050033358353E-002 -0.792760919077415E+001
  0.100000000000000E+001  0.158431475265170E+002  0.654106236344643E+000  0.238624397650191E-001  0.991297496008230E+000  0.100050033358353E-002 -0.792157376325848E+001
  0.100000000000000E+001  0.158409252218989E+002  0.737794494634469E+000  0.406739472617065E-001  0.884649131012334E+000  0.100050033358353E-002 -0.792046261094947E+001
  0.100000000000000E+001  0.158380158589066E+002  0.595822295938270E+000  0.760710706566902E-002  0.105251764230969E+001  0.100050033358353E-002 -0.791900792945330E+001
  0.100000000000000E+001  0.158283337410831E+002  0.970840115341724E+000  0.142359518516215E-001  0.314173493562017E+000  0.100050033358353E-002 -0.791416687054157E+001
  0.100000000000000E+001  0.158224488093440E+002  0.909749315525428E+000  0.465129449444925E-001  0.544082023947163E+000  0.100050033358353E-002 -0.791122440467201E+001
  0.100000000000000E+001  0.158163980381021E+002  0.582978565661822E+000  0.130722255624405E-002  0.106479903703619E+001  0.100050033358353E-002 -0.790819901905103E+001
  0.100000000000000E+001  0.157830826881014E+002  0.976017282090196E+000  0.512642217698400E-002  0.285295888272497E+000  0.100050033358353E-002 -0.789154134405072E+001
  0.100000000000000E+001  0.157828503239922E+002  0.849622768096185E+000  0.497874634293837E-001  0.691167913101252E+000  0.100050033358353E-002 -0.789142516199610E+001
  0.100000000000000E+001  0.157811194589153E+002  0.685364928760759E+000  0.274486324997331E-001  0.954336391430973E+000  0.100050033358353E-002 -0.789055972945764E+001
  0.100000000000000E+001  0.157766087352936E+002  0.675222736554717E+000  0.248654810230962E-001  0.966673987353266E+000  0.100050033358353E-002 -0.788830436764680E+001
  0.100000000000000E+001  0.157631544224506E+002  0.892900364260124E+000  0.470662475560354E-001  0.590077177868090E+000  0.100050033358353E-002 -0.788157721122528E+001
  0.100000000000000E+001  0.157592046451878E+002  0.748574098723406E+000  0.386849488119980E-001  0.868956371530627E+000  0.100050033358353E-002 -0.787960232259388E+001
  0.100000000000000E+001  0.157519085930296E+002  0.902608805831962E+000  0.452565426920830E-001  0.564138241466468E+000  0.100050033358353E-002 -0.787595429651478E+001
  0.100000000000000E+001  0.157485793541488E+002  0.629460080206848E+000  0.107844160161891E-001  0.101833414941969E+001  0.100050033358353E-002 -0.787428967707440E+001
  0.100000000000000E+001  0.157482551228150E+002  0.747554843084491E+000  0.379769774189608E-001  0.870462111413689E+000  0.100050033358353E-002 -0.787412756140749E+001
  0.100000000000000E+001  0.157479795810490E+002  0.820390725089942E+000  0.471092876544169E-001  0.749372291150046E+000  0.100050033358353E-002 -0.787398979052451E+001
  0.100000000000000E+001  0.157216890275136E+002  0.808050273537494E+000  0.449685172484180E-001  0.772058028512617E+000  0.100050033358353E-002 -0.786084451375682E+001
  0.100000000000000E+001  0.157160510310188E+002  0.683077854851401E+000  0.230908581384490E-001  0.957148537353314E+000  0.100050033358353E-002 -0.785802551550939E+001
  0.100000000000000E+001  0.157122339131364E+002  0.782699776244959E+000  0.416595310036258E-001  0.815680604110499E+000  0.100050033358353E-002 -0.785611695656822E+001
  0.100000000000000E+001  0.156763151289778E+002  0.876047651139898E+000  0.452371955881895E-001  0.631975521191352E+000  0.100050033358353E-002 -0.783815756448890E+001
  0.100000000000000E+001  0.156731722087844E+002  0.666829959538832E+000  0.160909582028933E-001  0.976628881561923E+000  0.100050033358353E-002 -0.783658610439219E+001
  0.100000000000000E+001  0.156606736350791E+002  0.777450306424729E+000  0.385780985978447E-001  0.824258013054256E+000  0.100050033358353E-002 -0.783033681753957E+001
  0.100000000000000E+001  0.156560686667267E+002  0.727136388130686E+000  0.295098803438573E-001  0.899677941666595E+000  0.100050033358353E-002 -0.782803433336335E+001
  0.100000000000000E+001  0.156487984381093E+002  0.849578495415343E+000  0.445342261028244E-001  0.691261376076889E+000  0.100050033358353E-002 -0.782439921905466E+001
  0.100000000000000E+001  0.156216583849063E+002  0.928904686188012E+000  0.335107226222325E-001  0.485318465262656E+000  0.100050033358353E-002 -0.781082919245314E+001
  0.100000000000000E+001  0.156137089349071E+002  0.663795440068488E+000  0.108118198284155E-001  0.980172939239562E+000  0.100050033358353E-002 -0.780685446745354E+001
  0.100000000000000E+001  0.156095860865425E+002  0.682019397514391E+000  0.158679440331988E-001  0.958444032212147E+000  0.100050033358353E-002 -0.780479304327126E+001
  0.100000000000000E+001  0.155995681006679E+002  0.674509480923461E+000  0.129846965491668E-001  0.967528842826333E+000  0.100050033358353E-002 -0.779978405033395E+001
  0.100000000000000E+001  0.155957577737740E+002  0.658522866721167E+000  0.765930446292340E-002  0.986262428252895E+000  0.100050033358353E-002 -0.779787888688699E+001
  0.100000000000000E+001  0.155831431624865E+002  0.873096146390414E+000  0.416725080231064E-001  0.638952220868941E+000  0.100050033358353E-002 -0.779157158124324E+001
  0.100000000000000E+001  0.155726355064535E+002  0.949705924398895E+000  0.211691429184949E-001  0.410387301919432E+000  0.100050033358353E-002 -0.778631775322675E+001
  0.100000000000000E+001  0.155696512699738E+002  0.685335372061577E+000  0.139610603107283E-001  0.954372846720478E+000  0.100050033358353E-002 -0.778482563498692E+001
  0.100000000000000E+001  0.155661360980424E+002  0.662235049079897E+000  0.639066372108538E-002  0.981984091948573E+000  0.100050033358353E-002 -0.778306804902120E+001
  0.100000000000000E+001  0.155537358441389E+002  0.648657151387108E+000  0.159565912395548E-003  0.997428281321708E+000  0.100050033358353E-002 -0.777686792206946E+001
  0.100000000000000E+001  0.155480360536890E+002  0.689030307167615E+000  0.134587202659001E-001  0.949792415501528E+000  0.100050033358353E-002 -0.777401802684448E+001
  0.100000000000000E+001  0.155460774795061E+002  0.810158607732589E+000  0.375009957223693E-001  0.768253794084591E+000  0.100050033358353E-002 -0.777303873975307E+001
  0.100000000000000E+001  0.155276937319862E+002  0.937948760423594E+000  0.257557680883295E-001  0.454461732295875E+000  0.100050033358353E-002 -0.776384686599309E+001
  0.100000000000000E+001  0.155260005004813E+002  0.800977078000631E+000  0.354899960016012E-001  0.784614961835599E+000  0.100050033358353E-002 -0.776300025024063E+001
  0.100000000000000E+001  0.155207905272116E+002  0.809222140421908E+000  0.362173705123953E-001  0.769947080512317E+000  0.100050033358353E-002 -0.776039526360582E+001
  0.100000000000000E+001  0.155074681681390E+002  0.769283135014304E+000  0.296989928776304E-001  0.837315794513239E+000  0.100050033358353E-002 -0.775373408406951E+001
  0.100000000000000E+001  0.155052212734897E+002  0.760142053841455E+000  0.278884783135057E-001  0.851533736369007E+000  0.100050033358353E-002 -0.775261063674487E+001
  0.100000000000000E+001  0.155035208529407E+002  0.845233882263200E+000  0.382861359742479E-001  0.700349137681326E+000  0.100050033358353E-002 -0.775176042647037E+001
  0.100000000000000E+001  0.154882067693662E+002  0.717516788148784E+000  0.171860498515473E-001  0.912846511843547E+000  0.100050033358353E-002 -0.774410338468308E+001
  0.100000000000000E+001  0.154771959690783E+002  0.776159184155149E+000  0.293100578917391E-001  0.826345234026268E+000  0.100050033358353E-002 -0.773859798453914E+001
  0.100000000000000E+001  0.154737443682210E+002  0.722164097149124E+000  0.174353624568536E-001  0.906530441085215E+000  0.100050033358353E-002 -0.773687218411048E+001
  0.100000000000000E+001  0.154692916462288E+002  0.932799174125285E+000  0.254578748229745E-001  0.472314865429143E+000  0.100050033358353E-002 -0.773464582311442E+001
  0.100000000000000E+001  0.154650992096665E+002  0.673699194294345E+000  0.128444831130159E-002  0.968497982352841E+000  0.100050033358353E-002 -0.773254960483327E+001
  0.100000000000000E+001  0.154634443674676E+002  0.949836913977594E+000  0.159070953722266E-001  0.409866299693354E+000  0.100050033358353E-002 -0.773172218373382E+001
  0.100000000000000E+001  0.154564449435229E+002  0.909212389202342E+000  0.321306028624714E-001  0.545621354331601E+000  0.100050033358353E-002 -0.772822247176147E+001
  0.100000000000000E+001  0.154489330254092E+002  0.902987831020103E+000  0.330102643227425E-001  0.563095499826682E+000  0.100050033358353E-002 -0.772446651270460E+001
  0.100000000000000E+001  0.154479300886862E+002  0.927197033978187E+000  0.266841204414465E-001  0.490894921856864E+000  0.100050033358353E-002 -0.772396504434308E+001
  0.100000000000000E+001  0.154342836118007E+002  0.727906115583169E+000  0.162869575897589E-001  0.898608257094674E+000  0.100050033358353E-002 -0.771714180590036E+001
  0.100000000000000E+001  0.154254505047987E+002  0.793089550649846E+000  0.293597877000175E-001  0.798257753357365E+000  0.100050033358353E-002 -0.771272525239936E+001
  0.100000000000000E+001  0.153940876994384E+002  0.729171441708030E+000  0.138013688768614E-001  0.896844604572582E+000  0.100050033358353E-002 -0.769704384971918E+001
  0.100000000000000E+001  0.153933511664965E+002  0.688573380152470E+000  0.838179824805829E-004  0.950361378818134E+000  0.100050033358353E-002 -0.769667558324826E+001
  0.100000000000000E+001  0.153888869682920E+002  0.932791091356590E+000  0.217423117453265E-001  0.472342281429084E+000  0.100050033358353E-002 -0.769444348414600E+001
  0.100000000000000E+001  0.153816956229303E+002  0.886392278709246E+000  0.322016461848495E-001  0.606695639067282E+000  0.100050033358353E-002 -0.769084781146514E+001
  0.100000000000000E+001  0.153815227342178E+002  0.791946428952502E+000  0.268323513329667E-001  0.800204596980306E+000  0.100050033358353E-002 -0.769076136710891E+001
  0.100000000000000E+001  0.153712571098294E+002  0.778804789242060E+000  0.239317713915524E-001  0.822058924452155E+000  0.100050033358353E-002 -0.768562855491469E+001
  0.100000000000000E+001  0.153656609779114E+002  0.737004380334811E+000  0.139334209274871E-001  0.885779567497351E+000  0.100050033358353E-002 -0.768283048895569E+001
  0.100000000000000E+001  0.153574646782551E+002  0.702556579566559E+000  0.210558647737291E-002  0.932618237002652E+000  0.100050033358353E-002 -0.767873233912757E+001
  0.100000000000000E+001  0.153489324322773E+002  0.943195417107904E+000  0.144432512773526E-001  0.435412477231811E+000  0.100050033358353E-002 -0.767446621613866E+001
  0.100000000000000E+001  0.153338477666579E+002  0.940623971669824E+000  0.151614142528594E-001  0.444863947934759E+000  0.100050033358353E-002 -0.766692388332895E+001
  0.100000000000000E+001  0.153283724250317E+002  0.883343331961086E+000  0.299968359968035E-001  0.614285801219053E+000  0.100050033358353E-002 -0.766418621251587E+001
  0.100000000000000E+001  0.153145996958537E+002  0.733978709826545E+000  0.921929981780367E-002  0.890084056359331E+000  0.100050033358353E-002 -0.765729984792684E+001
  0.100000000000000E+001  0.153044699739264E+002  0.815298828441059E+000  0.261121836038454E-001  0.758856804082225E+000  0.100050033358353E-002 -0.765223498696319E+001
  0.100000000000000E+001  0.152626878034741E+002  0.746501722293601E+000  0.893039092985148E-002  0.872012999753975E+000  0.100050033358353E-002 -0.763134390173707E+001
  0.100000000000000E+001  0.152431740589513E+002  0.882340990436913E+000  0.259706222398084E-001  0.616755012309821E+000  0.100050033358353E-002 -0.762158702947567E+001
  0.100000000000000E+001  0.152157831080242E+002  0.755747490537757E+000  0.798118953859256E-002  0.858225647636116E+000  0.100050033358353E-002 -0.760789155401208E+001
  0.100000000000000E+001  0.152016581807487E+002  0.876014889462689E+000  0.242048239155032E-001  0.632053515078997E+000  0.100050033358353E-002 -0.760082909037437E+001
  0.100000000000000E+001  0.151774176015066E+002  0.781430402660179E+000  0.120707426211544E-001  0.817768258949754E+000  0.100050033358353E-002 -0.758870880075331E+001
  0.100000000000000E+001  0.151743407798090E+002  0.818891675458854E+000  0.191837835860775E-001  0.752183093576669E+000  0.100050033358353E-002 -0.758717038990449E+001
  0.100000000000000E+001  0.151735895879970E+002  0.770432358831278E+000  0.890501239009561E-002  0.835499027996104E+000  0.100050033358353E-002 -0.758679479399850E+001
  0.100000000000000E+001  0.151562260968569E+002  0.809068916357947E+000  0.164622059034354E-001  0.770223594209051E+000  0.100050033358353E-002 -0.757811304842843E+001
  0.100000000000000E+001  0.151538879848843E+002  0.853381548132639E+000  0.214833202230413E-001  0.683168252299534E+000  0.100050033358353E-002 -0.757694399244217E+001
  0.100000000000000E+001  0.151449072189522E+002  0.806799693369087E+000  0.153112693870400E-001  0.774301059393172E+000  0.100050033358353E-002 -0.757245360947608E+001
  0.100000000000000E+001  0.151414514689612E+002  0.842815455237392E+000  0.200545509293140E-001  0.705337196750787E+000  0.100050033358353E-002 -0.757072573448059E+001
  0.100000000000000E+001  0.151391750789835E+002  0.880937425244029E+000  0.206773361779525E-001  0.620191418372462E+000  0.100050033358353E-002 -0.756958753949175E+001
  0.100000000000000E+001  0.151377150997236E+002  0.847781136265828E+000  0.202297778468615E-001  0.695041035294464E+000  0.100050033358353E-002 -0.756885754986178E+001
  0.100000000000000E+001  0.151228914371288E+002  0.764552287099287E+000  0.243478753935245E-002  0.844725194878046E+000  0.100050033358353E-002 -0.756144571856442E+001
  0.100000000000000E+001  0.151187166471901E+002  0.850071194756917E+000  0.192900352861146E-001  0.690220262352098E+000  0.100050033358353E-002 -0.755935832359504E+001
  0.100000000000000E+001  0.151029961640318E+002  0.911453209463882E+000  0.142906799972441E-001  0.539161895632341E+000  0.100050033358353E-002 -0.755149808201589E+001
  0.100000000000000E+001  0.151004690822912E+002  0.766785965675431E+000  0.155196449358013E-002  0.841240659141441E+000  0.100050033358353E-002 -0.755023454114559E+001
  0.100000000000000E+001  0.150961248306140E+002  0.789384021725588E+000  0.797538739549186E-002  0.804541366878402E+000  0.100050033358353E-002 -0.754806241530701E+001
  0.100000000000000E+001  0.150916687478518E+002  0.838103830438559E+000  0.166161497581607E-001  0.714914738562072E+000  0.100050033358353E-002 -0.754583437392589E+001
  0.100000000000000E+001  0.150722702665658E+002  0.898186325408930E+000  0.152097417935433E-001  0.576133886485860E+000  0.100050033358353E-002 -0.753613513328292E+001
  0.100000000000000E+001  0.150687681731570E+002  0.826772465291657E+000  0.136717730282735E-001  0.737227682762315E+000  0.100050033358353E-002 -0.753438408657849E+001
  0.100000000000000E+001  0.150266969814833E+002  0.876763646831283E+000  0.144373653257713E-001  0.630267849568362E+000  0.100050033358353E-002 -0.751334849074164E+001
  0.100000000000000E+001  0.150241204474394E+002  0.787938401800680E+000  0.147122141752365E-002  0.806971570667968E+000  0.100050033358353E-002 -0.751206022371972E+001
  0.100000000000000E+001  0.150061570893924E+002  0.895566282658313E+000  0.116797631029085E-001  0.583096990301185E+000  0.100050033358353E-002 -0.750307854469618E+001
  0.100000000000000E+001  0.149795547794098E+002  0.839871440141764E+000  0.940554132541868E-002  0.711343031792834E+000  0.100050033358353E-002 -0.748977738970489E+001
  0.100000000000000E+001  0.149775398187212E+002  0.891503187028222E+000  0.103987258701314E-001  0.593694428052136E+000  0.100050033358353E-002 -0.748876990936059E+001
  0.100000000000000E+001  0.149484161577898E+002  0.869771806414651E+000  0.950769309443380E-002  0.646692397432171E+000  0.100050033358353E-002 -0.747420807889491E+001
  0.100000000000000E+001  0.149479197537057E+002  0.824298706350705E+000  0.438566560255038E-002  0.741970089671220E+000  0.100050033358353E-002 -0.747395987685287E+001
  0.100000000000000E+001  0.149364829269496E+002  0.892492379313377E+000  0.761389214457697E-002  0.591136313047853E+000  0.100050033358353E-002 -0.746824146347479E+001
  0.100000000000000E+001  0.149172336298546E+002  0.918930144838253E+000  0.251095288597737E-003  0.516904395144096E+000  0.100050033358353E-002 -0.745861681492730E+001
  0.100000000000000E+001  0.149121359457970E+002  0.852488668169742E+000  0.595289499674215E-002  0.685080199899788E+000  0.100050033358353E-002 -0.745606797289852E+001
  0.100000000000000E+001  0.149023246663263E+002  0.850675362759684E+000  0.501489711816833E-002  0.688940632761522E+000  0.100050033358353E-002 -0.745116233316317E+001
  0.100000000000000E+001  0.148984812516094E+002  0.879210332134034E+000  0.595622348322322E-002  0.624386540997847E+000  0.100050033358353E-002 -0.744924062580470E+001
  0.100000000000000E+001  0.148737899568489E+002  0.838240308184077E+000  0.867238889731569E-003  0.714639869311922E+000  0.100050033358353E-002 -0.743689497842445E+001
  0.100000000000000E+001  0.148462752685026E+002  0.875373033550288E+000  0.214155000653171E-002  0.633579021896574E+000  0.100050033358353E-002 -0.742313763425129E+001
