  0.482750737620248E+000  0.653877875751486E-001  0.114771737952542E+001  0.100050033358353E-002 -0.869524481302059E+001 -0.869524481302059E+001 -0.100000000000000E+031
  0.855286161853824E+000  0.100305852782915E+000  0.679065125946124E+000  0.100050033358353E-002 -0.874956381209451E+001 -0.874956381209451E+001 -0.100000000000000E+031
  0.735578450652793E+000  0.503648889268773E-001  0.887812981798843E+000  0.100050033358353E-002 -0.803671196847860E+001 -0.803671196847860E+001 -0.100000000000000E+031
  0.143891291073707E+000  0.488813598809705E-001  0.129690384541259E+001  0.100050033358353E-002 -0.884192994398799E+001 -0.884192994398799E+001 -0.100000000000000E+031
  0.517389737259160E+000  0.903616433054215E-001  0.112149616127094E+001  0.100050033358353E-002 -0.903412511291379E+001 -0.903412511291379E+001 -0.100000000000000E+031
  0.875939236401609E+000  0.108061579912359E+000  0.632233570176501E+000  0.100050033358353E-002 -0.894207161679772E+001 -0.894207161679772E+001 -0.100000000000000E+031
  0.573327053081727E+000  0.871405540000666E-001  0.107376193120389E+001  0.100050033358353E-002 -0.887878444776757E+001 -0.887878444776757E+001 -0.100000000000000E+031
  0.340790129038756E+000  0.792317251134353E-001  0.123209216712744E+001  0.100050033358353E-002 -0.910415758927613E+001 -0.910415758927613E+001 -0.100000000000000E+031
  0.702556579566559E+000  0.210558647737291E-002  0.932618237002652E+000  0.100050033358353E-002 -0.767873233912757E+001 -0.767873233912757E+001 -0.100000000000000E+031
  0.527145125913207E+000  0.243514878145209E-001  0.111366618708004E+001  0.100050033358353E-002 -0.816177792417133E+001 -0.816177792417133E+001 -0.100000000000000E+031
  0.618553061378604E+000  0.432995678278971E-001  0.102974924291090E+001  0.100050033358353E-002 -0.817720041678505E+001 -0.817720041678505E+001 -0.100000000000000E+031
  0.505039397549448E+000  0.932606088026673E-001  0.113112393893276E+001  0.100050033358353E-002 -0.910531274252786E+001 -0.910531274252786E+001 -0.100000000000000E+031
  0.911939335896833E+000  0.865952479377561E-001  0.537748213252561E+000  0.100050033358353E-002 -0.859117464451460E+001 -0.859117464451460E+001 -0.100000000000000E+031
  0.394668596400366E+000  0.885852168835657E-001  0.120415684072661E+001  0.100050033358353E-002 -0.919080560431388E+001 -0.919080560431388E+001 -0.100000000000000E+031
  0.689253423293928E+000  0.101274744806613E+000  0.949514331267460E+000  0.100050033358353E-002 -0.892459958337449E+001 -0.892459958337449E+001 -0.100000000000000E+031
  0.816136548852807E+000  0.103629159082840E+000  0.757308614025526E+000  0.100050033358353E-002 -0.881184204771785E+001 -0.881184204771785E+001 -0.100000000000000E+031
  0.462548712153890E+000  0.503809618303009E-001  0.116191850251562E+001  0.100050033358353E-002 -0.853145629432357E+001 -0.853145629432357E+001 -0.100000000000000E+031
  0.389227057171813E+000  0.399434815263944E-003  0.120719507537142E+001  0.100050033358353E-002 -0.820303084467589E+001 -0.820303084467589E+001 -0.100000000000000E+031
  0.224467004182818E+000  0.133712783173700E-001  0.127709918290062E+001  0.100050033358353E-002 -0.844532186465397E+001 -0.844532186465397E+001 -0.100000000000000E+031
  0.898384197551559E+000  0.911524192762531E-001  0.575603762749953E+000  0.100050033358353E-002 -0.863493588005931E+001 -0.863493588005931E+001 -0.100000000000000E+031
  0.498191499519568E+000  0.749270907627670E-001  0.113632775607335E+001  0.100050033358353E-002 -0.881038271446995E+001 -0.881038271446995E+001 -0.100000000000000E+031
  0.112242439224398E+000  0.378803234565257E-001  0.130226049061787E+001  0.100050033358353E-002 -0.872705390824951E+001 -0.872705390824951E+001 -0.100000000000000E+031
  0.682019397514391E+000  0.158679440331988E-001  0.958444032212147E+000  0.100050033358353E-002 -0.780479304327126E+001 -0.780479304327126E+001 -0.100000000000000E+031
  0.407653997637688E+000  0.308050062866446E-001  0.119670369951737E+001  0.100050033358353E-002 -0.840247079307688E+001 -0.840247079307688E+001 -0.100000000000000E+031
  0.116862158658760E+000  0.140839100482181E-001  0.130156235489642E+001  0.100050033358353E-002 -0.850920333628888E+001 -0.850920333628888E+001 -0.100000000000000E+031
  0.412783057536279E+000  0.424905340304953E-001  0.119368014864759E+001  0.100050033358353E-002 -0.851394534044992E+001 -0.851394534044992E+001 -0.100000000000000E+031
  0.563917114915474E+000  0.690304917495526E-001  0.108228672373198E+001  0.100050033358353E-002 -0.860825015671372E+001 -0.860825015671372E+001 -0.100000000000000E+031
  0.363264803451372E+000  0.569704589181441E-001  0.122101354939804E+001  0.100050033358353E-002 -0.875425601750778E+001 -0.875425601750778E+001 -0.100000000000000E+031
  0.808280198480234E+000  0.111302068035048E+000  0.771644548514324E+000  0.100050033358353E-002 -0.897733320529990E+001 -0.897733320529990E+001 -0.100000000000000E+031
  0.508853704237294E+000  0.193166781788715E-001  0.112818402760684E+001  0.100050033358353E-002 -0.815211410667816E+001 -0.815211410667816E+001 -0.100000000000000E+031
  0.857805874963364E+000  0.113004889456343E+000  0.673584269383046E+000  0.100050033358353E-002 -0.902762333858879E+001 -0.902762333858879E+001 -0.100000000000000E+031
  0.522534600752113E+000  0.438149177278661E-001  0.111739180431731E+001  0.100050033358353E-002 -0.835800739652638E+001 -0.835800739652638E+001 -0.100000000000000E+031
  0.643290914939852E+000  0.416143791819936E-001  0.100337957475915E+001  0.100050033358353E-002 -0.811158232505831E+001 -0.811158232505831E+001 -0.100000000000000E+031
  0.732735827864438E+000  0.872217694326652E-001  0.891841121670780E+000  0.100050033358353E-002 -0.859070338001536E+001 -0.859070338001536E+001 -0.100000000000000E+031
  0.336830998642605E+000  0.382437744735600E-001  0.123396063768920E+001  0.100050033358353E-002 -0.856362764105284E+001 -0.856362764105284E+001 -0.100000000000000E+031
  0.192289990824759E+000  0.226179028306916E-002  0.128608485829387E+001  0.100050033358353E-002 -0.838994491914990E+001 -0.838994491914990E+001 -0.100000000000000E+031
  0.798580141140284E+000  0.113601078067822E+000  0.788800149578886E+000  0.100050033358353E-002 -0.903246496809223E+001 -0.903246496809223E+001 -0.100000000000000E+031
  0.501102691282974E+000  0.535306666920590E-001  0.113412709483613E+001  0.100050033358353E-002 -0.850883503275418E+001 -0.850883503275418E+001 -0.100000000000000E+031
  0.654415946597412E+000  0.366935709995733E-001  0.990946355057898E+000  0.100050033358353E-002 -0.803835987700883E+001 -0.803835987700883E+001 -0.100000000000000E+031
  0.508250408892544E+000  0.479347529183017E-001  0.112865100672110E+001  0.100050033358353E-002 -0.842903212745559E+001 -0.842903212745559E+001 -0.100000000000000E+031
  0.989509264590079E+000  0.350298968460082E-001  0.189333251584862E+000  0.100050033358353E-002 -0.850773939530518E+001 -0.850773939530518E+001 -0.100000000000000E+031
  0.384592184497825E+000  0.703499020742487E-001  0.120974374511152E+001  0.100050033358353E-002 -0.891128707467248E+001 -0.891128707467248E+001 -0.100000000000000E+031
  0.828565841074532E+000  0.109349069479971E+000  0.733761507869537E+000  0.100050033358353E-002 -0.892998735862614E+001 -0.892998735862614E+001 -0.100000000000000E+031
  0.883343331961086E+000  0.299968359968035E-001  0.614285801219053E+000  0.100050033358353E-002 -0.766418621251587E+001 -0.766418621251587E+001 -0.100000000000000E+031
  0.843783833324502E+000  0.996136021231183E-001  0.703345856539100E+000  0.100050033358353E-002 -0.872900040372480E+001 -0.872900040372480E+001 -0.100000000000000E+031
  0.568703976645571E+000  0.301345028967767E-001  0.107797619241555E+001  0.100050033358353E-002 -0.813860640663628E+001 -0.813860640663628E+001 -0.100000000000000E+031
  0.897791606103015E+000  0.865628258408274E-001  0.577189585512213E+000  0.100050033358353E-002 -0.854326538215659E+001 -0.854326538215659E+001 -0.100000000000000E+031
  0.851113581794353E+000  0.640424568161206E-001  0.688010424227698E+000  0.100050033358353E-002 -0.809390290818537E+001 -0.809390290818537E+001 -0.100000000000000E+031
  0.605674189569258E+000  0.847326065900913E-001  0.104281497516820E+001  0.100050033358353E-002 -0.877824053795184E+001 -0.877824053795184E+001 -0.100000000000000E+031
  0.256626797602174E+000  0.381473871597060E-002  0.126665269870406E+001  0.100050033358353E-002 -0.835747086848009E+001 -0.835747086848009E+001 -0.100000000000000E+031
  0.585714475064588E+000  0.211952241584672E-001  0.106221717365751E+001  0.100050033358353E-002 -0.803162889857808E+001 -0.803162889857808E+001 -0.100000000000000E+031
  0.864021934340512E+000  0.715410754386712E-001  0.659797829247974E+000  0.100050033358353E-002 -0.821757479285288E+001 -0.821757479285288E+001 -0.100000000000000E+031
  0.757465130790952E+000  0.755070962643848E-001  0.855620921233135E+000  0.100050033358353E-002 -0.835536364499836E+001 -0.835536364499836E+001 -0.100000000000000E+031
  0.861428135608310E+000  0.785271977029351E-001  0.665597390739109E+000  0.100050033358353E-002 -0.833595933505534E+001 -0.833595933505534E+001 -0.100000000000000E+031
  0.875373033550288E+000  0.214155000653171E-002  0.633579021896574E+000  0.100050033358353E-002 -0.742313763425129E+001 -0.742313763425129E+001 -0.100000000000000E+031
  0.174470949404149E+000  0.486145158102884E-001  0.129044132843090E+001  0.100050033358353E-002 -0.881951990550127E+001 -0.881951990550127E+001 -0.100000000000000E+031
  0.295200707346536E+000  0.470419734604263E-001  0.125213804085283E+001  0.100050033358353E-002 -0.870693300264541E+001 -0.870693300264541E+001 -0.100000000000000E+031
  0.640904870641248E+000  0.100639029384310E+000  0.100599866182580E+001  0.100050033358353E-002 -0.899747814876157E+001 -0.899747814876157E+001 -0.100000000000000E+031
  0.241594702499117E+000  0.273409257890999E-001  0.127172013684201E+001  0.100050033358353E-002 -0.854848573384632E+001 -0.854848573384632E+001 -0.100000000000000E+031
  0.324274497125304E+000  0.115366912681202E-001  0.123972427875977E+001  0.100050033358353E-002 -0.834465244693763E+001 -0.834465244693763E+001 -0.100000000000000E+031
  0.824298706350705E+000  0.438566560255038E-002  0.741970089671220E+000  0.100050033358353E-002 -0.747395987685287E+001 -0.747395987685287E+001 -0.100000000000000E+031
  0.429686838397260E+000  0.672388927470965E-001  0.118339055955128E+001  0.100050033358353E-002 -0.880524574656227E+001 -0.880524574656227E+001 -0.100000000000000E+031
  0.298443896871033E+000  0.149603250859742E-001  0.125081690430013E+001  0.100050033358353E-002 -0.839496443601429E+001 -0.839496443601429E+001 -0.100000000000000E+031
  0.982951700006908E+000  0.363891223648753E-001  0.240961440678290E+000  0.100050033358353E-002 -0.838536789156747E+001 -0.838536789156747E+001 -0.100000000000000E+031
  0.910100644007626E+000  0.721582330935010E-001  0.543071934628444E+000  0.100050033358353E-002 -0.831373591942397E+001 -0.831373591942397E+001 -0.100000000000000E+031
  0.838051431643519E+000  0.118698756712884E+000  0.715020230955353E+000  0.100050033358353E-002 -0.914290836272415E+001 -0.914290836272415E+001 -0.100000000000000E+031
  0.530214511817091E+000  0.940274314260661E-001  0.111116077093520E+001  0.100050033358353E-002 -0.907467686817102E+001 -0.907467686817102E+001 -0.100000000000000E+031
  0.931391296458806E-001  0.559044904654286E-001  0.130484520958001E+001  0.100050033358353E-002 -0.895301792415921E+001 -0.895301792415921E+001 -0.100000000000000E+031
  0.767886440994917E+000  0.335192630711064E-001  0.839514847730714E+000  0.100050033358353E-002 -0.779323944429662E+001 -0.779323944429662E+001 -0.100000000000000E+031
  0.976017282090196E+000  0.512642217698400E-002  0.285295888272497E+000  0.100050033358353E-002 -0.789154134405072E+001 -0.789154134405072E+001 -0.100000000000000E+031
  0.722164097149124E+000  0.174353624568536E-001  0.906530441085215E+000  0.100050033358353E-002 -0.773687218411048E+001 -0.773687218411048E+001 -0.100000000000000E+031
  0.444731635283288E+000  0.852705958081895E-001  0.117380512284990E+001  0.100050033358353E-002 -0.906199117331909E+001 -0.906199117331909E+001 -0.100000000000000E+031
  0.807968582996998E+000  0.109032311905267E+000  0.772204853120009E+000  0.100050033358353E-002 -0.892965123001730E+001 -0.892965123001730E+001 -0.100000000000000E+031
  0.320442361077159E-001  0.132583826532171E-001  0.130986897325297E+001  0.100050033358353E-002 -0.852654137670776E+001 -0.852654137670776E+001 -0.100000000000000E+031
  0.458263563911814E+000  0.624464207232981E-001  0.116483115840929E+001  0.100050033358353E-002 -0.869792957955215E+001 -0.869792957955215E+001 -0.100000000000000E+031
  0.228159499967909E+000  0.275555836053070E-001  0.127597484080827E+001  0.100050033358353E-002 -0.855993653106869E+001 -0.855993653106869E+001 -0.100000000000000E+031
  0.140809277148450E+000  0.752477798915913E-001  0.129748472992140E+001  0.100050033358353E-002 -0.920854576343046E+001 -0.920854576343046E+001 -0.100000000000000E+031
  0.583838217690631E+000  0.213427232080057E-001  0.106398976474609E+001  0.100050033358353E-002 -0.803625014736873E+001 -0.803625014736873E+001 -0.100000000000000E+031
  0.663795440068488E+000  0.108118198284155E-001  0.980172939239562E+000  0.100050033358353E-002 -0.780685446745354E+001 -0.780685446745354E+001 -0.100000000000000E+031
  0.892900364260124E+000  0.470662475560354E-001  0.590077177868090E+000  0.100050033358353E-002 -0.788157721122528E+001 -0.788157721122528E+001 -0.100000000000000E+031
  0.860278047866699E+000  0.987115076181885E-001  0.668147267600569E+000  0.100050033358353E-002 -0.871930486541864E+001 -0.871930486541864E+001 -0.100000000000000E+031
  0.377185224587241E+000  0.628492769458694E-001  0.121374254253831E+001  0.100050033358353E-002 -0.881550538047856E+001 -0.881550538047856E+001 -0.100000000000000E+031
  0.732976066905330E+000  0.559956186522345E-001  0.891501997164336E+000  0.100050033358353E-002 -0.811239190865497E+001 -0.811239190865497E+001 -0.100000000000000E+031
  0.364436383710407E+000  0.461367470692389E-001  0.122041378150391E+001  0.100050033358353E-002 -0.861787419810569E+001 -0.861787419810569E+001 -0.100000000000000E+031
  0.568429711911078E+000  0.775329954057546E-002  0.107822461677433E+001  0.100050033358353E-002 -0.797027774820697E+001 -0.797027774820697E+001 -0.100000000000000E+031
  0.806799693369087E+000  0.153112693870400E-001  0.774301059393172E+000  0.100050033358353E-002 -0.757245360947608E+001 -0.757245360947608E+001 -0.100000000000000E+031
  0.465620245054928E+000  0.291566857452212E-001  0.115980952108951E+001  0.100050033358353E-002 -0.830357427932087E+001 -0.830357427932087E+001 -0.100000000000000E+031
  0.495285573552766E+000  0.847851386621066E-001  0.113850744411971E+001  0.100050033358353E-002 -0.897555245515642E+001 -0.897555245515642E+001 -0.100000000000000E+031
  0.435749014159677E+000  0.257042756667156E-001  0.117957720226671E+001  0.100050033358353E-002 -0.831715319690373E+001 -0.831715319690373E+001 -0.100000000000000E+031
  0.133381379607226E+000  0.150313417674308E-001  0.129883202513749E+001  0.100050033358353E-002 -0.851056390007258E+001 -0.851056390007258E+001 -0.100000000000000E+031
  0.808050273537494E+000  0.449685172484180E-001  0.772058028512617E+000  0.100050033358353E-002 -0.786084451375682E+001 -0.786084451375682E+001 -0.100000000000000E+031
  0.552891950500703E+000  0.958426356452549E-001  0.109201299734070E+001  0.100050033358353E-002 -0.906815063514970E+001 -0.906815063514970E+001 -0.100000000000000E+031
  0.115422274127203E+000  0.405212814661599E-001  0.130178301197919E+001  0.100050033358353E-002 -0.874645051154458E+001 -0.874645051154458E+001 -0.100000000000000E+031
  0.788068002165992E+000  0.885659477938646E-001  0.806754182270452E+000  0.100050033358353E-002 -0.854002215623046E+001 -0.854002215623046E+001 -0.100000000000000E+031
  0.661559224025603E-001  0.301979124265026E-001  0.130767099220245E+001  0.100050033358353E-002 -0.866218587915304E+001 -0.866218587915304E+001 -0.100000000000000E+031
  0.956654416099820E+000  0.285361974939956E-001  0.381663330912232E+000  0.100050033358353E-002 -0.792792371399259E+001 -0.792792371399259E+001 -0.100000000000000E+031
  0.909749315525428E+000  0.465129449444925E-001  0.544082023947163E+000  0.100050033358353E-002 -0.791122440467201E+001 -0.791122440467201E+001 -0.100000000000000E+031
  0.694460184958068E+000  0.609578333437407E-001  0.942975770242276E+000  0.100050033358353E-002 -0.824833674110826E+001 -0.824833674110826E+001 -0.100000000000000E+031
  0.509541445478700E+000  0.738212653238209E-001  0.112765077131791E+001  0.100050033358353E-002 -0.877609941337891E+001 -0.877609941337891E+001 -0.100000000000000E+031
  0.134444753953350E+000  0.192494991779448E-001  0.129864370814097E+001  0.100050033358353E-002 -0.854235198794083E+001 -0.854235198794083E+001 -0.100000000000000E+031
  0.763813659295005E+000  0.945741048093676E-001  0.845872066299285E+000  0.100050033358353E-002 -0.868047945127818E+001 -0.868047945127818E+001 -0.100000000000000E+031
  0.506907098607381E+000  0.211634687350697E-001  0.112968811117858E+001  0.100050033358353E-002 -0.816972371752082E+001 -0.816972371752082E+001 -0.100000000000000E+031
  0.718570019492889E+000  0.111157879770785E+000  0.911422487291193E+000  0.100050033358353E-002 -0.907331160077888E+001 -0.907331160077888E+001 -0.100000000000000E+031
  0.957187564025369E+000  0.639772586247288E-001  0.379360524568924E+000  0.100050033358353E-002 -0.846709524829252E+001 -0.846709524829252E+001 -0.100000000000000E+031
  0.480925961941047E+000  0.208473846542178E-001  0.114903238950423E+001  0.100050033358353E-002 -0.820897476345011E+001 -0.820897476345011E+001 -0.100000000000000E+031
  0.123344761379536E-001  0.512974386494927E-001  0.131044230373563E+001  0.100050033358353E-002 -0.870136181508576E+001 -0.870136181508576E+001 -0.100000000000000E+031
  0.941003131202104E+000  0.561882850926714E-001  0.443484599362257E+000  0.100050033358353E-002 -0.819810660839541E+001 -0.819810660839541E+001 -0.100000000000000E+031
  0.163178006130203E+000  0.414325014349251E-001  0.129297633926235E+001  0.100050033358353E-002 -0.874504817638668E+001 -0.874504817638668E+001 -0.100000000000000E+031
  0.821441323766938E+000  0.137659374865290E-001  0.747392981383461E+000  0.100050033358353E-002 -0.754136565537477E+001 -0.754136565537477E+001 -0.100000000000000E+031
  0.202874139622570E+000  0.662249383613753E-001  0.128328904586320E+001  0.100050033358353E-002 -0.903651354201991E+001 -0.903651354201991E+001 -0.100000000000000E+031
  0.464843730272578E+000  0.428447715267715E-001  0.116034437402766E+001  0.100050033358353E-002 -0.844165695988337E+001 -0.844165695988337E+001 -0.100000000000000E+031
  0.657903261077511E+000  0.418683609505044E-001  0.986972390042581E+000  0.100050033358353E-002 -0.808579977213764E+001 -0.808579977213764E+001 -0.100000000000000E+031
  0.688573380152470E+000  0.838179824805829E-004  0.950361378818134E+000  0.100050033358353E-002 -0.769667558324826E+001 -0.769667558324826E+001 -0.100000000000000E+031
  0.745441316285689E+000  0.110067990882568E+000  0.873569631550783E+000  0.100050033358353E-002 -0.901415208637988E+001 -0.901415208637988E+001 -0.100000000000000E+031
  0.747554843084491E+000  0.379769774189608E-001  0.870462111413689E+000  0.100050033358353E-002 -0.787412756140749E+001 -0.787412756140749E+001 -0.100000000000000E+031
  0.461648896525356E+000  0.201298236435763E-001  0.116253297123002E+001  0.100050033358353E-002 -0.823308262965426E+001 -0.823308262965426E+001 -0.100000000000000E+031
  0.745030720125046E+000  0.686618870840261E-002  0.874171031813013E+000  0.100050033358353E-002 -0.762142892612818E+001 -0.762142892612818E+001 -0.100000000000000E+031
  0.879210332134034E+000  0.595622348322322E-002  0.624386540997847E+000  0.100050033358353E-002 -0.744924062580470E+001 -0.744924062580470E+001 -0.100000000000000E+031
  0.447190359794975E+000  0.189723139946142E-001  0.117219962493664E+001  0.100050033358353E-002 -0.824545526439286E+001 -0.824545526439286E+001 -0.100000000000000E+031
  0.849578495415343E+000  0.445342261028244E-001  0.691261376076889E+000  0.100050033358353E-002 -0.782439921905466E+001 -0.782439921905466E+001 -0.100000000000000E+031
  0.854516035232596E+000  0.581086117948816E-001  0.680728297153587E+000  0.100050033358353E-002 -0.800551883693313E+001 -0.800551883693313E+001 -0.100000000000000E+031
  0.944537917658498E+000  0.710622501644608E-001  0.430385109726393E+000  0.100050033358353E-002 -0.847984652251092E+001 -0.847984652251092E+001 -0.100000000000000E+031
  0.907887657716296E-001  0.263679307497280E-001  0.130512968730219E+001  0.100050033358353E-002 -0.861994008254571E+001 -0.861994008254571E+001 -0.100000000000000E+031
  0.367292664327009E-001  0.720011721746497E-001  0.130965771552290E+001  0.100050033358353E-002 -0.911820901462596E+001 -0.911820901462596E+001 -0.100000000000000E+031
  0.605844310138485E+000  0.639028375438013E-001  0.104264523412896E+001  0.100050033358353E-002 -0.845779293120205E+001 -0.845779293120205E+001 -0.100000000000000E+031
  0.737794494634469E+000  0.406739472617065E-001  0.884649131012334E+000  0.100050033358353E-002 -0.792046261094947E+001 -0.792046261094947E+001 -0.100000000000000E+031
  0.694777174307598E-001  0.479357918456103E-001  0.130737508005756E+001  0.100050033358353E-002 -0.886203909602540E+001 -0.886203909602540E+001 -0.100000000000000E+031
  0.586965956752289E+000  0.102445833623240E+000  0.106103002390778E+001  0.100050033358353E-002 -0.913110233091749E+001 -0.913110233091749E+001 -0.100000000000000E+031
  0.277866303493038E+000  0.142518458592312E-001  0.125893253747214E+001  0.100050033358353E-002 -0.840909771880789E+001 -0.840909771880789E+001 -0.100000000000000E+031
  0.272300922247446E+000  0.472042166330940E-001  0.126101942604356E+001  0.100050033358353E-002 -0.872942634647981E+001 -0.872942634647981E+001 -0.100000000000000E+031
  0.534037429769576E+000  0.863639336515994E-001  0.110801193368939E+001  0.100050033358353E-002 -0.893462699430081E+001 -0.893462699430081E+001 -0.100000000000000E+031
  0.514965801346352E+000  0.810144676870062E-002  0.112341065520238E+001  0.100050033358353E-002 -0.806490562605360E+001 -0.806490562605360E+001 -0.100000000000000E+031
  0.890586411426177E+000  0.877923209960719E-001  0.596052948868880E+000  0.100050033358353E-002 -0.854779762022307E+001 -0.854779762022307E+001 -0.100000000000000E+031
  0.845976359615405E+000  0.657604942257426E-001  0.698807734367098E+000  0.100050033358353E-002 -0.812032317022490E+001 -0.812032317022490E+001 -0.100000000000000E+031
  0.283220379236011E+000  0.413836979477701E-001  0.125688166907024E+001  0.100050033358353E-002 -0.865410239378634E+001 -0.865410239378634E+001 -0.100000000000000E+031
  0.667537807653729E+000  0.492515091514372E-001  0.975797993091064E+000  0.100050033358353E-002 -0.815110187663112E+001 -0.815110187663112E+001 -0.100000000000000E+031
  0.866805306176855E+000  0.119421692884219E+000  0.653497482622603E+000  0.100050033358353E-002 -0.918711903489336E+001 -0.918711903489336E+001 -0.100000000000000E+031
  0.943195417107904E+000  0.144432512773526E-001  0.435412477231811E+000  0.100050033358353E-002 -0.767446621613866E+001 -0.767446621613866E+001 -0.100000000000000E+031
  0.991476513206446E+000  0.388373574074201E-001  0.170744681351049E+000  0.100050033358353E-002 -0.861530602342078E+001 -0.861530602342078E+001 -0.100000000000000E+031
  0.436514459631136E+000  0.238317955400292E-001  0.117909102239387E+001  0.100050033358353E-002 -0.829974495637736E+001 -0.829974495637736E+001 -0.100000000000000E+031
  0.276814770049343E+000  0.695951006343335E-001  0.125933033974600E+001  0.100050033358353E-002 -0.902401686440263E+001 -0.902401686440263E+001 -0.100000000000000E+031
  0.901686090434540E+000  0.710075233356732E-001  0.566666895437142E+000  0.100050033358353E-002 -0.826821779839453E+001 -0.826821779839453E+001 -0.100000000000000E+031
  0.169850534482493E+000  0.106890965901780E-001  0.129149960866087E+001  0.100050033358353E-002 -0.846081575501579E+001 -0.846081575501579E+001 -0.100000000000000E+031
  0.454000582842453E+000  0.634400355116334E-001  0.116769473909133E+001  0.100050033358353E-002 -0.871412088240812E+001 -0.871412088240812E+001 -0.100000000000000E+031
  0.748574098723406E+000  0.386849488119980E-001  0.868956371530627E+000  0.100050033358353E-002 -0.787960232259388E+001 -0.787960232259388E+001 -0.100000000000000E+031
  0.783762532527315E+000  0.786998548869147E-001  0.813926025886569E+000  0.100050033358353E-002 -0.837333353018751E+001 -0.837333353018751E+001 -0.100000000000000E+031
  0.820240627753235E+000  0.110438799716238E+000  0.749654438842905E+000  0.100050033358353E-002 -0.895477704986220E+001 -0.895477704986220E+001 -0.100000000000000E+031
  0.759569496869532E+000  0.753478954794821E-001  0.852410790315860E+000  0.100050033358353E-002 -0.835107050871627E+001 -0.835107050871627E+001 -0.100000000000000E+031
  0.946294957272771E+000  0.264111672840780E-001  0.423704235728720E+000  0.100050033358353E-002 -0.782173254447346E+001 -0.782173254447346E+001 -0.100000000000000E+031
  0.719354036857762E+000  0.113081927692500E+000  0.910359649276811E+000  0.100050033358353E-002 -0.911549227943781E+001 -0.911549227943781E+001 -0.100000000000000E+031
  0.671952253215748E+000  0.784362146911174E-001  0.970580158259929E+000  0.100050033358353E-002 -0.855027083021877E+001 -0.855027083021877E+001 -0.100000000000000E+031
  0.800990113986515E+000  0.604752529148125E-001  0.784592104840707E+000  0.100050033358353E-002 -0.807159974611066E+001 -0.807159974611066E+001 -0.100000000000000E+031
  0.708761328710091E+000  0.111244924171107E+000  0.924519695599594E+000  0.100050033358353E-002 -0.909096789795356E+001 -0.909096789795356E+001 -0.100000000000000E+031
  0.419694845262059E+000  0.339250902025729E-001  0.118953345430304E+001  0.100050033358353E-002 -0.841587997301982E+001 -0.841587997301982E+001 -0.100000000000000E+031
  0.720499451601546E+000  0.105438646324293E+000  0.908802567105107E+000  0.100050033358353E-002 -0.895293705787330E+001 -0.895293705787330E+001 -0.100000000000000E+031
  0.692353947721526E+000  0.379376495313121E-001  0.945632122293564E+000  0.100050033358353E-002 -0.797702058702687E+001 -0.797702058702687E+001 -0.100000000000000E+031
  0.239853858448425E+000  0.127258222534453E-001  0.127228597664951E+001  0.100050033358353E-002 -0.842955539406438E+001 -0.842955539406438E+001 -0.100000000000000E+031
  0.675233413460682E+000  0.751459709301266E-001  0.966661178193525E+000  0.100050033358353E-002 -0.849242801558943E+001 -0.849242801558943E+001 -0.100000000000000E+031
  0.409893370163038E+000  0.987258157155668E-002  0.119538919186974E+001  0.100050033358353E-002 -0.823247687901193E+001 -0.823247687901193E+001 -0.100000000000000E+031
  0.113174708973613E+000  0.507872611303232E-001  0.130212190260106E+001  0.100050033358353E-002 -0.888093443602203E+001 -0.888093443602203E+001 -0.100000000000000E+031
  0.678846176420033E+000  0.114402150745151E+000  0.962305449380460E+000  0.100050033358353E-002 -0.920727391197138E+001 -0.920727391197138E+001 -0.100000000000000E+031
  0.167693082382524E+000  0.158637633953010E-001  0.129198374455398E+001  0.100050033358353E-002 -0.850031128199620E+001 -0.850031128199620E+001 -0.100000000000000E+031
  0.733614371301303E+000  0.905753463022133E-001  0.890599790426544E+000  0.100050033358353E-002 -0.865056386626623E+001 -0.865056386626623E+001 -0.100000000000000E+031
  0.358069738542185E+000  0.387609021672530E-001  0.122364630868628E+001  0.100050033358353E-002 -0.854460105819055E+001 -0.854460105819055E+001 -0.100000000000000E+031
  0.644720026348781E+000  0.649549920623052E-001  0.100180293084406E+001  0.100050033358353E-002 -0.839798732224200E+001 -0.839798732224200E+001 -0.100000000000000E+031
  0.671909096879714E+000  0.968397990592424E-001  0.970631471333931E+000  0.100050033358353E-002 -0.887020405933118E+001 -0.887020405933118E+001 -0.100000000000000E+031
  0.913129545736175E+000  0.806970078825130E-001  0.534268020310859E+000  0.100050033358353E-002 -0.848151483138868E+001 -0.848151483138868E+001 -0.100000000000000E+031
  0.954983253329257E+000  0.557272446647464E-001  0.388785014794780E+000  0.100050033358353E-002 -0.830364297096714E+001 -0.830364297096714E+001 -0.100000000000000E+031
  0.960103078773945E+000  0.627582378485534E-001  0.366488279933754E+000  0.100050033358353E-002 -0.847652197254609E+001 -0.847652197254609E+001 -0.100000000000000E+031
  0.936525765831303E+000  0.866560632609646E-001  0.459474399044933E+000  0.100050033358353E-002 -0.872385364097419E+001 -0.872385364097419E+001 -0.100000000000000E+031
  0.801769792379020E+000  0.114861188456623E+000  0.783223144168914E+000  0.100050033358353E-002 -0.906065234931314E+001 -0.906065234931314E+001 -0.100000000000000E+031
  0.351440353367357E+000  0.753904912237842E-001  0.122694288552575E+001  0.100050033358353E-002 -0.903358443067015E+001 -0.903358443067015E+001 -0.100000000000000E+031
  0.629760273706273E+000  0.146452501996127E-001  0.101801532425464E+001  0.100050033358353E-002 -0.789939126730747E+001 -0.789939126730747E+001 -0.100000000000000E+031
  0.129118047496455E+000  0.696855005229078E-001  0.129957175435608E+001  0.100050033358353E-002 -0.913324937243203E+001 -0.913324937243203E+001 -0.100000000000000E+031
  0.989596545536674E+000  0.645134329200705E-001  0.188548133737243E+000  0.100050033358353E-002 -0.901537242730354E+001 -0.901537242730354E+001 -0.100000000000000E+031
  0.564926180531925E+000  0.385437649421264E-001  0.108138252461060E+001  0.100050033358353E-002 -0.822716783463706E+001 -0.822716783463706E+001 -0.100000000000000E+031
  0.689030307167615E+000  0.134587202659001E-001  0.949792415501528E+000  0.100050033358353E-002 -0.777401802684448E+001 -0.777401802684448E+001 -0.100000000000000E+031
  0.697390520693322E+000  0.134711802070405E-001  0.939254088223639E+000  0.100050033358353E-002 -0.775744416919304E+001 -0.775744416919304E+001 -0.100000000000000E+031
  0.512757411185178E+000  0.971263287724025E-001  0.112514426102910E+001  0.100050033358353E-002 -0.916113197511893E+001 -0.916113197511893E+001 -0.100000000000000E+031
  0.549925919206663E+000  0.782673572968332E-001  0.109458228661462E+001  0.100050033358353E-002 -0.877398837785853E+001 -0.877398837785853E+001 -0.100000000000000E+031
  0.711748980019153E+000  0.651022113451274E-001  0.920569133372138E+000  0.100050033358353E-002 -0.827516908531626E+001 -0.827516908531626E+001 -0.100000000000000E+031
  0.105420394890546E+000  0.881231652000958E-002  0.130323932599558E+001  0.100050033358353E-002 -0.847611687301915E+001 -0.847611687301915E+001 -0.100000000000000E+031
  0.883378204526585E+000  0.961769283986462E-001  0.614199665384435E+000  0.100050033358353E-002 -0.870206127290896E+001 -0.870206127290896E+001 -0.100000000000000E+031
  0.494990215733587E+000  0.649290424743963E-001  0.113872804060004E+001  0.100050033358353E-002 -0.866938893430961E+001 -0.866938893430961E+001 -0.100000000000000E+031
  0.569956784954106E+000  0.253670407590059E-001  0.107683916534336E+001  0.100050033358353E-002 -0.809459118745369E+001 -0.809459118745369E+001 -0.100000000000000E+031
  0.268396322859314E+000  0.308921029589393E-001  0.126245634867919E+001  0.100050033358353E-002 -0.855820670443992E+001 -0.855820670443992E+001 -0.100000000000000E+031
  0.448396562732014E+000  0.925806080442487E-001  0.117140795323982E+001  0.100050033358353E-002 -0.918264527331434E+001 -0.918264527331434E+001 -0.100000000000000E+031
  0.939856625947532E+000  0.103966279214441E+000  0.447640790705472E+000  0.100050033358353E-002 -0.912981522031748E+001 -0.912981522031748E+001 -0.100000000000000E+031
  0.853381548132639E+000  0.214833202230413E-001  0.683168252299534E+000  0.100050033358353E-002 -0.757694399244217E+001 -0.757694399244217E+001 -0.100000000000000E+031
  0.373237256479257E+000  0.189903471128612E-001  0.121583689733375E+001  0.100050033358353E-002 -0.834456285554405E+001 -0.834456285554405E+001 -0.100000000000000E+031
  0.427902858927568E+000  0.910277582701277E-001  0.118450026985614E+001  0.100050033358353E-002 -0.918853642618474E+001 -0.918853642618474E+001 -0.100000000000000E+031
  0.704020913399272E+000  0.563060354962094E-001  0.930719722073528E+000  0.100050033358353E-002 -0.816902444078446E+001 -0.816902444078446E+001 -0.100000000000000E+031
  0.821314308381356E+000  0.849014060325685E-001  0.747632689386148E+000  0.100050033358353E-002 -0.844837674814956E+001 -0.844837674814956E+001 -0.100000000000000E+031
  0.227635512955537E-001  0.621930235025162E-001  0.131020240815509E+001  0.100050033358353E-002 -0.907764589318076E+001 -0.907764589318076E+001 -0.100000000000000E+031
  0.878547280943177E+000  0.618256336894788E-001  0.625987454993224E+000  0.100050033358353E-002 -0.807449720001710E+001 -0.807449720001710E+001 -0.100000000000000E+031
  0.816201008045848E+000  0.115276734645088E+000  0.757189289958305E+000  0.100050033358353E-002 -0.906250349769731E+001 -0.906250349769731E+001 -0.100000000000000E+031
  0.403843294902931E+000  0.771799008037130E-001  0.119892074854768E+001  0.100050033358353E-002 -0.899077736760774E+001 -0.899077736760774E+001 -0.100000000000000E+031
  0.484938442954262E+000  0.738148493280172E-001  0.114613226132922E+001  0.100050033358353E-002 -0.881566184744840E+001 -0.881566184744840E+001 -0.100000000000000E+031
  0.658522866721167E+000  0.765930446292340E-002  0.986262428252895E+000  0.100050033358353E-002 -0.779787888688699E+001 -0.779787888688699E+001 -0.100000000000000E+031
  0.570082930505681E+000  0.603671496433283E-001  0.107672447255828E+001  0.100050033358353E-002 -0.847571073118394E+001 -0.847571073118394E+001 -0.100000000000000E+031
  0.598322464636693E+000  0.103146544725589E+000  0.105007886447102E+001  0.100050033358353E-002 -0.912273834178130E+001 -0.912273834178130E+001 -0.100000000000000E+031
  0.498890047748858E+000  0.936131685775857E-001  0.113580125898376E+001  0.100050033358353E-002 -0.912117128210364E+001 -0.912117128210364E+001 -0.100000000000000E+031
  0.703477690457399E+000  0.311903580016892E-002  0.931424925721445E+000  0.100050033358353E-002 -0.768222605280600E+001 -0.768222605280600E+001 -0.100000000000000E+031
  0.435750439038898E+000  0.282299261410224E-001  0.117957629822002E+001  0.100050033358353E-002 -0.833947649868308E+001 -0.833947649868308E+001 -0.100000000000000E+031
  0.807091653025529E+000  0.935555090881183E-001  0.773778295233071E+000  0.100050033358353E-002 -0.861688702095804E+001 -0.861688702095804E+001 -0.100000000000000E+031
  0.898186325408930E+000  0.152097417935433E-001  0.576133886485860E+000  0.100050033358353E-002 -0.753613513328292E+001 -0.753613513328292E+001 -0.100000000000000E+031
  0.312286122908974E-001  0.147463488863099E-001  0.130990280665837E+001  0.100050033358353E-002 -0.854269964645235E+001 -0.854269964645235E+001 -0.100000000000000E+031
  0.152340159667352E+000  0.174883984208850E-001  0.129524551301004E+001  0.100050033358353E-002 -0.852007983795572E+001 -0.852007983795572E+001 -0.100000000000000E+031
  0.578424039978912E+000  0.229592357350112E-001  0.106905661687718E+001  0.100050033358353E-002 -0.805905397333773E+001 -0.805905397333773E+001 -0.100000000000000E+031
  0.242277980174729E+000  0.209607274638641E-001  0.127149685839326E+001  0.100050033358353E-002 -0.849120515510609E+001 -0.849120515510609E+001 -0.100000000000000E+031
  0.530524554458407E+000  0.819261854194728E-001  0.111090657145230E+001  0.100050033358353E-002 -0.886570381327603E+001 -0.886570381327603E+001 -0.100000000000000E+031
  0.499482644758515E+000  0.377927445420992E-001  0.113535384738179E+001  0.100050033358353E-002 -0.833331491511646E+001 -0.833331491511646E+001 -0.100000000000000E+031
  0.741906503186356E+000  0.659247019738828E-001  0.878722799525877E+000  0.100050033358353E-002 -0.823435423126277E+001 -0.823435423126277E+001 -0.100000000000000E+031
  0.641430532690276E+000  0.672478126120307E-001  0.100542308009152E+001  0.100050033358353E-002 -0.843789341681569E+001 -0.843789341681569E+001 -0.100000000000000E+031
  0.660123117540464E-001  0.134848673380072E-002  0.130768345699522E+001  0.100050033358353E-002 -0.843884717867231E+001 -0.843884717867231E+001 -0.100000000000000E+031
  0.185332219498488E+000  0.388174700725208E-002  0.128783806866132E+001  0.100050033358353E-002 -0.840742376742398E+001 -0.840742376742398E+001 -0.100000000000000E+031
  0.609736188590475E+000  0.507141809782422E-001  0.103874139313809E+001  0.100050033358353E-002 -0.827974201013932E+001 -0.827974201013932E+001 -0.100000000000000E+031
  0.883426591668196E+000  0.108078500652898E+000  0.614080122668312E+000  0.100050033358353E-002 -0.895877904524512E+001 -0.895877904524512E+001 -0.100000000000000E+031
  0.355024340096424E+000  0.308699110525127E-001  0.122516943783723E+001  0.100050033358353E-002 -0.846922082223913E+001 -0.846922082223913E+001 -0.100000000000000E+031
  0.793020400256422E+000  0.109511667337254E+000  0.798375737759912E+000  0.100050033358353E-002 -0.894926493351871E+001 -0.894926493351871E+001 -0.100000000000000E+031
  0.530093191611077E+000  0.337536195775595E-001  0.111126018334925E+001  0.100050033358353E-002 -0.824116109876471E+001 -0.824116109876471E+001 -0.100000000000000E+031
  0.387388178356081E+000  0.296213065610990E-001  0.120821055409656E+001  0.100050033358353E-002 -0.841821720004660E+001 -0.841821720004660E+001 -0.100000000000000E+031
  0.586569408090770E+000  0.121339079964533E-002  0.106140660613975E+001  0.100050033358353E-002 -0.790111031836170E+001 -0.790111031836170E+001 -0.100000000000000E+031
  0.434226030216804E+000  0.494366288325404E-001  0.118054140903813E+001  0.100050033358353E-002 -0.856298135400611E+001 -0.856298135400611E+001 -0.100000000000000E+031
  0.628815642236709E+000  0.545155051028466E-001  0.101901773482268E+001  0.100050033358353E-002 -0.828956505411225E+001 -0.828956505411225E+001 -0.100000000000000E+031
  0.706888220810720E-001  0.539654160988985E-001  0.130726356943668E+001  0.100050033358353E-002 -0.892680789128185E+001 -0.892680789128185E+001 -0.100000000000000E+031
  0.614274466582998E+000  0.851021584105471E-001  0.103413878519921E+001  0.100050033358353E-002 -0.876673110752544E+001 -0.876673110752544E+001 -0.100000000000000E+031
  0.797161465279848E+000  0.850071524025379E-001  0.791260935073784E+000  0.100050033358353E-002 -0.846755496351900E+001 -0.846755496351900E+001 -0.100000000000000E+031
  0.428698076422559E-001  0.369980116731604E-001  0.130933717576669E+001  0.100050033358353E-002 -0.873772183247537E+001 -0.873772183247537E+001 -0.100000000000000E+031
  0.407930455936417E+000  0.790037159015660E-001  0.119654188659899E+001  0.100050033358353E-002 -0.901471663258987E+001 -0.901471663258987E+001 -0.100000000000000E+031
  0.773011260368798E+000  0.537748739618471E-002  0.831397754704704E+000  0.100050033358353E-002 -0.756040010011610E+001 -0.756040010011610E+001 -0.100000000000000E+031
  0.582978565661822E+000  0.130722255624405E-002  0.106479903703619E+001  0.100050033358353E-002 -0.790819901905103E+001 -0.790819901905103E+001 -0.100000000000000E+031
  0.764552287099287E+000  0.243478753935245E-002  0.844725194878046E+000  0.100050033358353E-002 -0.756144571856442E+001 -0.756144571856442E+001 -0.100000000000000E+031
  0.687038375447869E-001  0.417160673139868E-001  0.130744531992081E+001  0.100050033358353E-002 -0.878065246177006E+001 -0.878065246177006E+001 -0.100000000000000E+031
  0.439959347048972E+000  0.424118608116585E-001  0.117688990050320E+001  0.100050033358353E-002 -0.847473117998188E+001 -0.847473117998188E+001 -0.100000000000000E+031
  0.275872299243520E+000  0.298231303774469E-001  0.125968549496424E+001  0.100050033358353E-002 -0.854208661189976E+001 -0.854208661189976E+001 -0.100000000000000E+031
  0.533082938041739E+000  0.535398090320371E-001  0.110880108158534E+001  0.100050033358353E-002 -0.845433796685883E+001 -0.845433796685883E+001 -0.100000000000000E+031
  0.522821553696291E+000  0.531961397634312E-001  0.111716124313859E+001  0.100050033358353E-002 -0.846744334811785E+001 -0.846744334811785E+001 -0.100000000000000E+031
  0.301386207007988E+000  0.229251541723662E-001  0.124960461753152E+001  0.100050033358353E-002 -0.845600400153141E+001 -0.845600400153141E+001 -0.100000000000000E+031
  0.620419385803551E+000  0.989302167067933E-001  0.102781906912639E+001  0.100050033358353E-002 -0.900164877393061E+001 -0.900164877393061E+001 -0.100000000000000E+031
  0.352748759071054E+000  0.556754334874617E-001  0.122629783541030E+001  0.100050033358353E-002 -0.874870124714919E+001 -0.874870124714919E+001 -0.100000000000000E+031
  0.822565499458329E-001  0.142136887883361E-001  0.130610081950723E+001  0.100050033358353E-002 -0.852081650266823E+001 -0.852081650266823E+001 -0.100000000000000E+031
  0.398250872890311E+000  0.865416329774046E-001  0.120212942514666E+001  0.100050033358353E-002 -0.915112330308789E+001 -0.915112330308789E+001 -0.100000000000000E+031
  0.470283467141242E+000  0.547907654099985E-001  0.115657351909953E+001  0.100050033358353E-002 -0.857380848474749E+001 -0.857380848474749E+001 -0.100000000000000E+031
  0.812072624143333E+000  0.917219913238237E-001  0.764775150386561E+000  0.100050033358353E-002 -0.857842711084517E+001 -0.857842711084517E+001 -0.100000000000000E+031
  0.499238872176469E+000  0.968029638713626E-001  0.113553798168544E+001  0.100050033358353E-002 -0.918054265597855E+001 -0.918054265597855E+001 -0.100000000000000E+031
  0.880937425244029E+000  0.206773361779525E-001  0.620191418372462E+000  0.100050033358353E-002 -0.756958753949175E+001 -0.756958753949175E+001 -0.100000000000000E+031
  0.349671673525561E+000  0.413234753163636E-001  0.122781050773699E+001  0.100050033358353E-002 -0.858389859510398E+001 -0.858389859510398E+001 -0.100000000000000E+031
  0.460220883654815E+000  0.399863745772139E-001  0.116350501715608E+001  0.100050033358353E-002 -0.841789562061859E+001 -0.841789562061859E+001 -0.100000000000000E+031
  0.292678915344437E+000  0.390989628261431E-001  0.125315438579819E+001  0.100050033358353E-002 -0.861891147517658E+001 -0.861891147517658E+001 -0.100000000000000E+031
  0.870661153747546E+000  0.559202216711328E-001  0.644633689826419E+000  0.100050033358353E-002 -0.797972436859582E+001 -0.797972436859582E+001 -0.100000000000000E+031
  0.178757133970410E+000  0.306265979362401E-001  0.128943340077455E+001  0.100050033358353E-002 -0.862115797862855E+001 -0.862115797862855E+001 -0.100000000000000E+031
  0.255256630274351E+000  0.224775699074614E-001  0.126712811878369E+001  0.100050033358353E-002 -0.849408325040231E+001 -0.849408325040231E+001 -0.100000000000000E+031
  0.159698642243942E+000  0.189561818045074E-001  0.129372225976987E+001  0.100050033358353E-002 -0.852917850649199E+001 -0.852917850649199E+001 -0.100000000000000E+031
  0.912370130992101E+000  0.436507419699577E-001  0.536491691914667E+000  0.100050033358353E-002 -0.787988278388022E+001 -0.787988278388022E+001 -0.100000000000000E+031
  0.582046722308777E+000  0.553049051109117E-001  0.106567423049304E+001  0.100050033358353E-002 -0.838795734161419E+001 -0.838795734161419E+001 -0.100000000000000E+031
  0.849742655677001E+000  0.904340438783716E-001  0.690914733420584E+000  0.100050033358353E-002 -0.854904366410009E+001 -0.854904366410009E+001 -0.100000000000000E+031
  0.223480523599228E+000  0.331716546838858E-001  0.127739628959393E+001  0.100050033358353E-002 -0.861862334952059E+001 -0.861862334952059E+001 -0.100000000000000E+031
  0.716643872870319E+000  0.854874057368115E-001  0.914023478464137E+000  0.100050033358353E-002 -0.858688104154534E+001 -0.858688104154534E+001 -0.100000000000000E+031
  0.743982675000998E+000  0.846917152189759E-001  0.875702731960299E+000  0.100050033358353E-002 -0.852965259893799E+001 -0.852965259893799E+001 -0.100000000000000E+031
  0.254255447954631E+000  0.407086671031803E-001  0.126747378726812E+001  0.100050033358353E-002 -0.867155310709458E+001 -0.867155310709458E+001 -0.100000000000000E+031
  0.953542016726996E+000  0.118087670547734E-001  0.394813958474773E+000  0.100050033358353E-002 -0.771840395518107E+001 -0.771840395518107E+001 -0.100000000000000E+031
  0.517300884214485E+000  0.215309728342039E-002  0.112156655651146E+001  0.100050033358353E-002 -0.802726477855482E+001 -0.802726477855482E+001 -0.100000000000000E+031
  0.379675466320235E+000  0.666730406930596E-001  0.121240827921251E+001  0.100050033358353E-002 -0.886665533729568E+001 -0.886665533729568E+001 -0.100000000000000E+031
  0.586023114137022E+000  0.147076443809928E-001  0.106192475867398E+001  0.100050033358353E-002 -0.798300405613952E+001 -0.798300405613952E+001 -0.100000000000000E+031
  0.504416480874538E+000  0.940906555475882E-001  0.113160123447363E+001  0.100050033358353E-002 -0.911940044954074E+001 -0.911940044954074E+001 -0.100000000000000E+031
  0.722484396361836E+000  0.822673476408972E-001  0.906091998635655E+000  0.100050033358353E-002 -0.852247152918674E+001 -0.852247152918674E+001 -0.100000000000000E+031
  0.234409143682793E+000  0.145622185609897E-001  0.127402772079877E+001  0.100050033358353E-002 -0.844688234512919E+001 -0.844688234512919E+001 -0.100000000000000E+031
  0.100415437021010E+000  0.120341956490354E-001  0.130391799193696E+001  0.100050033358353E-002 -0.849945770584365E+001 -0.849945770584365E+001 -0.100000000000000E+031
  0.367274387181435E-001  0.600801546619673E-001  0.130965780355760E+001  0.100050033358353E-002 -0.901048672522034E+001 -0.901048672522034E+001 -0.100000000000000E+031
  0.673699194294345E+000  0.128444831130159E-002  0.968497982352841E+000  0.100050033358353E-002 -0.773254960483327E+001 -0.773254960483327E+001 -0.100000000000000E+031
  0.166206708916560E+000  0.194244730793405E-001  0.129231358468943E+001  0.100050033358353E-002 -0.852876046211239E+001 -0.852876046211239E+001 -0.100000000000000E+031
  0.539606265087407E+000  0.869772072827103E-001  0.110336824574212E+001  0.100050033358353E-002 -0.893671891188256E+001 -0.893671891188256E+001 -0.100000000000000E+031
  0.111305662242688E-001  0.786754404485371E-001  0.131046081628598E+001  0.100050033358353E-002 -0.897480373988822E+001 -0.897480373988822E+001 -0.100000000000000E+031
  0.939505090115893E+000  0.631779362955824E-001  0.448906426342811E+000  0.100050033358353E-002 -0.830392862545091E+001 -0.830392862545091E+001 -0.100000000000000E+031
  0.374586693637838E+000  0.601101204642542E-001  0.121512391960604E+001  0.100050033358353E-002 -0.877880032334888E+001 -0.877880032334888E+001 -0.100000000000000E+031
  0.806216678897239E+000  0.632106237376127E-001  0.775343347890311E+000  0.100050033358353E-002 -0.810525720903644E+001 -0.810525720903644E+001 -0.100000000000000E+031
  0.966944638273053E+000  0.476545149422803E-001  0.334170392616586E+000  0.100050033358353E-002 -0.830549505509436E+001 -0.830549505509436E+001 -0.100000000000000E+031
  0.190272766821518E+000  0.397755727897916E-001  0.128660005384538E+001  0.100050033358353E-002 -0.870872506911820E+001 -0.870872506911820E+001 -0.100000000000000E+031
  0.140323090233447E+000  0.149097276146982E-001  0.129757519242707E+001  0.100050033358353E-002 -0.850569314174330E+001 -0.850569314174330E+001 -0.100000000000000E+031
  0.358666987381063E+000  0.701882980844643E-001  0.122334585033330E+001  0.100050033358353E-002 -0.894221458661774E+001 -0.894221458661774E+001 -0.100000000000000E+031
  0.644547456335835E+000  0.446492402694351E-001  0.100199363344691E+001  0.100050033358353E-002 -0.814203597154861E+001 -0.814203597154861E+001 -0.100000000000000E+031
  0.630040258504129E+000  0.680177016486823E-001  0.101771773496490E+001  0.100050033358353E-002 -0.846997707775779E+001 -0.846997707775779E+001 -0.100000000000000E+031
  0.800977078000631E+000  0.354899960016012E-001  0.784614961835599E+000  0.100050033358353E-002 -0.776300025024063E+001 -0.776300025024063E+001 -0.100000000000000E+031
  0.316255875779553E+000  0.253189632563594E-001  0.124327702651241E+001  0.100050033358353E-002 -0.846107328274964E+001 -0.846107328274964E+001 -0.100000000000000E+031
  0.660336116477662E+000  0.216792794658447E-001  0.984177963405349E+000  0.100050033358353E-002 -0.789160133515208E+001 -0.789160133515208E+001 -0.100000000000000E+031
  0.778804789242060E+000  0.239317713915524E-001  0.822058924452155E+000  0.100050033358353E-002 -0.768562855491469E+001 -0.768562855491469E+001 -0.100000000000000E+031
  0.728328971912340E+000  0.839201597358619E-003  0.898019592268879E+000  0.100050033358353E-002 -0.762067191535039E+001 -0.762067191535039E+001 -0.100000000000000E+031
  0.105854283116867E+000  0.172514199915198E-001  0.130317891957608E+001  0.100050033358353E-002 -0.854944528224794E+001 -0.854944528224794E+001 -0.100000000000000E+031
  0.634701031915469E+000  0.102248061170998E+000  0.101273153799388E+001  0.100050033358353E-002 -0.903898491581754E+001 -0.903898491581754E+001 -0.100000000000000E+031
  0.766199352769957E+000  0.114061118942484E+000  0.842158155774287E+000  0.100050033358353E-002 -0.907151181013056E+001 -0.907151181013056E+001 -0.100000000000000E+031
  0.645307375674317E+000  0.758589408358679E-001  0.100115321141001E+001  0.100050033358353E-002 -0.855981940297825E+001 -0.855981940297825E+001 -0.100000000000000E+031
  0.336703231735005E+000  0.601081445820478E-001  0.123402052545379E+001  0.100050033358353E-002 -0.882590015804856E+001 -0.882590015804856E+001 -0.100000000000000E+031
  0.789532777766923E+000  0.108690691653899E+000  0.804290626052805E+000  0.100050033358353E-002 -0.893578389085100E+001 -0.893578389085100E+001 -0.100000000000000E+031
  0.191506988517799E+000  0.638029371028378E-001  0.128628550543856E+001  0.100050033358353E-002 -0.901354679593477E+001 -0.901354679593477E+001 -0.100000000000000E+031
  0.648869088455418E+000  0.722006451486831E-001  0.997191490513674E+000  0.100050033358353E-002 -0.849597970830443E+001 -0.849597970830443E+001 -0.100000000000000E+031
  0.849622768096185E+000  0.497874634293837E-001  0.691167913101252E+000  0.100050033358353E-002 -0.789142516199610E+001 -0.789142516199610E+001 -0.100000000000000E+031
  0.775618363258119E+000  0.792540504485781E-001  0.827216928493191E+000  0.100050033358353E-002 -0.839284852179067E+001 -0.839284852179067E+001 -0.100000000000000E+031
  0.156763007547666E+000  0.262836278123253E-001  0.129433878445696E+001  0.100050033358353E-002 -0.859290399150546E+001 -0.859290399150546E+001 -0.100000000000000E+031
  0.601488792686703E+000  0.444982298182257E-001  0.104696741528294E+001  0.100050033358353E-002 -0.822345119683073E+001 -0.822345119683073E+001 -0.100000000000000E+031
  0.763880689198886E+000  0.114733111033179E+000  0.845768098472064E+000  0.100050033358353E-002 -0.909013834297463E+001 -0.909013834297463E+001 -0.100000000000000E+031
  0.195144867472719E+000  0.427812028579738E-001  0.128534608180988E+001  0.100050033358353E-002 -0.874071920460240E+001 -0.874071920460240E+001 -0.100000000000000E+031
  0.494847906332364E+000  0.438951189160475E-002  0.113883426624777E+001  0.100050033358353E-002 -0.807180279166415E+001 -0.807180279166415E+001 -0.100000000000000E+031
  0.981432311892713E+000  0.462351740625326E-001  0.251373493205279E+000  0.100050033358353E-002 -0.850809418500038E+001 -0.850809418500038E+001 -0.100000000000000E+031
  0.481533041189675E+000  0.859893561549551E-001  0.114859562252478E+001  0.100050033358353E-002 -0.901891095308286E+001 -0.901891095308286E+001 -0.100000000000000E+031
  0.435980259633783E+000  0.590996622193707E-001  0.117943043560627E+001  0.100050033358353E-002 -0.868255330808592E+001 -0.868255330808592E+001 -0.100000000000000E+031
  0.258107001378828E+000  0.376548112320619E-001  0.126613603599625E+001  0.100050033358353E-002 -0.863579774532967E+001 -0.863579774532967E+001 -0.100000000000000E+031
  0.753948513778157E-001  0.208276320856585E-001  0.130681187985171E+001  0.100050033358353E-002 -0.856855846623569E+001 -0.856855846623569E+001 -0.100000000000000E+031
  0.370664921282086E+000  0.428312382213357E-001  0.121718772135302E+001  0.100050033358353E-002 -0.857286525669138E+001 -0.857286525669138E+001 -0.100000000000000E+031
  0.996059433811002E+000  0.302739449330109E-001  0.116229666394834E+000  0.100050033358353E-002 -0.861745294055529E+001 -0.861745294055529E+001 -0.100000000000000E+031
  0.954979336206832E+000  0.540436702643520E-001  0.388801539934903E+000  0.100050033358353E-002 -0.827613634868015E+001 -0.827613634868015E+001 -0.100000000000000E+031
  0.594383298020665E+000  0.309648224567260E-001  0.105391412849385E+001  0.100050033358353E-002 -0.809867316755965E+001 -0.809867316755965E+001 -0.100000000000000E+031
  0.223409537008507E+000  0.288370277839478E-001  0.127741761609606E+001  0.100050033358353E-002 -0.857640773218097E+001 -0.857640773218097E+001 -0.100000000000000E+031
  0.307199868968706E+000  0.833147223804496E-001  0.124717076533220E+001  0.100050033358353E-002 -0.921230477854738E+001 -0.921230477854738E+001 -0.100000000000000E+031
  0.590026973652680E+000  0.783275110695958E-001  0.105811003091867E+001  0.100050033358353E-002 -0.870158069156251E+001 -0.870158069156251E+001 -0.100000000000000E+031
  0.356880711266338E+000  0.583081074149471E-001  0.122424276400380E+001  0.100050033358353E-002 -0.877838800325667E+001 -0.877838800325667E+001 -0.100000000000000E+031
  0.950102132664727E+000  0.417972955534871E-001  0.408809156284957E+000  0.100050033358353E-002 -0.804797955128055E+001 -0.804797955128055E+001 -0.100000000000000E+031
  0.666829959538832E+000  0.160909582028933E-001  0.976628881561923E+000  0.100050033358353E-002 -0.783658610439219E+001 -0.783658610439219E+001 -0.100000000000000E+031
  0.118944977572786E+000  0.891122651738274E-002  0.130123826205141E+001  0.100050033358353E-002 -0.854535689007168E+001 -0.854535689007168E+001 -0.100000000000000E+031
  0.705663867311118E+000  0.845250653508319E-001  0.928580283564964E+000  0.100050033358353E-002 -0.859075489659006E+001 -0.859075489659006E+001 -0.100000000000000E+031
  0.285418340715651E+000  0.783703628918399E-001  0.125602742570447E+001  0.100050033358353E-002 -0.915498742944954E+001 -0.915498742944954E+001 -0.100000000000000E+031
  0.655916158021966E+000  0.414915456692485E-001  0.989241335436614E+000  0.100050033358353E-002 -0.808556115419342E+001 -0.808556115419342E+001 -0.100000000000000E+031
  0.950153776416351E+000  0.583600049124818E-001  0.408602955319449E+000  0.100050033358353E-002 -0.830341477923322E+001 -0.830341477923322E+001 -0.100000000000000E+031
  0.437720389598055E+000  0.218630953895267E-001  0.117832292509007E+001  0.100050033358353E-002 -0.828207845515536E+001 -0.828207845515536E+001 -0.100000000000000E+031
  0.547739331647795E+000  0.570600462981209E-001  0.109646371278456E+001  0.100050033358353E-002 -0.847328008423813E+001 -0.847328008423813E+001 -0.100000000000000E+031
  0.733978709826545E+000  0.921929981780367E-002  0.890084056359331E+000  0.100050033358353E-002 -0.765729984792684E+001 -0.765729984792684E+001 -0.100000000000000E+031
  0.485103994197715E+000  0.565364367715694E-001  0.114601192877520E+001  0.100050033358353E-002 -0.857312465350729E+001 -0.857312465350729E+001 -0.100000000000000E+031
  0.580358269716551E+000  0.717575001244354E-001  0.106725464806805E+001  0.100050033358353E-002 -0.861746727893218E+001 -0.861746727893218E+001 -0.100000000000000E+031
  0.787804535379722E+000  0.736094347037626E-001  0.807196015849735E+000  0.100050033358353E-002 -0.828510635454563E+001 -0.828510635454563E+001 -0.100000000000000E+031
  0.809222140421908E+000  0.362173705123953E-001  0.769947080512317E+000  0.100050033358353E-002 -0.776039526360582E+001 -0.776039526360582E+001 -0.100000000000000E+031
  0.477267918084670E+000  0.104428520870337E-001  0.115164905193375E+001  0.100050033358353E-002 -0.814043018790783E+001 -0.814043018790783E+001 -0.100000000000000E+031
  0.818891675458854E+000  0.191837835860775E-001  0.752183093576669E+000  0.100050033358353E-002 -0.758717038990449E+001 -0.758717038990449E+001 -0.100000000000000E+031
  0.944440820245083E+000  0.663012273985022E-001  0.430750927543272E+000  0.100050033358353E-002 -0.839317110165045E+001 -0.839317110165045E+001 -0.100000000000000E+031
  0.836986767756622E+000  0.899936755445234E-001  0.717158891157146E+000  0.100050033358353E-002 -0.853774894485800E+001 -0.853774894485800E+001 -0.100000000000000E+031
  0.180057742652841E+000  0.472448257930114E-001  0.128912255682636E+001  0.100050033358353E-002 -0.880123941491013E+001 -0.880123941491013E+001 -0.100000000000000E+031
  0.242416876237458E+000  0.747720858808145E-001  0.127145138862805E+001  0.100050033358353E-002 -0.913266462747841E+001 -0.913266462747841E+001 -0.100000000000000E+031
  0.546167473092835E+000  0.818270814624149E-001  0.109780958849562E+001  0.100050033358353E-002 -0.883716725839997E+001 -0.883716725839997E+001 -0.100000000000000E+031
  0.242975015913119E+000  0.355294084967317E-002  0.127126839380700E+001  0.100050033358353E-002 -0.836667231558647E+001 -0.836667231558647E+001 -0.100000000000000E+031
  0.810158607732589E+000  0.375009957223693E-001  0.768253794084591E+000  0.100050033358353E-002 -0.777303873975307E+001 -0.777303873975307E+001 -0.100000000000000E+031
  0.428823208870093E+000  0.370187144677999E-001  0.118392847988454E+001  0.100050033358353E-002 -0.843347994853495E+001 -0.843347994853495E+001 -0.100000000000000E+031
  0.882693550648788E+000  0.910944451781571E-001  0.615887948429992E+000  0.100050033358353E-002 -0.859631450816502E+001 -0.859631450816502E+001 -0.100000000000000E+031
  0.619320611066189E+000  0.701075529931134E-001  0.102895657656326E+001  0.100050033358353E-002 -0.852150131564967E+001 -0.852150131564967E+001 -0.100000000000000E+031
  0.726976927445141E+000  0.801156257334392E-001  0.899899242621163E+000  0.100050033358353E-002 -0.847951797497340E+001 -0.847951797497340E+001 -0.100000000000000E+031
  0.350079182207843E+000  0.414895593452203E-002  0.122761104759322E+001  0.100050033358353E-002 -0.826979558257896E+001 -0.826979558257896E+001 -0.100000000000000E+031
  0.202266160413581E+000  0.691721423779860E-001  0.128345386729752E+001  0.100050033358353E-002 -0.907900364301789E+001 -0.907900364301789E+001 -0.100000000000000E+031
  0.785742436384153E+000  0.546345834280986E-001  0.810640755527580E+000  0.100050033358353E-002 -0.801081330098845E+001 -0.801081330098845E+001 -0.100000000000000E+031
  0.105387012487736E+000  0.725580237354667E-001  0.130324396313766E+001  0.100050033358353E-002 -0.919485035072221E+001 -0.919485035072221E+001 -0.100000000000000E+031
  0.690306973799103E+000  0.107515117648773E+000  0.948198902366062E+000  0.100050033358353E-002 -0.904446016463474E+001 -0.904446016463474E+001 -0.100000000000000E+031
  0.278616503206580E+000  0.153370971554737E-001  0.125864773273692E+001  0.100050033358353E-002 -0.841620483547264E+001 -0.841620483547264E+001 -0.100000000000000E+031
  0.825051290778616E+000  0.795099829969286E-001  0.740532037592857E+000  0.100050033358353E-002 -0.835115871563034E+001 -0.835115871563034E+001 -0.100000000000000E+031
  0.281748037524997E+000  0.354782517645551E-001  0.125744988332937E+001  0.100050033358353E-002 -0.859247626530749E+001 -0.859247626530749E+001 -0.100000000000000E+031
  0.896537928236678E+000  0.593563865203679E-001  0.580526828741595E+000  0.100050033358353E-002 -0.806518493752239E+001 -0.806518493752239E+001 -0.100000000000000E+031
  0.714243434677412E+000  0.830680130386271E-001  0.917244887359662E+000  0.100050033358353E-002 -0.854990170501377E+001 -0.854990170501377E+001 -0.100000000000000E+031
  0.389505271158432E-001  0.551974359277358E-001  0.130954748247095E+001  0.100050033358353E-002 -0.895293931190380E+001 -0.895293931190380E+001 -0.100000000000000E+031
  0.229097614407938E+000  0.163829669901024E-001  0.127568610861332E+001  0.100050033358353E-002 -0.846494032765312E+001 -0.846494032765312E+001 -0.100000000000000E+031
  0.949836913977594E+000  0.159070953722266E-001  0.409866299693354E+000  0.100050033358353E-002 -0.773172218373382E+001 -0.773172218373382E+001 -0.100000000000000E+031
  0.685335372061577E+000  0.139610603107283E-001  0.954372846720478E+000  0.100050033358353E-002 -0.778482563498692E+001 -0.778482563498692E+001 -0.100000000000000E+031
  0.923545036773706E+000  0.364294327536709E-001  0.502579725865119E+000  0.100050033358353E-002 -0.782483154321928E+001 -0.782483154321928E+001 -0.100000000000000E+031
  0.353620551472106E+000  0.210898290853071E-001  0.122586651777651E+001  0.100050033358353E-002 -0.838471325796808E+001 -0.838471325796808E+001 -0.100000000000000E+031
  0.917516773200231E+000  0.570993972310482E-001  0.521198732311207E+000  0.100050033358353E-002 -0.809160168979809E+001 -0.809160168979809E+001 -0.100000000000000E+031
  0.330949836539283E+000  0.251241612880554E-001  0.123669079398700E+001  0.100050033358353E-002 -0.844396131837548E+001 -0.844396131837548E+001 -0.100000000000000E+031
  0.970485731055180E+000  0.705339084033346E-001  0.316048407293400E+000  0.100050033358353E-002 -0.875453867794549E+001 -0.875453867794549E+001 -0.100000000000000E+031
  0.746501722293601E+000  0.893039092985148E-002  0.872012999753975E+000  0.100050033358353E-002 -0.763134390173707E+001 -0.763134390173707E+001 -0.100000000000000E+031
  0.659031103154119E+000  0.976478834339800E-001  0.985679195316695E+000  0.100050033358353E-002 -0.890835562712495E+001 -0.890835562712495E+001 -0.100000000000000E+031
  0.154741474779198E+000  0.288309655596464E-001  0.129475651760269E+001  0.100050033358353E-002 -0.861945979893485E+001 -0.861945979893485E+001 -0.100000000000000E+031
  0.881721936750201E+000  0.502539977722639E-001  0.618273695626402E+000  0.100050033358353E-002 -0.791006536696158E+001 -0.791006536696158E+001 -0.100000000000000E+031
  0.902237968945715E+000  0.904971711917497E-001  0.565156171601178E+000  0.100050033358353E-002 -0.863377041201038E+001 -0.863377041201038E+001 -0.100000000000000E+031
  0.789384021725588E+000  0.797538739549186E-002  0.804541366878402E+000  0.100050033358353E-002 -0.754806241530701E+001 -0.754806241530701E+001 -0.100000000000000E+031
  0.809993853682012E+000  0.726043917989573E-001  0.768552108920972E+000  0.100050033358353E-002 -0.824610473954542E+001 -0.824610473954542E+001 -0.100000000000000E+031
  0.485150724841628E+000  0.960129326973391E-001  0.114597795242530E+001  0.100050033358353E-002 -0.918897990897291E+001 -0.918897990897291E+001 -0.100000000000000E+031
  0.432617514580687E+000  0.359506000812193E-001  0.118155525092065E+001  0.100050033358353E-002 -0.841706533405042E+001 -0.841706533405042E+001 -0.100000000000000E+031
  0.897439006116549E-001  0.354953342240005E-001  0.130525379925780E+001  0.100050033358353E-002 -0.871280287019272E+001 -0.871280287019272E+001 -0.100000000000000E+031
  0.266755843392403E+000  0.757930579918421E-001  0.126305338524058E+001  0.100050033358353E-002 -0.912781208533552E+001 -0.912781208533552E+001 -0.100000000000000E+031
  0.608747087025241E+000  0.613785214484359E-001  0.103973729552493E+001  0.100050033358353E-002 -0.841707884507132E+001 -0.841707884507132E+001 -0.100000000000000E+031
  0.675035164860808E+000  0.968877210708641E-001  0.966898957739774E+000  0.100050033358353E-002 -0.886529317716097E+001 -0.886529317716097E+001 -0.100000000000000E+031
  0.800294405930758E+000  0.581596374119875E-001  0.785810495102532E+000  0.100050033358353E-002 -0.803973305494081E+001 -0.803973305494081E+001 -0.100000000000000E+031
  0.701968990003862E-001  0.219878559867434E-001  0.130730909605054E+001  0.100050033358353E-002 -0.858627890554927E+001 -0.858627890554927E+001 -0.100000000000000E+031
  0.722920094014861E+000  0.898152585135357E-001  0.905494939529006E+000  0.100050033358353E-002 -0.865299075824356E+001 -0.865299075824356E+001 -0.100000000000000E+031
  0.239731661526312E+000  0.719944613975753E-001  0.127232553213593E+001  0.100050033358353E-002 -0.909691237476821E+001 -0.909691237476821E+001 -0.100000000000000E+031
  0.589909771847482E+000  0.169161889842249E-001  0.105822226145949E+001  0.100050033358353E-002 -0.799146131095504E+001 -0.799146131095504E+001 -0.100000000000000E+031
  0.467619818787075E+000  0.639090383939230E-001  0.115842698988118E+001  0.100050033358353E-002 -0.870030303851902E+001 -0.870030303851902E+001 -0.100000000000000E+031
  0.659510523930298E+000  0.530548438051280E-001  0.985128300891107E+000  0.100050033358353E-002 -0.821284632975020E+001 -0.821284632975020E+001 -0.100000000000000E+031
  0.700024886473226E+000  0.935575631876557E-001  0.935882219578187E+000  0.100050033358353E-002 -0.875949464265896E+001 -0.875949464265896E+001 -0.100000000000000E+031
  0.638274832929116E+000  0.539741730719469E-001  0.100886646567211E+001  0.100050033358353E-002 -0.826456400464114E+001 -0.826456400464114E+001 -0.100000000000000E+031
  0.826772465291657E+000  0.136717730282735E-001  0.737227682762315E+000  0.100050033358353E-002 -0.753438408657849E+001 -0.753438408657849E+001 -0.100000000000000E+031
  0.343179003594671E+000  0.246786484747649E-001  0.123095281126311E+001  0.100050033358353E-002 -0.842676021147112E+001 -0.842676021147112E+001 -0.100000000000000E+031
  0.737004380334811E+000  0.139334209274871E-001  0.885779567497351E+000  0.100050033358353E-002 -0.768283048895569E+001 -0.768283048895569E+001 -0.100000000000000E+031
  0.941123049887468E+000  0.867367078901750E-001  0.443047335992413E+000  0.100050033358353E-002 -0.876053915090529E+001 -0.876053915090529E+001 -0.100000000000000E+031
  0.896448816320865E+000  0.933112094324657E-001  0.580763134374606E+000  0.100050033358353E-002 -0.867318594486010E+001 -0.867318594486010E+001 -0.100000000000000E+031
  0.384891377930521E+000  0.821035710778650E-001  0.120958030477487E+001  0.100050033358353E-002 -0.909572590119301E+001 -0.909572590119301E+001 -0.100000000000000E+031
  0.949705924398895E+000  0.211691429184949E-001  0.410387301919432E+000  0.100050033358353E-002 -0.778631775322675E+001 -0.778631775322675E+001 -0.100000000000000E+031
  0.359013550857328E+000  0.324051748324238E-001  0.122317124094379E+001  0.100050033358353E-002 -0.847921602254842E+001 -0.847921602254842E+001 -0.100000000000000E+031
  0.867992489828293E-001  0.583551284390963E-001  0.130559578250238E+001  0.100050033358353E-002 -0.898267194165194E+001 -0.898267194165194E+001 -0.100000000000000E+031
  0.522102060062633E+000  0.394521219598194E-001  0.111773901347561E+001  0.100050033358353E-002 -0.831211880910701E+001 -0.831211880910701E+001 -0.100000000000000E+031
  0.848305966556102E+000  0.155333960246432E-001  0.693940326305417E+000  0.100050033358353E-002 -0.752919407464047E+001 -0.752919407464047E+001 -0.100000000000000E+031
  0.278177196470673E+000  0.731010763612319E-001  0.125881461150267E+001  0.100050033358353E-002 -0.907563467687714E+001 -0.907563467687714E+001 -0.100000000000000E+031
  0.876763646831283E+000  0.144373653257713E-001  0.630267849568362E+000  0.100050033358353E-002 -0.751334849074164E+001 -0.751334849074164E+001 -0.100000000000000E+031
  0.782762656464914E+000  0.103850574421138E+000  0.815576962047130E+000  0.100050033358353E-002 -0.883943203966008E+001 -0.883943203966008E+001 -0.100000000000000E+031
  0.449613117295204E+000  0.167282622856729E-001  0.117060678287905E+001  0.100050033358353E-002 -0.822499892566580E+001 -0.822499892566580E+001 -0.100000000000000E+031
  0.588140017048857E+000  0.679424199121213E-001  0.105991279963608E+001  0.100050033358353E-002 -0.854746459599193E+001 -0.854746459599193E+001 -0.921938882245509E+001
